RNAME	POS	Gen	Aligned
chrXI	1311	70	CACAAAAACTATCGCAACCCAGAAATTTTGATATTTTCAGTGTCAAAAAATGAGGGTCTCTAAATGAGAGTTTGATACCATGACTCCGTAACTCGCACTGCCCTGATCTGCAATCTTGTTCTTAGAAGTGACGCATATTCTATACGGCCCG
chrXI	1311	2640	CACAAAAACTATCGCAACCCAGAAATTTTGATATTTTCAGTGTCAAAAAATGAGGGTCTCTAAATGAGAGTTTGTTACCATGACTCCGTAACTCGCACTGCCCTGATCTGCAATCTTGTTCTTAGAAGTGACGCATATACTATACGGCCCG
chrXI	1312	7530	ACAAAAACTATCGCAACCCAGAAATTTTGATATTTTCAGTGTCAAAAAATGAGGGTCTCTAAATGAGAGTTTGATACCATGACTCCGTAACTCGCACTGCCCTGAGCTGCAATCTTGTTCTTAGAAGTGACGCATATTCTATACGGCCCGA
chrXI	1314	5150	AAAAACTATCGCAACCCAGAAATTTTGATATTTTCAGTGTCAAAAAATGAGGGTCTCTAAATGAGAGTTTGATACCATGACTCCGTAACTCGCACTGCCCTGATCTGCAATCTTGTTCTTAGAAGTGACGCATATTCTATACGGCCCGACG
chrXI	1315	5150	AAAACTATCGCAACCCAGAAATTTTGATATTTTCAGTGTCAAAAAATGAGGGTCTCTAAATGAGAGTTTGATACCATGACTCCGTAACTCGCACTGCCCTGATCTGCAATCTTGTTCTTAGAAGTGACGCATATTCTATACGGCCCGACGC
chrXI	1317	10150	AACTATCGCAACCCAGAAATTTTGATATTTTCAGTGTCAAAAAATGAGGGTCTCTAAATGAGAGTTTGATACCATGACTCCGTAACTCGCACTGCCCTGATCTGCAATCTTGTTCTTAGAAGTGACGCATATTCTATACGGCCCGACGCG
chrXI	1317	70	AACTATCGCAACCCAGAAATTTTGATATATTCAGTGTCAAAAAATGAGGGTCTCTAAATGAGAGTTTGATACCATGACTCCGTAACTCGCACTGCCCTGATCTGCAATCTTGTTCTTAGAAGTGACGCATATTCTATACGGCCCGACGCGA
chrXI	1319	70	CTATCGCAACCCAGAAATTTTGATATTTTCAGTGTCAAAAAATGAGGGTCTCTAAATGAGAGTTTGATACCATGACTCCGTAACTCGCACTGCCCTGATCTGCAATCTTGTTCTTAGAAGTGACGCATATTCTATACGGCCCGACGCGACG
chrXI	1319	70	CTATCGCAACCCAGAAATTTTGATATTTTCAGTGTCAAAAAATGAGGGTCTCTAAATGAGAGTTTGATACCATGACTCCGTAACTCGCACTGCCCTGATCTGCAATCTTGTTCTTAGAAGTGACGCATATTCTATACGGCCCGACGCGACG
chrXI	1322	2640	TCGCAACCCAGAAATTTTGATATTTTCAGTGTCAAAAAATGAGGGTCTCTAAATGAGAGTTTGATACCATGACTCCGTAACTCGCACTGCCCTGATCTGCAATCTTGTTCTTAGAAGTGACGCATATTCTATACGGCCCGACGCGACGCG
chrXI	1323	2640	CGCAACCCAGAAATTTTGATATATTCAGTGTCAAAAAATGAGGGTCTCTAAATGAGAGTTTGATACCATGACTCCGTAACTCGCACTGCCCTGATCTGCAATCTTGTTCTTAGAAGTGACGCATATTCTATACGGCCCGACGCGACGCGCC
chrXI	1327	2640	ACCCAGAAATTTTGATATTTTCAGTGTCAAAAAATGAGGGTCTCTAAATGCGAGTTTGTTACCATGACTCCGTACATCGCACTGCCCTGATGTGCAATCTTGTTCTTAGTAGAGACGCATATTCTATTCGGCCCGACGCGACGCTCCAAAA
chrXI	1327	5150	ACCCAGAAATTTTGATATTTTCAGTGTCAAAAAATGAGGGTCTCTAAATGAGAGTTTGATACCATGACTCCGTAACTCGCACTGCCCTGATCTGCAATCTTGTTCTTAGAAGTGACGCATATTCTATACGGCCCGACGCGACGCGCCAAA
chrXI	1328	7530	CCCAGAAATTTTGATATTTTCAGTGTCAAAAAATGAGGGTCTCTAAATGAGAGTTTGATACCATGACTCCGTAACTCGCACTGCCCTGATCTGCAATCTTGTTCTTAGAAGTGACGCATATTCTATACGGCCCGACGCGACGCGCCAAAAA
chrXI	1329	5150	CCAGAAATTTTGATATTTTCAGTGTCAAAAAATGAGGGTCTCTAAATGAGAGTTTGATACCATGACTCCGTAACTCGCACTGCCCTGATCTGCAATCTTGTTCTTAGAAGTGACGCATATTCTATACGGCCCGACGCGACGCGCCAAAAA
chrXI	1339	2640	TGATATTTTCAGTGTCAAAAAATGAGGGTCTCTAAATGAGAGTTTGATACCATGACTCCGTAACTCGCACTGCCCTGATCTGCAATCTTGTTCTTAGAAGTGACGCA-ATTCTATACGGCCCGACGCGACGCGCCAAAAAATGAAAAAAGAA
chrXI	1342	2640	TATTTTCAGTGTCAAAAAATGAGGGTCTCTAAATGAGAGTTTGATACCATGACTCCGTAACTCGCACTGCCCTGATCTGCAATCTTGTTCTTAGAAGTGACGCATATTCTATACGGCCCGACGCGACGCGCCAAAAAATGAAAAAAGAAGC
chrXI	1351	70	TGTCAAAAAATGAGGGTCTCTAAATGAGAGTTTGATACCATGACTCCGTAACTCGCACTGCCCTGATCTGCAATCTTGTTCTTAGAAGTGACGCATATTCTATACGGCCCGACGCGACGCGCCAAAAAATGAAAAAAGAAGCAGCGACTCA
chrXI	1352	7530	GTCAAAAAATGAGGGTCTCTAAATGAGAGTTTGATACCATGACTCCGTAACTCGCACTGCCCTGATCTGCAATCTTGTTCTTAGAAGTGACGCATATTCTATACGGCCCGACGCGACGCGCCAAAAAATGAAAAAAGAAGCAGCGACTCAT
chrXI	1352	70	GTCAAAAATTGAGGGTCTCTAAATGAGAGTTTGATACCATGACTCCGTAACTCGCACTGCCCTGATCTGCAATCTTGTTCTTAGAAGTGACGCATATTCTATACGGCCCGACGCGACGCGCCAAAAATTGAAAAAAGAAGCAGCGACTCAT
chrXI	1354	5150	CAAAAAATGAGGGTCTCTAAATGAGAGTTTGATACCATGACTCCGTAACTCGCACTGCCCTGATCTGCAATCTTGTTCTTAGAAGTGACGCATATTCTATACGGCCCGACGCGACGCGCCAAAAAATGAAAAAAGAAGCAGCGACTCATTT
chrXI	1356	70	AAAAATGAGGGTCTCTAAATGAGAGTTTGATACCATGACTCCGTAACTCGCACTGCCCTGATCTGCAATCTTGTTCTTAGAAGTGACGCATATTCTATACGGCCCGACGCGACGCGCCAAAAAATGAACAAAGAAGCAGCGACTCATTTTT
chrXI	1358	70	AAATGAGGGTCTCTAAATGAGAGTTTGATACCATGACTCCGTAACTCGCACTGCCCTGATCTGCAATCTTGTTCTTAGAAGTGACGCATATTCTATACGGCCCGACGCGACGCGCCAAAAAATGAAAAAAGAAGCAGCGACTCATTTGTAT
chrXI	1358	1410	AAATGAGGGTCTCTAAATGAGAGTTTGATACCATGACTCCGTAACTCGCACTGCCCTGATCTGCAATCTTGTTCTTAGAAGTGACGCATATTCTATACGGCCCGACGCGACGCGCCAAAAAATGAAAAAAGAAGCAGCGACTCATTTTTAT
chrXI	1358	2640	AAATGAGGGTCTCTAAATGAGAGTTTGATACCATGACTCCGTAACTCGCACTGCCCTGATCTGCAATCTTGTTCTTAGAAGTGACGCATATTCTATACGGCCCGACGCGACGCGCCAAAAAATGAAAAAAGAAGCAGCGACTCATTTTTAT
chrXI	1358	2640	AAATGAGGGTCTCTAAATGAGAGTTTGATACCATGACTCCGTAACTCGCACTGCCCTGATCTGCAATCTTGTTCTTAGAAGTGACGCATATTCTATACGGCCCGACGCGACGCGCCAAAAAATGAAAAAAGAAGCAGCGACTCATTTTTAT
chrXI	1359	10150	AATGAGGGTCTCTAAATGAGAGTTTGATACCATGACTCCGTAACTCGCACTGCCCTTATCTGCAATCTTGTTCTTAGAAGTGACGCATATTCTATACGGCCCGACGCGACGCGCCAAAAAATGAAAAAAGAAGCAGCGACTCATTTTTATG
chrXI	1360	1410	ATGAGGGTCTCTAAATGAGAGTTTGATACCATGACTCCGTAACTCGCACTGCCCTGATCTGCAATCTTGTTCTTAGAAGTGACGCATATTCTATACGGCCCGACGCGACGCGCCAAAAAATGAAAAAAGAAGCAGCGACTCATTTTTATGG
chrXI	1360	70	ATGAGGGTCTCTAAATGAGAGTTTGATACCATGACTCCGTAACTCGCACTGCCCTGATCTGCAATCTTGTTCTTAGAAGTGACGCATATTCTATACGGCCCGACGCGACGCGCCAAAAAATGAAAAAAGAAGCAGCGACTCATTTTTATGG
chrXI	1368	2640	CTCTAAATGAGAGTTTGATACCATGACTCCGTAACTCGCACTGCCCTGATCTGCAATCTTGTTCTTAGAAGTGACGCATATTCTATACGGCCCGACGCGACGCGCCAAAAAATGAAAAAAGAAGCAGCGACTCATTTTTATGGAAGGACAA
chrXI	1368	7530	CTCTAAATGAGAGTTTGATACCATGACTCCGTAACTCGCACTGCCCTGATCTGCAATCTTGTTCTTAGAAGTGACGCATATTCTATACGGCCCGACGCGACGCGCCAAAAAATGAAAAGTGAAGCAGAGACTCATTTTGATGGAAGGACCA
chrXI	1368	7530	CTCTAAATGAGAGTTTGATACCATGACTCCGTAACTCGCACTGCCCTGATCTGCAATCTTGTTCTTAGAAGTGACGCATATTCTATACGGCCCGACGCGACGCGCCAAAAAATGAAAAAAGAAGCAGCGACTCATTTTTATGGACGGACAA
chrXI	1368	5150	CTCTAAATGAGAGTTTGATACCATGACTCCGTAACTCGCACTGCCCTGATCTGCAATCTTGTTCTTAGAAGTGACGCATATTCTATACGGCCCGACGCGACGCGCCAAAAAATGAAAAAAGAAGCAGCGACTCATTTTTATGGAAGGACA
chrXI	1368	70	CTCTAAATGAGAGTTTGATACCATGACTCCGTAACTCGCACTGCCCTGATCTGCAATCTTGTTCTTAGAAGTGACGCATATTCTATACGGCCCGACGCGACGCGCCAAAAAATGAAAAAAGAAGCAGCGACTCATTTTTATGGAAGGACAA
chrXI	1368	2640	CTCTAAATGAGAGTTTGATACCATGACTCCGTAACTCGCACTGCCCTGATCTGCAATCTTGTTCTTAGAAGTGACGCATATTCTATACGGCCCGACGCGACGCGCCAAAAAATGAAAAAAGAAGCAGCGACTCATTTTTATGGAAGGACAA
chrXI	1370	70	CTAAATGAGAGTTTGATACCATGACTCCGTAACTCGCACTGCCCTGATCTGCAATCTTGTTCTTAGAAGTGACGCATATTCTATACGGCCCGACGCGACGCGCCAAAAAATGAAAAAAGAAGCAGCGACTCATTTTTATGGAAGGACAAAG
chrXI	1370	7530	CTAAATGAGAGTTTGATACCATGACTCCGTAACTCGCACTGCCCTGATCTGCAATCTTGTTCTTAGAAGTGACGCATATTCTATACGGCCCGACGCGACGCGCCAAAAAATGAAAAAAGAAGCAGCGACTCATTTTTATGGAAGGACAAAG
chrXI	1370	2640	CTAAATGAGAGTTTGATACCATGACTCCGTAACTCGCACTGCCCTGATCTGCAATCTTGTTCTTAGAAGTGACGCATATTCTATACGGCCCGACGCGACGCGCCAAAAAATGAAAAAAGAAGCAGCGACTCATTTTTATGGACGGACAAAG
chrXI	1370	2640	CTAAATGAGAGTTTGATACCATGACTCCGTAACTCGCACTGCCCTGATCTGCAATCTTGTTCTTAGAAGTGACGCATATTCTATACGGCCCGACGCGACGCGCCAAAAAATGAAAAAAGAAGCAGCGACTCATTTTTATGGAAGGACAAAG
chrXI	1370	2640	CTAAATGAGAGTTTGATACCATGACTCCGTAACTCGCACTGCCCTGATCTGCAATCTTGTTCTTAGAAGTGACGCATATTCTATACGGCCCGACGCGACGCGCCAAAAAATGAAAAAAGAAGCAGCGACTCATTTTTATGGAAGGACAAAG
chrXI	1370	7530	CTAAATGAGAGTTTGATACCATGACTCCGTAACTCGCACTGCCCTGATCTGCAATCTTGTTCTTAGAAGTGACGCATATTCTATACGGCCCGACGCGACGCGCCAAAAAATGAAAAAAGAAGCAGCGACTCATTTTTGTGGAAGGACAAAG
chrXI	1370	7530	CTAAATGAGAGTTTGATACCATGACTCCGTAACTCGCACTGCCCTGATCTGCAATCTTGTTCTTAGAAGTGACGCATATTCTATACGGCCCGACGCGACGCGCCAAAAAATGAAAAAAGAAGCAGCGACTCATTTTTATGGAAGGACAAAG
chrXI	1370	2640	CTAAATGAGAGTTTGATACCATGACTCCGTAACTCGCACTGCCCTGATCTGCAATCTTGTTCTTAGAAGTGACGCATATTCTATACGGCCCGACGCGACGCGCCAAAAAATGAAAAAAGAAGCAGCGACTCATTTTTATGGAAGGACAAAG
chrXI	1370	2640	CTAAATGAGAGTTTGATACCATGACTCCGTAACTCGCACTGCCCTGATCTGCAATCTTGTTCTTAGAAGTGACGCATATTCTATACGGCCCGACGCGACGCGCCAAAAAATGAAAAAAGAAGCAGCGACTCATTTTTATGGAAGGACAAAG
chrXI	1371	7530	TAAATGAGAGTTTGATACCATGACTCCGTAACTCGCACTGCCCTGATCTGCAATCTTGTTCTTAGAAGTGACGCATATTCTATACGGCCCGACGCGACGCGCCAAAAAATGAAAAAAGAAGCAGCGACTCATTTTTATGGAAGGACAAAGT
chrXI	1371	2640	TAAATGAGAGTTTGATACCATGACTCCTTAACTCGCACGGCCCTGATCTGAAATCTTGTTCTTAGAAGTGACGCATATTCTATACGGCCCGACGCGACGCGCCAAAAAATGAAAAAAGAAGCAGCGACTCATTTTTATGGAAGGACAAAGT
chrXI	1371	2640	TAAATGAGAGTTTGATACCATGACTCCGTAACTCGCACTGCCCTGATCTGCAATCTTGTTCTTAGAAGTGACGCATATTCTATACGGCCCGACGCGACGCGCCAAAAAATGAAAAAAGAAGCAGCGACTCATTTTTATGGAAGGACAAAGT
chrXI	1372	1410	AAATGAGAGTTTGATACCATGACTCCGTAACTCGCACTGCCCTGATCTGCAATCTTGTTCTTAGAAGTGACGCATATTCTATACGGCCCGACGCGACGCGCCAAAAAATGAAAAAAGAAGCAGCGACTCATTTTTATGGAAGGACAAAGT
chrXI	1372	5150	AAATGAGAGTTTGATACCATGACTCCGTAACTCGCACTGCCCTGATCTGCAATCTTGTTCTTAGAAGTGACGCATATTCTATACGGCCCGACGCGACGCGCCAAAAAATGAAAAAAGAAGCAGCGACTCATTTTTATGGAAGGACAAAGT
chrXI	1372	5150	AAATGAGAGTTTGATACCATGACTCCGTAACTCGCACTGCCCTGATCTGCAATCTTGTTCTTAGAAGTGACGCATATTCTATACGGCCCGACGCGACGCGCCAAAAAATGAAAAAAGAAGCAGCGACTCATTTTTATGGAAGGACAAAG
chrXI	1372	70	AAATGAGAGTTTGATACCATGACTCCGTAACTCGCACTGCCCTGATCTGCAATCTTGTTCTTAGAAGTGACGCATATTCTATACGGCCCGACGCGACGCGCCAAAAAATGAAAAAAGAAGCAGCGACTCATTTTTATGGAAGGACAAAGTG
chrXI	1372	10150	AAATGAGAGTTTGATACCATGACACCGTAACTCGCACTGCCCTGATCTGCAATCTTGTTCTTAGAAGTGACGCATATTCTATACGGCCGGACGCGACGCGCCAAAAAATGAAAAAAGAAGCAGCGACTCATTTTTATGGAAGGACAAAGTG
chrXI	1372	2640	AAATGAGAGTTTGATACCATGACTCCGTAACTCGCACTGCCCTGATCTGCAATCTTGTTCTTAGAAGTGACGCATATTCTATACGGCCCGACGCGACGCGCCAAAAAATGAAAAAAGAAGCAGCGACTCATTTTTATGGAAGGACAAAGTG
chrXI	1373	10150	AATGAGAGTTTGATACCATGACTCCGTAACTCGCACTGCCCTGATCTGCAATCTTGTTCTTAGAAGTGACGCATATTCTATACGGCCCGACGCGACGCGCCAAAAAATGAAAAAAGAAGCAGCGACTCATTTTTATGGAAGGACAAAGTGC
chrXI	1373	1410	AATGAGAGTTTGATACCATGACTCCGTAACTCGCACTGCCCTGATCTGCAATCTTGTTCTTAGAAGTGACGCATATTCTATACGGCCCGACGCGACGCGCCAAAAAATGAAAAAAGAAGCAGCGACTCATTTTTATGGAAGGACAAAGTGC
chrXI	1378	5150	GAGTTTGATACCATGACTCCGTAACTCGCACTGCCCTGATCTGCAATCTTGTTCTTAGAAGTGACGCATATTCTATACGGCCCGACGCGACGCGCCAAAAAATGAAAAAAGAAGCAGCGACTCATTTTTATGGAAGGACAAAGTGCTGCGA
chrXI	1379	2640	AGTTTGATACCATGACTCCGTAACTCGCACTGCCCTGATCTGCAATCTTGTTCTTAGAAGTGACGCATATTCTATACGGCCCGACGCGACGCGCCAAAAAATGAAAAAAGAAGCAGCGACTCATTTTTATGGAAGGACAAAGTGCTGCGA
chrXI	1379	7530	AGTTTGATACCATGACTCCGTAACTCGCACTGCCCTGATCTGCAATCTTGTTCTTAGACGTGACGCATATTCTATACGGCCCGACGCGACGCGCCAAAAAATGAAAAAAGAAGCAGCGACTCATTTTTATGGAAGGACAAAGTGCTGCGA
chrXI	1379	70	AGTTTGATACCATGACTCCGTAACTCGCACTGCCCTGATCTGCAATCTTTTTCTTAGAAGTGCCGCATATTCTATACGGCCCGACGCGACGCGCCAAAAAATGAAAAAAGAAGCCGCGACTCATTTTTATGGAAGGACAAAGTGCTGCGA
chrXI	1379	7530	AGTTTGATACCAGGACTCCGTAACTCGCACTGCCCTGATCTGCAATCTTGTTCTTAGAAGTGACGCATATTCTATACGGCCCGACGCGACGCGCCAAAAAATGAAAAAAGAAGCAGCGACTCATTTTTATGGAAGGACAAAGTGCTGCGA
chrXI	1380	70	GTTTGATACCATGACTCCGTAACTCGCACTGCCCTGATCTGCAATCTTGTTCTTAGAAGTGACGCATATTCTATACGGCCCGACGCGACGCGCCAAAAAATGAAAAAAGAAGCAGCGACTCATTTTTATGGAAGGACAAAGTGCTGCGAAG
chrXI	1380	70	GTTTGATACCATGACTCCGTAACTCGCACTGCCCTGATCTGCAATCTTGTTCTTAGAAGTGACGCATATTCTATACGGCCCGACGCGACGCGCCAAAAAATGAAAAAAGAAGCAGCGACTCATTTTTATGGAAGGACAAAGTGCTGCGAAG
chrXI	1381	70	TTTGATACCATGACTCCGTAACTCGCACTGCCCTGATCTGCAATCTTGTACTTAGAAGTGCCGCATATTCTATACGGCCCGACGCGACGCGCCAAAAAATGAAAAAAGAAGCAGCGACTCATTTTTATGGAAGGACAAAGTGCTGCGA
chrXI	1382	2640	TTGATACCATGACTCCGTAACTCGCACTGCCCTGATCTGCAATCTTGTTCTTAGAAGTGACGCATATTCTATACGGCCCGACGCGACGCGCCAAAAATTGAAATAAGAAGCACAGTCTCATATGTATGGAAGGACAAAGTGCTGCGAAGT
chrXI	1382	70	TTGATACCATGACTCCGTAACTCGCACTGCCCTGATCTGCAATCTTGTTCTTAGAAGTGACGCATATTCTATACGGCCCGACGCGACGCGCCAAAAAATGAAAAAAGAAGCAGCGACTCATTTTTATGGAAGGACAAAGTGCTGCGAAGT
chrXI	1382	5150	TTGATACCATGACTCCGTAACTCGCACTGCCCTGATCTGCAATCTTGTTCTTAGAAGTGACGCATATTCTATACGGCCCGACGCGACGCGCCAAAAAATGAAAAAAGAAGCAGCGACTCATTTTTATGGAAGGACAAAGTGCTGCGAAGT
chrXI	1383	7530	TGATACCATGACTCCGTAACTCGCACTGCCCTGATCTGCAATCTTGTTCTTAGAAGTGACTCATATTCTATACGGCCCGACGCGACGCGCCAAAAAAGGAAAAAAGAAGCAGCGACTCATTTTTATGGAAGGACAAAGTGCTGCGATGTCA
chrXI	1383	10150	TGATACCATGACTCCGTAACTCGCACTGCCCTGATCTGCAATCTTGTTCTTAGAAGTGACGCATATTCTATACGGCCCGACGCGACGCGCCAAAAAATGAAAAAAGAAGCAGCGACTCATTTTTATGGAAGGACAAAGTGCTGCGAAGTC
chrXI	1384	70	GATACCATGACTCCGTAACTCGCACTGCCCTGATCTGCAATCTTGTTCTTAGAAGTGACGCATATTCTATACGGCCCGACGCGACGCGCCAAAAAATGAAAAAAGAAGCAGCGACTCATGTTTATGGACGGACCAAGTGCTGCGAAGTCAT
chrXI	1384	70	GATACCATGACTCCGTAACTCGCACTGCCCTGATCTGCAATCTTGTTCTTAGAAGTGACGCATATTCTATACGGCCCGACGCGACGCGCCAAAAAATGAAAAAAGAAGCAGCGACTCATTTTTATGGAAGGACAAAGTGCTGAGAAGTCAT
chrXI	1385	10150	ATACCATGACTCCGTAACTCGCACTGCCCTGATCTGCAATCTTGTTCTTAGAAGTGACGCATATTCTATACGGCCGGACGCGACGCGCCAAAAAATGAAAAAAGAAGCAGCGACTCATTTTTATGGAAGGACAAAGTGCTGCGAAGTCATA
chrXI	1385	2640	ATACCATGACTCCGTAACTCGCACTGCCCTGAT---CAATCTTGTTCTTAGAAGTGACGCATATTCTATACGGCCCGACGCGACGCGCCAAAAAATGAAAAAAGAAGCAGCGACTCATTTTTATGGAAGGACAAAGTGCTGCGAAGTCATACGC
chrXI	1386	2640	TACCATGACTCCGTAACTCGCACTGCCCTGATCTGCAATCTTGTTCTTAGAAGTGACGCATATTCTATACGGCCCGACGCGACGCGCCAAAAAATGAAAAAAGAAGCAGCGACTCATTTTTATGGAAGGACAAAGTGCTGCGAAGTCATA
chrXI	1386	2640	TACCATGACTCCGTAACTCGCACTGCCCTGATCTGCAATCTTGTTCTTAGAAGTGACGCATATTCTATACGGCCCGACGCGACGCGCCAAAAAATGAAAAAAGAAGCAGCGACTCATTTTTATGGAAGGACAAAGTGCTGCGAAGTCATA
chrXI	1386	2640	TACCATGACTCCGTAACTCGCACTGCCCTGATCTGCAATCTTGTTCTTAGAAGTGACGCATATTCTATACGGCCCGACGCGACGCGCCAAAAAATGAAAAAAGAAGCAGCGACTCATTTTTATGGAAGGACCAAGTGCTGCGAAGTCATA
chrXI	1386	7530	TACCATGACTCCGTAACTCGCACTGCCCTGATCTGCAATCTTGTTCTTAGAAGTGACGCATATTCTATACGGCCCGACGCGACGCGCCAAAAAATGAAAAAAGAAGCAGCGACTCATTTTTATGGAAGGACCAAGTGCTGCGAAGTCATA
chrXI	1386	10150	TACCATGACTCCGTAACTCGCACTGCCCTGATCTGCAATCTTGTTCTTAGAAGTGACGCATATTCTATACGGCCCGACGCGACGCGCCAAAAAATGAAAAAAGAAGCAGCGACTCATTTTTATGGAAGGACAAAGTGCTGCGAAGTCATAC
chrXI	1387	10150	ACCATGACTCCGTAAATCGCACTGCCCTGATCTGCAATCTTGTTCTTAGAAGTGACGCATATTCTATACGGCGGGACGCGACGCGCCAAAAAATGAAATAAGAAGGAGCGAGTCATTTTTATGGAAGGACAAAGTGCTGCGAAGTCATAC
chrXI	1387	1410	ACCATGACTCCGTAACTCGCACTGCCCTGATCTGCAATCTTGTTCTTAGAAGTGACGCATATTCTATACGGCCCGACGCGACGCGCCAAAAAATGAAAAAAGAAGCAGCGACTCATTTTTATGGAAGGACAAAGTGCTGCGAAGTCATACG
chrXI	1387	2640	ACCATGACTCCGTAACTCGCACTGCCCTGATCTGCAATCTTGTTCTTAGAAGTGACGCATATTCTATACGGCCCGACGCGACGCGCCAAAAAATGAAACAAGAAGCAGCGACTCATTTTTATGGAAGGACAAAGTGCTGCGAAGTCATACG
chrXI	1388	2640	CCATGACTCCGTAACTCGCACTGCCCTGATCTGCAATCTTGTTCTTAGAAGTGACGCATATTCTATACGGCCCGACGCGACGCGCCAACAAATGAAAAAAGAAGCAGCGACTCATTTTTATGGAAGGACAAAGTGCTGCGAAGTCATACGC
chrXI	1388	7530	CCATGACTCCGTAACTCGCACTGCCCTGATCTGCAATCTTGTTCTTAGAAGTGACGCATATTCTATACGGCCCGACGCGACGCGCCAAAAAATGAAAAAAGAAGCAGCGACTCATTTTTATGGAAGGACAAAGTGCTGCGAAGTCATACG
chrXI	1388	2640	CCATGACTCCGTAACTCGCACTGCCCTGATCTGCAATCTTGTTCTTAGAAGTGACGCATATTCTATACGGCCCGACGCGACGCGCCAAAAAATGAAAAAAGAAGCAGCGACTCATTTTTATGGAAGGACAAAGTGCTGCGAAGTCATACGC
chrXI	1388	7530	CCATGACTCCGTAACTCGCACTGCCCTGATCTGCAATCTTGTTCTTAGAAGTGACACATATTCTATACGGCCCGACGCGACGCGCCAAAAAATGAAAAAAGAAGCAGCGACTCATTTTTATGGAAGGACAAAGTTCTGCGAAGTCATACG
chrXI	1388	1410	CCATGACTCCGTAACTCGCACTGCCCTGATCTGCAATCTTGTTCTTAGAAGTGACGCATATTCTATACGGCCCGACGCGACGCGCCAAAAAATGAAAAAAGAAGCAGCGACTCATTTTTATGGAAGGACAAAGTGCTGCGAAGTCATACGC
chrXI	1388	2640	CCATGACTCCGTAACTCGCACTGCCCTGATCTGCAATCTTGTTCTTAGAAGTGACGCATATTCTATACGGCCCGACGCGACGCGCCAAAAAATGAAAAAAGAAGCAGCGACTCATTTTTATGGAAGGACAAAGTGCTGCGAAGTCATACGC
chrXI	1388	2640	CCATGACTCCGTAACTCGCACTGGCCTGATCTGCAATCTTGTTCTTAGAAGTGACGCATATTCTATACGGCCCGACGCGACGCGCCAAAAAATGAAAAAAGAAGCAGCGACTCATTTTTATGGAAGGACAAAGTGCTGCGAAGTCATACGC
chrXI	1388	2640	CCATGACTCCGTAACTCGCACTGCCCTGATCTGCAATCTTGTTCTTAGAAGTGACGCATATTCTATACGGCCCGACGCGACGCGCCAAAAAATGAAAAAAGAAGCAGCGACTCATTTTTATGGAAGGACAAAGTGCTGCGAAGTCATACGC
chrXI	1388	5150	CCATGACTCCGTAACTCGCACTGCCCTGATCTGCAATCTTGTTCTTAGAAGTGACGCATATTCTATACGGCCCGACGCGACGCGCCAAAAAATGAAAAAAGAAGCAGCGACTCATTTTTATGGAAGGACAAAGTGCTGCGAAGTCATACGC
chrXI	1394	70	CTCCGTAACTCGCACTGCCCTGATCTGCAATCTTGTTCTTAGAAGTGCCGCATATTCTATCCGGCCCGACGCGACGCGCCAAAAAATGAAAAAAGAAGCAGCGACTCAATTTTATGGAAGGACAAAGTGCTGCGAAGTCATACGCTTCCAA
chrXI	1394	10150	CTCCGTAACTCGCACTGCCCTGATCTGCAATCTTGTTCTTAGAAGTGACGCATATTCTATACGGCCCGACGCGACGCGCCAAAAAATGAAAAAAGAAGCAGCGACTCATTTTTATGGAAGGACAAAGTGCTGCGAAGTCATACGCTTCCA
chrXI	1394	2640	CTCCGTAACTCGCACTGCCCTGATCTGCAATCTTGTTCTTAGAAGTGACGCATATTCTATACGGCCCGACGCGACGCGCCAAAAAATGAAAAAAGAAGCAGCGACTCATTTTTATGGAAGGACAAAGTGCTGCGAAGTCATACGCTTCCAA
chrXI	1394	70	CTCCGTAACTCGCACGGCCCTGATCTGCAATCTTGTTCTTAGACGTGACGCATATTCTATACGGCCCGACGCGACGCGCCAAACAAAGAAAAAAGAAGCAGCGACTCCTTTTTATGGAAGGACAAAGTGCTGCGAAGACATACGCTTCCAA
chrXI	1396	5150	CCGTAACTCGCACTGCCCTGATCTGCAATCTTGTTCTTAGAAGTGACGCATATTCTATACGGCCCGACGCGACGCGCCAAAAAATGAAAAAAGAAGCAGCGACTCATTTTTATGGAAGGACAAAGTGCTGCGAAGTCATACGCTTCCAATT
chrXI	1396	2640	CCGTAACTCGCACTGCCCTGATCTGCAATCTTGTTCTTAGAAGTGACGCATATTCTATACGGCCCGACGCGACGCGCCAAAAAATGAAAAAAGAAGCAGCGACTCATTTTTATGGAAGGACAAAGTGCTGCGAAGTCATACGCTTCCAATT
chrXI	1396	7530	CCGTAACTCGCACTGCCCTGATCTGCAATCTTGTTCTTAGAAGTGACGCATATTCTATACGGCCCGACGCGACGCGCCAAAAAATGAAAAAAGAAGCAGCGACTCATTTTTATGGAAGGACAAAGTGCTGCGAAGTCATACGCTTCCAATT
chrXI	1396	2640	CCGTAACTCGCACTGCCCTGATCTGCAATCTTGTTCTTAGAAGTGACGCATATTCTATACGGCCCGACGCGACGCGCCAAAAAATGAAAAAAGAAGCAGCGACTCATTTTTATGGAAGGACAAAGTGCTGCGAAGTCATACGCTTCCAATT
chrXI	1397	2640	CGTAACTCGCACTGCCCTGATCTGCAATCTTGTTCTTAGAAGTGACGCATATTCTATACGGCCCGACGCGACGCGCCAAAAAATGAAAAAAGAAGCAGCGACTCATTTTTATGGAAGGACAAAGTGCTGCGAAGTCATACGCTTCCAATTT
chrXI	1398	1410	GTAGCTCGCACTGCCCTGATCTGCAATCTTGTTCCTAGAAGTGACGCATATTCTATACGGCCCGACGCGACGCGCCAAAAAATGAAAAAAGAAGCAGCGCCTCATTATTATGGAAGGACAAAGTGCTGCGAAGTCATACGTTTCCAATTTC
chrXI	1398	10150	GTAGCTCGCACTGCCCTGATCTTCAATCTTGTTCTTAGAAGTGACGCATATTCTATACGGCCCGACGCGACGCGCC(A)AAAAAATGAAAAAAGAAGCAGCGACTCATTTTTATGGAAGGACAAAGTGCTGCGAAGTCATACGCTTCCAATT
chrXI	1398	70	GTAACTCGCACTGCCCTGATCTGCAATCTTGTTCTTAGAAGTGACGCATATTCTATACGGCCCGACGCGACGCGCCAAAAAATGAAAAAAGAAGCAGCGACTCATTTTTATGGAAGGACAAAGTGCTGCGAAGTCATACGCTTCCAATTT
chrXI	1399	70	TAACTCGCACTGCCCTGATCTGCAATCGTGTTCTTAGAAGTGACGCATATTCTATACGGCCCGACGCGACGCGCCAAAAAATGAAAAAAGAAGCAGCGACTCATTTTTATGGAAGGACAAAGTGCTGCGAAGTCATACGCTTCCAATTTCA
chrXI	1400	2640	AGCTCGCACTGCCCTGATCTGCAATCTTGTTCCTAGAAGTGACGCATATTCTATACGGCCCGACGCGACGCGCCAAAAAATGAAAAAAGAAGCAGCGACTCATTTTTATGGAAGGACAAAGTGCTGCGA
chrXI	1400	10150	AGCTCGCACTGCCCTGATCTGCAATCTTGTTCCTAGAAGTGACGCATATTCTATACGGCCCGACGCGACGCGCCAAAAAATGAAAAAAGAAGCAGCGACTCATTTTTATGGAAGGACAAAGTGCTGCGAAGTCATACGTTTCCAATTTCAT
chrXI	1400	2640	AGCTCGCACTGCCCTGATCTGCAATCTTGTTCCTAGAAGTGACGCATATTCTATACGGCCCGACGCGACGCGCCAAAAAATGAAAAAAGAAGCAGCGACTCATTTTTATGGAAGGACAAAGTGCTGCGA
chrXI	1400	1410	AACTCGCACTGCCCTGATCTGCAATCTTGTTCTTAGAAGTGACGCATATTCTATACGGCCCGACGCGACGCGCCAAAAAATGAAAAAAGAAGCAGCGACTCATTTTTATGGAAGGACAAAGTGCTGCGAAGTCATACGCTTCCAATTTCAT
chrXI	1400	2640	AGCTCGCACTGCCCTGATCTGCAATCTTGTTCCTAGAAGTGACGCA-ATTCTATACGGCCCGACGCGACGCGCCAAAAAATGAAAAAAGAAGCAGCGACTCATTTTTATGGAAGGACAAAGTGCTGCGAAGTCATACGTTTCCAATTTCATT
chrXI	1400	7530	AGCTCGCACTGCCCTGATCTGCAATCTTGTTCCTAGAAGTGACGCATATTCTATACGGCCCGACGCGACGCGCCAAAAAATGAAAAAAGAAGCAGCGACTCATTTTTATGGAAGGACAAAGTGCTGCGAAGTCATACGTTTCCAATTTCAT
chrXI	1400	70	AGCTCGCACTGCCCTGATCTGCAATCTTGTTCCTAGAAGTGACGCATATTCTATACGGCCCGACGCGACGCGCCAAAAAATGAAAAAAGAAGCAGCGACTCATTTTTATGGAAGGACAAAGTGCTGCGACGTCATACGTTTCCAAT(GTCAG)
chrXI	1400	70	AACTCGCACTGCCCTGATCAGCAATCTTGTTCTTAGAAGTGACGCATATTATATACGGCCCGACGCGACGCGCCAAAAAATGAAAAAAGTAGCAGCGACTCATTTTTATGGAAGGACAAAGTGCTGCGAAGTCATACGCTTCCAATTTCAT
chrXI	1400	7530	AACTCGCACTGCCCTGATCTGCAATCTTGTTCTTAGAAGTGACGCATATTCTATACGGCCCGACGCGACGCGCCAAAAAATGAAAAAAGAAGCAGCGACTCATTTTTATGGAAGGACAAAGTGCTGCGAAGTCATACGCTTCCAATTTCAT
chrXI	1400	7530	AACTCGCACTGCCCTGATCTGCAATCTTGTTCTTAGAAGTGACGCATATTCTATACGGCCCGACGCGACGCGCCAAAAAATGAAAAAAGAAGCAGCGACTCATTTTTATGGAAGGACAAAGTGCTGCGAAGTCATACGCTTCCAATTTCAT
chrXI	1400	1410	AACTCGCACTGCCCTGATCTGCAATCTTGTTCTTAGAAGTGACGCATATTCTATACGGCCCGACGCGACGCGCCAAAAAATGAAAAAAGAAGCAGCGACTCATTTTTATGGAAGGACAAAGTGCTGCGAAGTCATACGCTTCCAATTTCAT
chrXI	1400	5150	AACTCGCACTGCCCTGATCTGCAATCTTGTTCTTAGAAGTGACGCATATTCTATACGGCCCGACGCGACGCGCCAAAAAATGAAAAAAGAAGCAGCGACTCATTTTTATGGAAGGACAAAGTGCTGCGAAGTCATACGCTTCCAATTTCAT
chrXI	1400	70	AACTCGCACTGCCCTGATCTGCAATCTTGTTCTTAGAAGTGACGCATATTCTATACGGCCCGACGCGACGCGCCAAAAAATGAAAAAAGAAGCAGCGACTCATTTTTATGGAAGGACAAAGTGCTGCGAAGTCATACGCTTCCAATTTCAT
chrXI	1401	2640	GCTCGCACTGCCCTGATCTGCAATCTTGTTCCTAGAAGTGACGCATATTCTATACGGCCCGACGCGACGCGCCAAAAAATGAAAAAAGAAGCAGCGACTCATTTTTATGGAAGGACAAAGTGCTGCGAAGTCATACGTTTCCAATTTCATT
chrXI	1402	2640	CTCGCACTGCCCTGATCTGCAATCTTGTTCTTAGAAGTGACGCATATTCTATACGGCCCGACGCGACGCGCCAAAAAATGAAAAAAGAAGCAGCGACTCATTTTTATGGAAGGACAAAGTGCTGCGAAGTCATACGCTTCCAATTTCATTG
chrXI	1402	5150	(TTGTGAGTCTGATAACATGAGTTTGTAT)CTCGCACTGCCATGATCTTCAATCTTGTTCTTAGAAGTGAAGCATATTCTATACGGCCCGACGAGACGCGCC(A)AAAAAATGAAAAAAGAAGCAGCGACTCATTTTTATGGAAGGACAAAGTG
chrXI	1405	5150	GCACTGCCCTGATCTGCAATCTTGTTCTTAGAAGTGACGCATATTCTATACGGCCCGACGCGACGCGCCAAAAAATGAAAAAAGAAGCAGCGACTCATTTTTATGGAAGGACAAAGTGCTGCGAAGTCATACGCTTCCAATTTCATTGTTG
chrXI	1405	2640	GCACTGCCCTGATCTGCAATCTTGTTCCTAGAAGTGACGCATATTCTATACGGCCCGACGCGACGCGCCAAAAAATGAAAAAAGAAGCAGCGACTCATTTTTATGGAAGGACAAAGTGCTGCGAAGTCATACGTTTCCAATTTCATTGTTG
chrXI	1405	70	GCACTGCCCTGATCTGCAATCTTGTTCTTAGAAGTGACGCATATTCTATACGGCCCGACGCGACGCGCCAAAAAATGAAAAAAGAAGCAGCGACTCATTTTTATGGAAGGACAAAGTGCTGCGAAGTCATACGCTTCCAATTTCATTGTTG
chrXI	1406	70	CACTGCCCTGATCTGCAATCTTGTTCTTAGAAGTGACGCATATTCTATACGGCCCGACGCGACGCGCCAAAAAATGAAAAAAGAAGCAGCGACTCATTTTTATGGAAGGACAAAGTGCTGCGAAGTCATACGCTTCCAATTTCATTGTTG
chrXI	1406	70	CACTGCCCTGATCTGCAATCTTGTTCTTAGAAGTGACGCATATTCTATACGGCCCGACGCGACGCGCCAAAAAATGAAAAAAGAAGCAGCGACTCATTTTTATGGAAGGACAAAGTGCTGCGAAGTCATACGCTTCCAATTTCATTGTTGT
chrXI	1408	70	CTGCCCTGATCTGCAATCTTGTTCTTAGAAGTGACGCATATTCTATACGGCCCGACGCGACGCGCCAAAAAATGAAAAAAGAAGCAGCGACTCATTTTTATGGAAGGACAAAGTGCTGCGAAGTCATACGCTTCCAATTTCATTGTTGTTT
chrXI	1410	70	GCCCTGATCTGCAATCTTGTTCTTAGAAGTGACGCATATTCTATACGGCCCGACGCGACGCGCCATCAAATGAAAAAAGAAGCAGCGACTCATTTTTATGGAAGGACAAAGTGCTGCTAAGACATACGCTTCCAATTTCATAGTTGTTTAT
chrXI	1410	70	GCCCTGATCAGCAAACTTGTTCTTAGAAGTGACGCATATAATATAAGGCCCGACCCGACGCGCCAAAAAATGAAAAAAGAATCACCTACTCATTTATATGCAAGGAAACAGTGCTACAAAGTCATACGC(AACCAATTACAAAGTTCTATAT)
chrXI	1410	1410	GCCCTGATCTGCAATCTTGTTCTTAGAAGTGACGCATATTCTATACGGCCCGACGCGACGCGCCAAAAAATGAAAAAAGAAGCAGCGCCTCATTTTTATGGAAGGACAAAGTGCTGCGAAGTCATACGCTTCCAATTTCATTGTTGTTTAT
chrXI	1410	2640	GCCCTGATCTTCAATCTTGTTCTTAGAAGTGACGCATATTCTATACGGCCCGACGCGACGCGCC(A)AAAAAATGAAAAAAGAAGCAGCGACTCATTTTTATGGAAGGACAAAGTGCTGCGAAGTCATACGCTTCCAATTTCATTGTTGTTTA
chrXI	1410	1410	GCCCTGATCTGCAATCTTGTTCTTAGAAGTGACGCATATTCTATACGGCCCGACGCGACGCGCCAAAAAATGAAAAAAGAAGCAGCGACTCATTTTTATGGAAGGACAAAGTGCTGCGAAGTCATACGCTTCCAATTTCATTGTTGTTTAT
chrXI	1410	70	GCCCTGATCTGCAATCTTGTTCTTAGAAGTGACGCATATTCTATACGGCCCGACGCGACGCGCCAAAAAATGAAAAAAGAAGCAGCGACTCATTTTTATGGAAGGACAAAGTGCTGCGAAGTCATACGCTTCCAATTTCATTGTTGTTTAT
chrXI	1410	1410	GCCCTGATCTGCAATCTTGTTCTTAGAAGTGACGCATATTCTATACGGCCCGACGCGACGCGCCAAAAAATGAAAAAAGAAGCAGCGACTCCTTTTTATGGAAGGACAAAGTGCTGCGAAGTCATACGCTTCCAATTTCATTGTTGTTTAT
chrXI	1410	70	GCCCTGATCTGCAATCTTGTTCCTAGAAGTGACGCATATTCTATACGGCCCGACGCGACGCGCCAAAAAATGAAAAAAGAAGCAGCGACTCATTTTTATGGAAGGACAAAGTGCTGCGAAGTCATACGTTTCCAATTTCATTGTTGTTTAT
chrXI	1410	70	GCCCTGATCTGCAATCTTGTTCCTAGAAGTGACGCATATTCTATACGGCCCGACGCGACGCGCCAAAAAATGAAAAAAGAAGCAGCGACTCATTTTTATGGAAGGACAAAGTGCTGCGAAGTCATACGTTTCCAATTTCATTGTTGTTTAT
chrXI	1410	2640	GCCCTGATCTGCAATCTTGTTCTTAGAAGTGACGCATATTCTATACGGCCCGACGCGACGCGCCAAAAAATGAAAAAAGAAGCAGCGACTCATTTTTATGGAAGGACAAAGTGCTGCGAAGTCATACGCTTCCAATTTCATTGTTGTTTAT
chrXI	1410	70	GCCCTGATCTGCAATCTTGTTCTTAGAAGTGACGCATATTCTATACGGCCCGACGCGACGCGCCAAAAAATGAAAAAAGAAGCAGCGACTCATTTTTATGGAAGGACAAAGTGCTGCGAAGTCATACGCTTCCAATGTCATTGTTGTTTAT
chrXI	1410	70	GCCCTGATCTGCAATCTTGTTCTTAGAAGTGACGCATATTCTATACGGCCCGACGCGACGCGCCAAAAAATGAAAAAAGAAGCAGCGACTCATTTTTATGGAAGGACAAAGTGCTGCGAAGTCATACGCTTCCAATTTCATTGTTGTTTAT
chrXI	1410	7530	GCCCTGATCTGCAATCTTGTTCCTAGAAGTGACGCATATTCTATACGGCCCGACGCGACGCGCCAAAAAATGAAAAAAGAAGCAGCGACTCATTTTTAT
chrXI	1410	5150	GCCCTGATCTGCTATCTTGTTCTTAGAAGTGACGCATATTCTATACGGCCCGACGCGACGCGCCAAAAAATGAAAAAAGAAGCAGCGACTCATTTTTATGGAAGGACAAAGTGCTGCGAAGTCATACGCTTCCAATTTCATTGTTGTTTAT
chrXI	1410	5150	GCCCTGATCTGCAATCTTGTTCTTAGAAGTGACGCATATTCTATACGGCCCGACGCGACGCGCCAAAAAATGAAAAAAGAAGCAGCGACTCATTTTTATGGAAGGACAAAGTGCTGCGCAGTCATACGCTTCCAATTTCATTGTTGTTTAT
chrXI	1410	5150	GCCCTGATCTGCAATCTTGTTCTTAGAAGTGACGCATATTCTATACGGCCCGACGCGACGCGCCAAAAAATGAAAAAAGAAGCAGCGACTCATTTTTATGGAAGGACAAAGTGCTGCGAAGTCATACGCTTCCAATTTCATTGTTGTTTAT
chrXI	1410	7530	GCCCTGATCTGCAATCTTGTTCCTAGAAGTGACGCATATTCTATACGGCCCGACGCGACGCGCCAAAAAATGAAAAAAGAAGCAGCGACTCATTTTTATGGAAGGACAAAGTGCTGCGAAGTCATACGTTTCCAATTTCATTGTTGTTTAT
chrXI	1410	7530	GCCCTGATCTGCAATCTTGTTCCTAGAAGTGACGCATATTCTATACGGCCCGACGCGACGCGCCAAAAAATGAAAAAAGAAGCAGCGACTCATTTTTATGGAAGGACAAAGTGCTGCGAAGTCATACGTTTCCAATTTCATTGTTGTTTAT
chrXI	1410	2640	GCCCTGATCTGCAATCTTGTTCTTAGAAGTGACGCATATTCTATACGGCCCGACGCGACGCGCCAAAAAATGAAAAAAGAAGCAGCGACTCATTTTTATGGAAGGACAAAGTGCTGCGAATTCATACGCTTCCAATTTCATTGTTGTTTAT
chrXI	1410	5150	GCCCTGATCTGCAATCTTGTTCTTAGAAGTGACGCATATTCTATACGGCCCGACGCGACGCGCCAAAAAATGAAAAAAGAAGCAGCGACTCATTTTTATGGAAGGACAAAGTGCTGCGAAGTCATACGCTTCCAATTTCATTGTTGTTTAT
chrXI	1410	5150	GCCCTGATCTGCAATCTTGTTCTTAGAAGTGAAGCATATTCTATACGGCCCGACGCGACGCGCCAAAAAATGAAAAAAGAAGCAGCGACTCATTTTTATGGAAGGACAAAGTGCTGCGAAGTCATACGCTTCCAATTTCATTGTTGTTTAT
chrXI	1410	70	GCCCTGATCTTCAATCTTGTTCTTAGAAGTGACGCATATTCTATACGGCCCGACGCGACGCGCC(A)AAAAAATGAAAAAAGAAGCAGAGACTCATTTTTATGGAAGGACAAAGTGCTGCGAAGTCATACGCTTCCAATTTCATTGTTGTTTA
chrXI	1410	10150	GCCCTGATCTGCAATCTTGTTCTTAGAAGTGACGCATATTCTATACGGCCGGACGCGACGCGCCAAAAAATGAAAAAAGAAGCAGCGACTCATTTTTATGGAAGGACAAAGTGCTGCGAAGTCATACGCTTCCAATTTCATTGTTGTTTAT
chrXI	1410	7530	GCCCTGATCTGCAATCTTGTTCTTAGAAGTGACGCATATTCTATACGGCCCGACGCGACGCGCCAAAAAATGAAAAAAGAAGCAGCGACTCATTTTTATGGAAGGACAAAGTGCTGCGAAGTAATACGCTTCCAATTTCATTGTTGTTTAT
chrXI	1410	5150	GCCCTGATCTGCAATCTTGTTCTTAGAAGTGACGCATATTATATACGGCCCGACGCGACGCGCCAAAAAATGAAAAAAGAAGCAGCGACTCATTTTTATGGAAGGACAAAGTGCTGCGAAGTCATACGCTTCCAATTTCATTGTTGTTTAT
chrXI	1410	7530	GCCCTGATCTGCAATCTTGTTCCTAGAAGTGACGCATATTCGATACGGCCCGACGCGACGCGCCAAAAAATGAAAAAAGAAGCAGCGACTCATTTTTAT
chrXI	1410	7530	GCCCTGATCTGCAATCTTGTTCTTAGAAGGGACGCATATTCTATACGGCCCGACGCGACGCGCCAAAAAATGAAAAAAGAAGCAGCGACTCATTTTTCTGGAAGGACCAAGTGCTGCGAAGTCATACGCTTCCAA(ATTCCTTGTTCTTA)
chrXI	1410	2640	GCCCTGATCTGCAATCTTGTTCCTAGAAGTGACGCATATTCTATACGGCCCGACGCGACGCGCCAAAAAATGAAAAAAGAAGCAGCGACTCATTTTTATGGAAGGACAAAGTGCTGCGAAGTCATACGTTTCCAATTTCATTGTTGTTTAT
chrXI	1410	10150	GCCCTGATCTGCAATCTTGTTCTTAGAAGTGACGCATATTCTATACGGCCCGACGCGACGCGCCAAAAAATGAAAAAAGAAGCAGCGACTCATTTTTATGGAAGGACAAAGTGCTGCGAAGTCATACGCTTCCAATTTCATTGTTGTTTAT
chrXI	1410	10150	GCCCTGATCTGCAATCTTGTTCCTAGAAGTGACGCATATTCTATACGGCCCGACGCGACGCGCCAAAAAATGAAAAAAGAAGCAGCGACTCATTTTTATGGAAGGACAAAGTGCTGCGAAGTCATACGTTTCCAATTTCATTGTTGTTTAT
chrXI	1411	70	CCCTGATCTGCAATCTTGTTCTTAGAAGTGACGCATATTCTATACGGCGCGACGCGACGCGCCAAAAAATGAAAAAAGAAGCAGCGACGCATTTTTATGGAAGGACAAAGTGCTGCGAAGTCATACGCTTCCAATTTCATTGTTGATTAT
chrXI	1411	5150	CCCTGATCTTCAATCTTGTTCTTAGAAGTGACGCATATTCTATACGGCCCGACGCGACGCGCC(A)AAAAAATGAAAAAAGAAGCAGCGACTCATTTTTATGGAAGGACAAAGTGCTGCGAAGTCATACGCTTCCAATTTCATTGTTGTTTAT
chrXI	1411	2640	CCCTGATCTGCAATCTTGTTCTTAGAAGTGACGCATATTCTATACGGCCCGACGCGACGCGCCAAAAAATGAAAAAAGAAGCAGCGACTCATTTTTATGGAAGGACAAAGTGCTGCGAAGTCATACGCTTCCAATTTCATTGTTGTTTATT
chrXI	1411	7530	CCCTGTTCAGCAATGTTGATCTTAGAAGTGACGCATATTCTATACGGCCCGACGCGACGCGCCAACAAATGAAAAAAGAAGCAGCGACTCATTTTTATGGAAGGACTAAGTGCTGCGAAGTCATACGCTTCCAATTTCATTGTTGTTTAT
chrXI	1411	2640	CCCTGATCTGCTAACTTGTTCTTAGAAGTGACTCATATTCTATACGGCCCGACGCGAGGCGCCAAAACATGAAAAAAGAAGCAGCGACTCATTTTTATGGAATGAAAAACTGCTGCGTAGTCATACGCTTCCAATTTCATTGTTGTTTAT
chrXI	1413	2640	CTGATATGCAATCTTGTTCTTAGAAGTGACGCATATTCTATACGGCCCGACGCGACGCGCCAAAAAATGAAAAAAGAAGCAGCGACTCATTTTTATGGAAGGACAAAGTGCTGCGAAGTCATACGCTTCCAATTTCATTGTTGTTTATTGG
chrXI	1413	7530	(TCTTAATGAGATTCTGCTTCGATGTTTTTGTAGCTCGCTGTGCA)CTGATCTTCAATGTTGTTCTTAGTAGTGAAGCATATTCTTTCGGGCCCGACGCGTCGCGCC(A)AAAAAATGAAACTAGAAGCAGCGACGGATTTTTATGGAAGGACAA
chrXI	1413	2640	CTGATCTGCAATCTTGTTCTTAGAAGTGACGCATAGTCTATACGGCCCGACGCGACGCGCCAAAAAATGAAAAAAGAAGCAGCGACTCATTTTTATGGAAGGACAAAGTGCTGCGAAGTCATACGCTTCCAATTTCATTGTTGTTTATTGG
chrXI	1413	7530	CTGATCTGCAATCTTGTTCTTAGAAGTGACGCATATTCTATACGGCCCGACGCGACGCGCCAAAAAATGAAAAAAGAAGCAGCGACTCATTTTTATGGAAGGACAAAGTGCTGCGAAGTCATACGCTTCCAATTTCATTGTTGTTTATTGG
chrXI	1413	7530	CTGATCTGCAATCTTGTTCTTAGAAGTGACGCATATTCTATACGGCCCGACGCGACGCGCCAACAAATGAAAAAAGAAGCAGCGACTCATTTTTATGGAAGGACAAAGTGCTGCGAAGTCATACGCTTCCAATTTCATTGTTGTTTATTGG
chrXI	1413	2640	CTGATCTGCAATCTTGTTCTTAGAAGTGACGCATATTCTATACGGCCCGACGCGACGCGCCAAAAAATGAAAAAAGAAGCAGCGACTCATTTTTATGGAAGGACAAAGTGCTGCGAAGTCATACGCTTCCAATTTCATTGTTGTTTATTGG
chrXI	1414	2640	TGATCTTCAATCTTGTTCTTAGAAGTGACGCATATTCTATACGGCCCGCCGCGACGCGCC(A)AAAAAATGAAAAAAGAAGCAGCGACTCATTTTTATGGAAGGACAAAGTGCTGCGAAGTCATACGCTTCCAATTTCATTGTTGTTTATTGG
chrXI	1415	5150	GATCTGCAATCTTGTTCTTAGAAGTGACGCATATTCTATACGGCCCGACGCGACGCGCCAAAAAATGAAAAAAGAAGCAGCGACTCATTTTTATGGAAGGACAAAGTGCTGCGAAGTCATACGCTTCCAATTTCATTGTTGTTTATTGG
chrXI	1415	5150	GATCTGCAATCTTGTTCTTAGAAGTGACGCATATTCTATACGGCCCGACGCGACGCGCCAAAAAATGAAAAAAGAAGCAGCGACTCATTTTTATGGAAGGACAAAGTGCTGCGAAGTCATACGCTTCCAATTTCATTGTTGTTTATTGGAC
chrXI	1415	10150	GATCTGCAATCTTGTTCTTAGAAGTGACGCATATTCTATACGGCCCGACGCGACGCGCCAAAAAATGAAAAAAGAAGCAGCGACTCATTTTTATGGAAGGACAAAGTGCTGCGAAGTCATACGCTTCCAATTTCATTGTTGTTTATTGG
chrXI	1415	2640	GATCTGCAATCTTGTTCCTAGAAGTGACGCATATTCTATACGGCCCGACGCGACGCGCCAAAAAATGAAAAAAGAAGCCGCGACTCATTTTTATGGAAGGACAAAGTGCTGCGAAGTCATACGTTTCCAATTTCATTGTTGTTTAT
chrXI	1415	7530	GATCTGCAATCTTGTTCCTAGAAGTGACGCATATTCTATACGGCCCGACGCGACGCGCCAAAAAATGAAATAAGTAGCAGCGACTCATTTTTATGGAAGGACAAAGTGCTGCGAAGTCATACGTTTCCAATTTCATTGTTGTTTATTGGA
chrXI	1415	5150	GATCTTCAATCTTGTTCTTAGAAGTGACGCATATTCTATACGGCCCGACGCGACGCGCC(A)AAAAAATGAAAAAAGAAGCAGCGACTCATTTTTATGGAAGGACAAAGTGCTGCGAAGTCATACGCTTCCAATTTCATTGTTGTTTATTGG
chrXI	1415	7530	GAGCTGCAATCTTGTTCCTAGAAGTGACGCATATTCTATACGGCCCGACGCGACGCGCCAAAAAATGAAAAAAGAAGCAGCGACTCATATTTATGGAAGGACAAAGTGCTGCGAAGTCATACGTTTCCAATTTCATTGTTGTTTATTGGA
chrXI	1415	7530	GATCTGCAATCTTGTTCTTAGAAGTGACGCATATTCTATACGGCCCGACGCGACGCGCCAAAAAATGAAAAAAGAAGCAGCGACTCATTTTTATGGAAGGACAAAGTGCTGCGAAGTCATACGCTTCCAATTTCATTGTTGTTTATTGGA
chrXI	1415	2640	GATCTGCAATCTTGTTCCTAGAAGTGACGCATATTCTATACGGCCCGACGCGACGCGCCAAAAAATGAAAAAAGAAGCAGCGACTCATTTTTATGGAAGGACAAAGTGCTGCGAAGTCATACGTTTCCAATTTCATTGTTGTTTAT
chrXI	1416	70	ATCTGCAATCTTGTTCATAGAACTGACTCATATTCTATACGGCCCGACGCGACGCGCCAAAACATGAAAAAAGAAGCAGCGACTCATTATTATGGAAGGACAAAGTGCTGCGAAGTCATACGCTTCCAATTACATTGTTGTTTATTGG
chrXI	1416	2640	ATCTTCAATCTTGTTCTTAGAAGTGACGCATATTCTATACGGCCCGACGCGACGCGCC(A)AAAAAATGAAAAAAGAAGCAGCGACTCATTTTTATGGAAGGACAAAGTGCTGCGAAGTCATACGCTTCCAATTTCATTGTTGTTTATTGGAC
chrXI	1416	70	ATCTGCAATCTTGTTCTTAGAAGTGACGCATATTCTATACGGCCCGACGCGACGCGCCAAAAAATGAAAAAAGAAGCAGCGACTCATTTTTATGGAAGGACAAAGTGCTGCGAAGTCATACGCTTCCAATTTCATTGTTGTTTATTGGAC
chrXI	1416	70	ATCTGCAATCTTGTTCCTAGAAGTGACGCATATTCTATACGGCCCGACGCGACGCGCCAAAAAATGAAAAAAGAAGCAGCGACTCATTTTTATGGAAGGACAAAGTGCTGCGAAGTCATACGTTTCCAATTTCATTGTTGTTTATTGGAC
chrXI	1416	7530	ATCTGCAATCTTGTTCTTAGAAGTGACGCATATTCTATACGGCCCGACGCGACGCGCCAAAAAATGAAAAAAGACGCCGCGACTCATTTTTATGGAAGGACAAAGTGCTGCGAAGTCATACGCTTCCAATTTCATTGTTGTTTATTGGAC
chrXI	1416	7530	ATCTTCAATCTTGTTCTTAGAAGTGACGCATATTCTATACGGCCCGACGCGACGCGCC(A)AAAAAATGAAAAAAGAAGCAGCGACTCATTTTTATGGAAGGACAAAGTGCTGCGAAGTCATACGCTTCCAATTTCATTGTTGTTTATTGGAC
chrXI	1416	7530	ATCTTCAATCTTGTTCTTAGAAGTGACGCATATTCTATACGGCCCGACGCGACGCGCC(A)AAAAAATGAAAAAAGAAGCAGCGACTCATTTTTATGGAAGGACAAAGTGCTGCGAAGTCATACGCTTCCAATTTCATTGTTGTTTATTGGAC
chrXI	1416	70	AACTGCAATCTTGTTCTGAGAAGTGACGCATATTCTATACGGCCCGTCGCGAAGAGCCAAAAAATGAAAAAAGAAGCAGCGCCTCATTTGTATGGAAGGACAAAGAGCTGCGAAGTCTTACGCTTCCAATTTCATTGTTGTTTATTGG
chrXI	1416	2640	ATCTGCAATCTTGTTATTAGAAGTGAAGCATATTCTATACGGCCCGACGCGACGCGCCAAAAAATTAAAAAAGAAGCAGCGACTCATTTTTATGGAAGGACAAAGTGCTGCGAAGTCATACGCTTACAATTTCATTGTTGTTTTTTGGAC
chrXI	1416	7530	ATCTTCAATCTTGTTCTTAGAAGTGACGCATATTCTATACGGCCCGACGCGACGCGC(A)AAAAAAATGAAAAATGAAGCAGCGACTCAGTTTTATGGAAGGACAAAGTGCTGCGAAGTCCTACGCTTCCACTTTCATTGTTGTTTAGTGGA
chrXI	1418	7530	CTTCAATCTTGTTCTTAGAAGTGACGCATATTATATACGGCCCGACGCGACTCGCC(A)AAAAAATGAAAAAAGATGCAGCGACTCATTTTTATGGAAGGACAAAGTGCTGCGAAGTCATACGCTTCCAATTTCATTGTTGTTTATTGGACAT
chrXI	1418	1410	CTGCAATCTTGTTCCTAGAAGTGACGCATATTCTATACGGCCCGACGCGACGCGCCAAAAAATGAAAAAAGAAGCAGCGACTCATTTTTATGGAAGGACAAAGTGCTGCGAAGTCATACGTTTCCAATTTCATTGTTGTTTATTGGACAT
chrXI	1418	70	CTTCAATCTTGTTCTTAGAAGTGACGCATATTCTATACGGCCCGACGCGACGCGCC(A)AAAAAATGAAAAAAGAAGCAGCGCCTCCTTTTTATGGAAGGACAAAGTGCTGCGAAGTCATACGCTTCCCATTTCATTGTTGTTTATTGGACAT
chrXI	1418	2640	CTTCAATCTTGTTCTTAGAAGTGACGCATATTCTATACGGCCCGACGCGACGCGCC(A)AAAAAATGAAAAAAGAAGCAGCGACTCATTTTTATGGAAGGACAAAGTGCTGCGAAGTCATACGCTTCCAATTTCATTGTTGTTTATTGGACAT
chrXI	1419	2640	TGCAATCTTGTTCCTAGAAGTGACGCATATTCTATACGGCCCGACGCGACGCGCCAAAAAATGAAAAAAGAAGCAGCGACTCATTTTTATGGAAGGACAAAGTGCTGCGAAGTCATACGTTTCCAATTTCATTGTTGTTTATTGGACATAC
chrXI	1419	7530	TGCAATCTTGTTCTTAGAAGTGACGCATATTCTATACGGCCCGACGCGACGCGCCAAAAAATGAAAAAAGAAGCAGCGACTCATTTTTATGGAAGGACAAAGTGCTGCGAAGTCATACGCTTCCAATTTCATTGTTGTTTATTGGACATAC
chrXI	1419	2640	TGCAATCTTGTTCTTAGAAGTGACGCATATTCTATACGGCCCGACGCGACGCGCCAAAAAATGAAAAAAGAAGCAGCGACTCATTTTTATGGAAGGACAAAGTGCTGCGAAGTCATACGCTTCCAATTTCATTGTTGTTTATTGGACATAC
chrXI	1420	5150	GCAATCTTGTTCTTAGAAGTGACGCATATTCTATACGGCCCGACGCGACGCGCCAAAAAATGAAAAAAGAAGCAGCGACTCATTTTTATGGAAGGACAAAGTGCTGCGAAGTCATACGCTTCCAATTTCATTGTTGTTTATTGGAC
chrXI	1420	70	GCAATCTTGTTCTTAGAAGTGACGCATATTCTATACGGCCCGACGCGACGCGCCAAAAAATGAAAAAAGAAGCAGCGACTCATTTTTATGGAAGGACAAAGTGCTGCGAAGTCATACGCTTCCAATTTCATTGTTGTTTATTGGACATA
chrXI	1420	5150	TCAATCTTGTTCTTAGAAGTGACGCATATTCTATACGGCCCGACGCGACGCGCC(A)AAAAAATGAAAAAAGAAGCAGCGACTCATTTTTATGGAAGGACAAAGTGCTGCGAAGTCATACGCTTCCAATTTCATTGTTGTTTATTGGAC
chrXI	1420	5150	GCAATCTTGTTCCTAGAAGTGACGCATATTCTATACGGCCCGACGCGACGCGCCAAAAAATGAAAAAAGAAGCAGCGACTCATTTTTATGGAAGGACAAAGTGCTGCGAAGTCATACGTTTCCAATTTCATTGTTGTTTATTGGACATACT
chrXI	1420	1410	TCAATCTTGTTCTTAGAAGTGACGCATATTCTATACGGCCCGACGCGACGCGCC(A)AAAAAATGAAAAAAGAAGCAGCGACTCATTTTTATGGAAGGACAAAGTGCTGCGAAGTCATACGCTTCCAATTTCATTGTTGTTTATTGGAC
chrXI	1420	5150	GCAATCTTGTTCTTAGAAGTGACGCATATTCTATACGGCCCGACGCGACGCGCCAAAAAATGAAAAAAGAAGCAGCGACTCATTTTTATGGAAGGACAAAGTGCTGCGAAGTCATACGCTTCCAATTTCATTGTTGTTTATTGGACATAC
chrXI	1420	2640	GCAATCTTGTTCCTAGAAGTGACGCATATTCTATACGGCCCGACGCGACGCGCCAAAAAATGAAAAAAGAAGCAGCGACTCATTTTTATGGAAGGACAAAGTGCTGCGAAGTCATACGTTTCCAATTTCATTGTTGTTTATTGGACATA
chrXI	1420	5150	GCAATCTTGTTCTTAGAAGTGACGCATATTCTATACGGCCCGACGCGACGCGCCAAAAAATGAAAAAAGAAGCAGCGACTCATTTTTATGGAAGGACAAAGTGCTGCGAAGTCATACGCTTCCAATTTCATTGTTGTTTATTGGACAT
chrXI	1421	5150	CAATCTTGTTCTTAGAAGTGACGCATATTCTATACGGCCCGACGCGACGCGCCAAAAAATGAAAAAAGAAGCAGCGACTCATTTTTATGGAAGGACAAAGTGCTGCGAAGTCATACGCTTCCAATTTCATTGTTGTTTATTGGACATACTC
chrXI	1421	5150	AAATCTTGTTCTTAGAAGTGACGCATATTCTATACGGCCCGACGCGACGCGCC(A)AAAAAATGAAAAAAGAAGCAGAGACTCATTTTTATGGAAGGACAAAGTGCTGCGAAGTCATACGCTTCCAATTTCATTGTTGTTTATTGGACATACA
chrXI	1421	2640	CAATCTTGTTCTTAGAAGTGACGCATATTCTATACGGCCCGACGCGACGCGCCAAAAAATGAAAAAAGAAGCAGCGACTCATTTTTATGGAAGGACAAAGTGCTGCGAAGTCATACGCTTCCAATTTCATTGTTGTTTATTGGACATACTC
chrXI	1421	10150	CAATCTTGTTCTTAGAAGTGACGCATATTCTATACGGCCGGACGCGACGCGCCAAAAAATGAAAAAAGAAGCAGCGACTCATTTTTATGGAAGGACAAAGTGCTGCGAAGTCATACGCTTCCAATTTCATTGTTGTTTATTGGACATACTC
chrXI	1421	70	CAATCTTGTTCTTAGAAGTGACGCATATTCTATCCGGCCCGACGCGACGCGCCAAAAAATGAAAAAAGAAGCAGCGACTCATTTTTATGGAAGGACAAAGTGCTGCGACGTCATACGCTTCCAATTTCATTGTTGTTTATTGGACATACT
chrXI	1421	70	CAATCTTGTTCCTAGAAGTGACGCATATTCTATACGGCCCGCCGCGACGCGCCAAAAAATGAAAAAAGAAGCAGCGACTCATTTTTATGGAAGGACAAAGTGCTGCGAAGTCATACGTTTCCAATTTCATTGTTGTTTATTGGACATACTC
chrXI	1421	2640	CAATCTTGTTCCTAGAAGTGACGCATATTCTATACGGCCCGACGCGACGCGCCAAAAAATGAAAAAAGAAGCAGCGACTCATTTTTATGGAAGGACAAAGTGCTGCGAAGTCATACGTTTCCAATTTCATTGTTGTTTATTGGACATACTC
chrXI	1421	2640	CAATCTTGTTCTTAGAAGTGACGCATATTCTATACGGCCCGACGCGACGCGCCAAAAAATGAAAAAAGAAGCAGCGACTCATTTTTATGGAAGGACAAAGTGCTGCGAAGTCATACGCTTCCAATTTCATTGTTGTTTATTGGACATACTC
chrXI	1421	5150	CAATCTTGTTCCTAGAAGTGACGCATATTCTATACGGCCCGACGCGACGCGCCAAAAAATGAAAAAAGAAGCAGCGACTCATTTTTATGGAAGGACAAAGTGCTGCGAAGTCATACGTTTCCAATTTCATTGTTGTTTATTGGACATACTC
chrXI	1421	7530	CAATCTTGTTCTTAGAAGTGACGCATATTCTATACGGCCCGACGCGACGCGCCAAAAAATGAAAAAAGAAGCAGCGACTCATTTTTATGGAAGGACAAAGTGCTGCGAAGTCATACGCTTCCAATTTCATTGTTGTTTATTGGACATACTC
chrXI	1422	7530	AATCTTGTTCTTAGAAGTGACGCATATTCTATACGGCCCGACGCGACGCGCC(A)AAAAAATGAAAAAAGAAGCAGCGACTCATTTTTATGGAAGGACAAAGTGCTGCGAAGTCATACGCTTCCAATTTCATTGTTGTTTATTGGACATACAC
chrXI	1422	10150	AATCTTGTTCTTAGAAGTGACGCATATTCTATACGGCCCGACGCGACGCGCC(A)AAAAAATGAAAAAAGAAGCAGCGACTCATTTTTATGGAAGGACAAAGTGCTGCGAAGTCATACGCTTCCAATTTCATTGTTGTTTATTGGACATACAC
chrXI	1422	7530	AATCTTGTTCTTAGAAGTGACGCATATTCTATACGGCCCGACGCGACGCGC(A)AAAAAAATGAAAAAAGAAGCAGCGACTCATTTTTATGGAAGGACAAAGTGCTGCGAAGTCATACGCTTCCAATTTCATTGTTGTTTATTGGACATACAC
chrXI	1422	7530	AATCTTGTTCTTAGAAGTGACGCATATTCTATACGGCCCGACGCGACGCGCC(A)AAAAAATGAAAAAAGAAGCAGCGACTCATTTTTATGGAAGGACAAAGTGCTGCGAAGTCATACGCTTCCAATTTCATTGTTGTTTATTGGACATACAC
chrXI	1423	70	ATCTTGTTCTTAGAAGTGACGCATATTCTATACGGCCCGACGCGACGCGCCAAAAAATGAAAAAAGAAGCAGCGACTCATTTTTATGGAAGGACAAAGTGCTGCGAAGTCATACGCTTCCAATTTCATTGGTGTTTATTGGACATACT
chrXI	1423	2640	ATCTTGTTCTTAGAAGTGACGCATATTCTATACGGCCCGACGCGACGCGCCAAAAAATGAAAAAAGAAGCAGCGACTCATTTTTATGGAAGGACAAAGTGCTGCGAAGTCATACGCTTCCAATTTCATTGTTGTTTATTGGACATACT
chrXI	1423	7530	(AATCAATTGTTATGTGCCACAGTCCTGATATTCT)ATCTTGTCCTTAGTATTGACGCATATACTATACGGCCCGACGCGACGCGGCAAA(C)AATTTACATAAGAAGCAGCGACTCATTTTTATGGAAGGACAAAGTTCTGCGAAGTCATACGC
chrXI	1423	2640	ATCTTGTTCTTAGAAGTGACGCATATTCTATACGGCCCGACGCGACGCGGCAAAAAATGAAAAAAGAAGCAGCTACTCAATTGTATTGTAGGACAAAGTGCTGCGAAGTCATACGCTTCCAATTTAATTGTTGTTTATTGGACATACTCAG
chrXI	1423	5150	ATCTTGTTCTTAGAAGTGACGCATATTCTATACGGCCCGACGCGACGCGCCAAAAAATGAAAAAAGAAGCAGCGACTCATTTTTATGGAAGGACAAAGTGCTGCGAAGTCATACGCTTCCAATTTCATTGTTGTTTATTGGACATACTCTG
chrXI	1423	5150	ATCTTGTTCTTAGAAGTGACGCATATTCTATACGGCCCGACGCGACGCGCCAAAAAATGAAAAAAGAAGCAGCGACTCATTTTTATGGAAGGACAAAGTGCTGCGAAGTCATACGCTTCCAATTTCATTGTTGTTTATTTGACATACTCTG
chrXI	1423	2640	ATCTTGTTCTTAGAAGTGACGCATATTCTATACGGCCCGACGCGACGCGCCAAAAAATGAAAAAAGAAGCAGCGACTCATTTTTATGGAAGGACACAGTGCTGCGAAGTCATACGCTTCCAATTTCATTGTTGTTTATTGGACATACT
chrXI	1423	1410	ATCTTGTTCTTAGAAGTGACGCACATTCTATACGGCCCGACGCGACGCGCCAAAAAATGAAAAAAGAAGCAGCGACTCATTTTTATGGAAGGACAAAGTGCTGCGAAGTCATACGCTTCCAATTTCATTGTTGTTTATTGGACATACTCTG
chrXI	1423	7530	ATCTTGTTCTTAGAAGTGACGCATATTCTATACGGCCCGACGCGACGCGCCAAAAAATGAAAAAAGAAGCAGCGACTCATTTTTATGGAAGGACAAAGTGCTGCGAAGTCATACGCTTCCAATTTCATTGTTGTTTATTGGACATACT
chrXI	1425	2640	CTTGTTCTTAGAAGTGACGCATATTCTAGACGGCCCGACGCGACGCGCCAAAAAATGAAAAAAGAAGCAGCGACTCATTTTTATGGAAGGACAAAGTGCTGCGAAGTCATACGCTTCCAATTTCATTGTTGTTTATTGGACATACTCTGTT
chrXI	1425	2640	CTTGTTCCTAGAAGTGACGCATATTCTATACGGCCCGACGCGACGCGCCAAAAAATGAAAAAAGAAGCAGCGACTCATTTTTATGGAAGGACAAAGTGCTGCGAAGTCATACGTTTCCAATTTCATTGTTGTTTATTGGACATACTCTAT
chrXI	1427	2640	TGTTCCTAGAAGTGACGCATATTCTATACGGCCCGACGCGACGCGCCAAAAAATGAAAAAAGAAGCAGCGACTCATTTTTATGGAAGGACAAAGTGCTGCGAAGTCATACGTTTCCAATTTCATTGTTGTTTATTGGACATACTCT(ATCAG)
chrXI	1427	1410	TGTTCTTAGAAGTGACGCATATTCTATACGGCCCGACGCGACGCGCCAAAAAATGAAAAAAGAAGCAGCGACTCATTTTTATGGAAGGACAAAGTGCTGCGAAGTCATACGCTTCCAATTTCATTGTTGTTTATTGGACATACTCTGTT
chrXI	1427	5150	TGTTCTTAGAAGTGACGCATATTCTATACGGCCCGACGCGACGCGCCAAAAAATGAAAAAAGAAGCAGCGACTCATTTTTATGGAAGGACAAAGTGCTGCGAAGTCATACGCTTCCAATTTCATTGTTGTTTATTGGACATACTCTGT
chrXI	1427	2640	TGTTCCTAGAAGTGACGCATATTCTATACGGCCCGACGCGACGCGCCAAAAAATGAAAAAAGAAGCAGCGACTCATTTTTATGGAAGGACAAAGTGCTGCGAAGTCATACGTTTCCAATTTCATTGTTGTTTATTGGACATACTCT(ATCAG)
chrXI	1427	5150	TGTTCTTAGAAGTGACGCATATTCTATACGGCCCGACGCGACGCGCCAAAAAATGAAAAAAGAAGCAGCGACTCATTTTTATGGAAGGACAAAGTGCTGCGAAGTCATACGCTTCCAATTTCATTGTTGTTTATTGGACATACTCTG
chrXI	1428	1410	GTTCTTAGAAGTGACGCATATTCTATACGGCCCGACGCGACGCGCCAAAAAATGAAAAAAGAAGCAGCGACTCATTTTTATGGAAGGACAAAGTGCTGCGAAGTCATACGCTTCCAATTTCATTGTTGTTTATTGGACATACTCTGTTAG
chrXI	1428	1410	GTTCTTAGAAGTGACGCATATTCTATACGGCCCGACGCGACGCGCCAAAAAATGAAAAAAGAAGCAGCGACTCATTTTTATGGAAGGACAAAGTGCTGCGAAGTCATACGCTTCCAATTTCATTGTTGTTTATTGGACATACTCTGTTAG
chrXI	1428	10150	GTTCCTAGAAGTGACGCATATTCTATACGGCCCGACGCGACGCGCCAAAAAATGAAAAAAGAAGCAGCGACTCATTTTTATGGAAGGACAAAGTGCTGCGAAGTCATACGTTTCCAATTTCATTGTTGTTTATTGGACATACTCT(ATCAG)
chrXI	1429	70	TTCTTAGAAGTGACGCATATTATATACGGCCCGACGCGACGCGCCAAAAAATGAAAAAAGAAGCAGCGACTCATTTTTATGGAAGGACAAAGTGCTGCGAAGTCATACGCTTCCAATTTCATTGTTGTTTATTGGACATACTCTGTTAGCT
chrXI	1429	7530	TTCTTAGAAGTGACGCATATTCTATACGGCCCGACGCGACGCGCCAAAAAATGAAAAAAGAAGCAGCGACTCATTTTTATGGAAGGACAAAGTGCTGCGAAGTCATACGCTTCCAATTTCATTGTTGTTTATTGGACATACTCTGTTAGC
chrXI	1429	70	TTCTTAGAAGTGACGCATATTTTAGAAGGCCGGACGCGAAGCGCCAAAACATGAAAAAAGAAGCACCGAGTCATTAGGAAGGAAGGACAAAGTGCGGTGAAGTCAGACGCTACCAATTTCATAGTTGTTTATTGGACATACTCTGTTAGC
chrXI	1429	7530	TTCTTAGAAGTGACGCATATTCTATCCGGCCCGACGCGACGCGCCAAAAAATGAAAAAAGAAGCAGCGACTCATTTTTATGGAAGGACAAAGTGCTGCGAAGTCATACGCTTCCAATTTCATTGTTGTTTATTGGACATACTCTGTTAGCT
chrXI	1429	1410	TTCTTAGAAGTGACGCATATTCTATACGGCCCGACGCGACGCGCCAAAAAATGAAAAAAGAAGCAGCGACTCATTTTTATGGAAGGACAAAGTGCTGCGAAGTCATACGCTTCCAATTTCATTGTTGTTTATTGGACATACTCTGTTAGCT
chrXI	1429	70	TTCTTAGAAGTGACGCATATTCTATACGGCCCGACGCGACGCGCCAAAAAATGAAAAAAGAAGCAGCGACTCATTTTTATGGAAGGACAAAGTGCTGCGAAGTCATACGCTTCCAATTTCATTGTTGTTTATTGGACATACTCTGTTAGC
chrXI	1429	2640	TTCTTAGAAGTGACGCATATTCTATACGGCCCGACGCGACGCGCCAAAAAATGAAAAAAGAAGCAGCGACTCATTTTTATGGAAGGACAAAGTGCTGCGAAGTCATACGCTTCCAATTTCATTGTTGTTTATTGGACATACTCTGTTAGCT
chrXI	1429	2640	TTCTTAGAAGTGACGCATATTCTATACGGCCCGACGCGACGCGCCAAAAAATGAAAAAAGAAGCAGCGACTCATTTTTATGGAAGGACAAAGTGCTGCGAAGTCATACGCTTCCAATTTCATTGTTGTTTATTGGACATACTCTGTTAGCT
chrXI	1430	2640	TCTTAGAAGTGACGCATATTCTATACGGCCCGACGCGACGCGCCAAAAAATGAAAAAAGAAGCAGCGACTCATTTTTATGGAAGGACAAAGTGCTGCGAAGTCATACGCTTCCAATTTCATTGTTGTTTATTGGACATACTCTGTTAGCTT
chrXI	1430	1410	TCTTAGATGTGACGCATATTCTATACGGCCCGACGCGACGCGCCAAAAAATGTAAAAAGAAGCAGCGTCTCATTTTTATGGATGGACAAAGTGCTGCGAAGTCATACGCTTCCAATTTCATTGTTGTTTATTGGACATACTCTGTTAGC
chrXI	1430	1410	TCTTAGAAGTGACGCATATTCTATACGGCCCGACGCGACGCGCCAAAAAATGAAAAAAGAAGCAGCGACTCATTTTTATGGAAGGACAAAGTGCTGCGAAGTCATACGCTTCCAATTTCATTGTTGTTTATTGGACATACTCTGTTAGCT
chrXI	1430	5150	TCTTAGAAGTGACGCATATTCTATACGGCCCGACGCGACGCGCCAAAAAATGAAAAAAGAAGCAGCGACTCATTTTTATGGAAGGACAAAGTGCTGCGAAGTCATACGCTTCCAATTTCATTGTTGTTTATTGGACATACTCTGTTAGCTT
chrXI	1430	2640	TCTTAGAAGTGACGCATATTCTATACGGCCCGACGCGACGCG(A)CAAAAAAATGAAAAAAGAAGCAGCGACTCATTTTTATGGAAGGACAAAGTGCTGCGAAGTCATACGCTTCCAATTTCATTGTTGTTTATTGGACATACACTGTTAGCT
chrXI	1430	2640	TCCTAGAAGTGACGCATATTCTATACGGCCCGACGCGACGCGCCAAAAAATGAAAAAAGAAGCAGCGACTCAGTTTTATGGAAGGACAAAGTGCTGCGAAGTCATACGTTTCCAATTTCATTGTTGTTTATTGGACATACTCTATCAGCTT
chrXI	1430	1410	TCTTAGAAGTGACGCATATTCTATACGGCCCGACGCGACGCGCCAAAAAATGAAAAAAGAAGCAGCGACTCATTTTTATGGAAGGACAAAGTGCTGCGAAGTCATACGCTTCCAATTTCATTGTTGTTTATTTGACATACTCTGTTAGCTT
chrXI	1430	1410	TCTTAGAAGTGACGCATATTCTATACGGCCCGACGCGACGCGCCAAAAAATGAAAAAAGAAGCAGCGACTCATTTTTATGGAAGGACAAAGTGCTGCGAAGTCATACGCTTCCAATTTCATTGTTGTTTATTGGACATACTCTGTTAGC
chrXI	1430	1410	TCTTAGAAGTGACGCATATTCTATACGGCCCGACGCGACGCGCCAAAAAATGAAAAAAGAAGCAGCGACTCATTTTTATGGAAGGACAAAGTGCTGCGAAGTCATACGCTTCCAATTTCATTGTTGTTTATTGGACATACTCTGTTAGCT
chrXI	1430	70	TCTTAGAAGTGACGCATATTCTATACGGCCCGACGCGACGCGCCAAAAAATGAAAAAAGTAGCAGCGACTCATTTTTATGGAAGGACAAAGTGCTGCGAAGTCATACGCTTCCAAATTCATTGTTGTTTATTGGACATACTCTGTTAGCTT
chrXI	1430	7530	TCTTAGAAGTGACGCATATTCTATACGGCCCGACGCGACGCGCCAAAAAATGAAAAAAGAAGCAGCGACTCATTTTTATGGAAGGACAAAGTGCTGCGAAGTCATACGCTTCCAATTTCATTGTTGTTTATTGGACATACTCTGTTAGCT
chrXI	1430	1410	TCCTAGAAGTGACGCATATTCTATACGGCCCGACGCGACGCGCCAAAAAATGAAAAAAGAAGCAGCGACTCATTTTTATGGAAGGACAAAGTGCTGCGAAGTCATACGTTTCCAATTTCATTGTTGTTTATTGGACATACTCT(ATCCGCC)
chrXI	1430	7530	TCTTAGAAGTGTCGCATATTCGATAGGGCCCGACGCGTCGCGCCACAAAATGATAAAAGATGCAGCGTCTCATTTTTATGGAAGGACAAAGTGCTGCGAAGTCATACGCTTCCAATTAGAATGTTGTTTATTGGACATACTCTGTTAGCTA
chrXI	1430	1410	TCTTAGAAGTGACGCATATTCTATACGGCCCGACGCGACGCGCCAAAAAATGAAAAAAGAAGCAGCGACTCATTTTTATGGAAGGACAAAGTGCTGCGAAGTCATACGCTTCCAATTTCATTGTTGTTTATTGGACATACTCTGTTAGCTT
chrXI	1431	70	CTTAGAAGTGACGCATATTCTATACGGCCCGACGCGACGCGCCATAAAATGAAAAAAGAAGCAGCGACTCATTTTTAGGGAAGGACAAAGTGCTGCGAAGTCATACGCTTCCAATTTCATTGTTGTTTATGGGACATACTCTGTTAGCTTT
chrXI	1431	7530	CTTAGAAGTGACGCATATTCTATACGGCCGGACGCGACGCGCCAAAAAATGAAAAAAGAAGCAGCGACTCATTTTTATGGAAGGACAAAGTGCTGCGAAGTCATACGCTTCCAATTTCATTGTTGTTTATTGGACATACTCTGTTAGCTTT
chrXI	1431	2640	CTTAGAAGTGACGCATATTCTATACGGCCCGACGCGACGCGCCAAAAAATGAAAAAAGAAGCAGCGACTCATTTTTATGGAAGGACAAAGTGCTGCGAAGTCATACGCTTCCAATTTCATTGTTGTTTATTGGACATACTCTGTTAGCTTT
chrXI	1431	2640	CCTAGAAGTGACGCATATTCTATACGGCCCGACGCGACGCGCCAAAAAATGAAAAAAGAAGCAGCGACTCATTTTTATGGAAGGACAAAGTGCTGCGAAGTCATACGTTTCCAATTTCATTGTTGTTTATTGGACATACTCTATCAGCTTT
chrXI	1435	5150	GAAGTGACGCATATTCTATACGGCCCGACGCGACGCACCAAAAAATGAAAAAAGAAGCAGCGACTCATTTTTATGGAAGGACAAAGTGCTGCGAAGTCATACGCTTCCAATTTCATTGTTGTTTATTGGACATACTCTGTTAGCTTTATT
chrXI	1435	5150	GAAGTGACGCATATTCTATACGGCCCGACGCGACGCGCCAAAAAATGAAAAAAGAAGCAGCGACTCATTTTTATGGAAGGACAAAGTGCTGCGAAGTCATACGCTTCCAATTTCATTGTTGTTTATTGGACATACTCTGTTAGCTTTATTA
chrXI	1435	7530	GAAGTGACGCATATTCTATACGGCCCGACGCGACGCGCCAAAAAATGAAAAAAGAAGCAGCGACTCATTTTTATGGAAGGACAAAGTGCTGCGAAGTCATACGTTTCCAATTTCATTGTTGTTTATTGGACATACTCT(ATCAGCTTTCA)
chrXI	1436	7530	AAGAGACGCATATTCTATACGGCCCGACGCGACGCGCCAAAAAATGAAAAAAGAAGCAGCGACTCATTTTTATGGAAGGACAAAGTGCTGCGAAGTCATACGCTTCCAATTTCATTGTTGTTTATTGGACATACTCTGTTAGCTTTATT
chrXI	1436	5150	AAGTGACGCATATTCTATACGGCCCGACGCGACGCGCCAAAAAATGAAAAAAGAAGCAGCGACTCATTTTTATGGAAGGACAAAGTGCTGCGAAGTCATACGCTTCCAATTTCATTGTTGTTTATTGGACATACTCTGTTAGCTTTATTAC
chrXI	1436	5150	AAGTGACGCATATTCTATACGGCCCGACGCGACGCGCCAAAAAATGAAAAAAGAAGCAGCGACTCATTTTTATGGAAGGACAAAGTGCTGCGAAGTCATACGCTTCCAATTTCATTGTTGTTTATTGGACATACTCTGTTAGCTTTATTAC
chrXI	1436	2640	AAGTGTCGCATTTTCTATACGGTCCGACGGGACGCGCCAAAAAATGAAAAAAGATGCAGCGATTCATTTTTATGGAAGTACAAAGTTAAGCGATGTCATACGCTTACTATTACATTGTTGTTTAGTGGACATACTCTGTTAGCTTTATTAC
chrXI	1436	10150	AAGTGACGCATATTCTATACGGCCCGACGCGACGCGCCAAAAAATGAAAAAAGAAGCAGCGACTCATTTTTATGGAAGGACAAAGTGCTGCGAAGTCATACGCTTCCAATTTCATTGTTGTTTATTGGACATACTCTGTTAGCTTTATTAC
chrXI	1436	2640	AAGTGACGCATATTCTATACGGCCCGACGCGACGCGCCAAAAAATGAAAAAAGAAGCAGCGACTCATTTTTATGGAAGGACAAAGTGCTGCGAAGTCATACGCTTCCAATTTCATTGTTGTTTATTGGACATACTCTGTTAGCTTTATTAC
chrXI	1436	70	AAGTGACGCATATTCTATACGGCCCGACGCGACGCGCCAAAAAATGAAAAAAGAAGCAGCGACTCATTTTTATGGAAGGACAAAGTGCTGCGAAGTCATACGCTTCCAATTTCATTGTTGTTTATTGGACATACTCTGTTAGCTTTATTAC
chrXI	1436	70	AAGTGACGCATATTCTATACGGCCCGACGCGACGCGCCAAAAAATGAAAAAAGAAGCAGCGACTCATTTTTATGGAAGGACAAAGTGCTGCGAAGTCATACGCTTCCAATTTCATTGTTGTTTATTGGACATACTCTGTTAGCTTTATTAC
chrXI	1436	2640	AAGTGACGCAAATTCTATACGGCCCGACGCGACGCGCCAAAAAATGAAAAAAGAAGCAGCGACTCATTTTTATGGAAGGACAAAGTGCTGCGAAGTCATACGTTTCCAATTTCATTGTTGTTTATTGGACATACTCT(ATCAGCTTTCACT)
chrXI	1436	70	AAGTGACGCATATTCTATACGGCCCGACGCGACGCGCCAAAAAATGAAAAAAGAAGCAGCGACTCATTTTTATGGAAGGACAAAGTGCTGCGAAGTCATACGCTTCCAATTTCATTGTTGTTTATTGGACATACTCTGTTAGCTTTATTAC
chrXI	1436	70	AAGTGACGCATATTCTATACGGCCCGACGCGACGCGCCAAAAAATGAAAAAAGAAGCAGCGACTCATTTTTATGGAAGGACAAAGTGCTGCGAAGTCATACGCTTCCAATTTCATTGTTGTTTATTGGACATACTCTGTTAGCTTTATTAC
chrXI	1436	70	AAGTGACGCATATTCTATACGGCCCGACGCGACGCGCCAAAAAATGAAAAAAGAAGCAGCGACTCATTTTTATGGAAGGACAAAGTGCTGCGAAGTCATACGCTTCCAATTTCATTGTTGTTTATTGGACATACTCTGTTAGCTTTATTAC
chrXI	1436	70	AAGTGACGCATATTCTATACGGCCCGACGCGACGCGCCAAAAAATGAAAAAAGAAGCAGCGACTCATTTTTATGGAAGGACAAAGTGCTGCGAAGTCATACGCTTCCAATTTCATTGTTGTTTATTGGACATACTCTGTTAGCTTTATTAC
chrXI	1436	10150	AAGTGACGCATATTCTATACGGCCCGACGCGACGCGCCAAAAAATGAAAAAAGAAGCAGCGACTCATTTTTATGGAAGGACAAAGTGCTGCGAAGTCATACGCTTCCAATTTCATTGTTGTTTATTGGACATACTCTGTTAGCTTTATTAC
chrXI	1439	2640	TGACGCATATTCTATACGGCCCGTCGCGACGCGCCAAAAAATGAAAAAAGAAGCATCGACTAATTTTTATGGAAGGACAAAGTGCTGCGAAGTCATACGCTTCCAATTTCATTGTTGTGTATTGGACATACTCTGTTAGCTTTATTACCG
chrXI	1439	7530	TGACGCATATTCTATACGGCCCGACGCGACGCGCCAAAAAATGAAAAAAGAAGCAGCGACTCATTTTTATGGAAGGACAAAGTGCTGCGAAGTCATACGCTTCCAATTTCATTGTTGTTTATTGGACATACTCTGTTAGCTTTATTACCG
chrXI	1439	7530	TGACGCATATTCTATACGGCCGGACGCGACGCGCCAAAAAATGAAAAAAGAAGCAGCGACTCATTTTTATGGAAGGACAAAGTGCTGCGAAGTCATACGCTTCCAATTTCATTGTTGTTTATTGGACATACTCTGTTAGCTTTATTACCG
chrXI	1439	7530	TGACGCATATTCTATACGGCCCGACGCGACGCGCCAAAAAATGAAAAAAGAAGCAGCGACTCATTTTTATGGAAGGACAAAGTGCTGCGAAGTCATACGCTTCCAATTTCATTGTTGTTTATTGGACATACTCTGTTAGCTTTATTACCG
chrXI	1440	5150	GACGCATATTCTATACGGCCCGACGCGACGCGCCAAAAAATGAAAAAAGAAGCAGCGACTCATTTTTATGGAAGGACAAAGTGCTGCGAAGTCATACGCTTCCAATTTCATTGTTGTTTATTGGACATACTCTGTTAGCTTTATTACCGTC
chrXI	1440	70	GACGCATATTCTATACGGCCCGACGCGACGCGCCAAAAAATGAAAAAAGAAGCAGCGACTCATTTTTATGGAAGGACAAAGTGCTGCGAAGTCATACGCTTCCAATTTCATTGTTGTTTATTGGACATACTCTGTTAGCTTTATTACCGT
chrXI	1440	1410	GACGCATATTCTATACGGCCCGACGCGACGCGCCAAAAAATGAAAAAAGAAGCAGCGACTCATTTTTATGGAAGGACAAAGTGCTGCGAAGTCATACGCTTCCAATTTCATTGTTGTTTATTGGACATACTCTGTTAGCTTTATTACCGTC
chrXI	1441	7530	ACGCATATTCTATACGGCCCGACGCGACGCGCCAAAAAATGAAAAAAGAAGCAGCGACTCATTTTTATGGAAGGACAAAGTGCTGCGAAGTCATACGCTTCCAATTTCATTGTTGTTTATTGGACATACTCTGTTAGCTTTATTACCGTC
chrXI	1441	2640	ACGCATATTCTATACGGCCCGACGCGACGCGCCAAAAAATGAAAAAAGAAGCAGCGACTCATTTTTATGGAAGGACAAAGTGCTGCGAAGTCATACGCTTCCAATTTCATTGTTGTTTATTGGACATACTCTGTTAGCTTTATTACCGTC
chrXI	1442	70	CGCATATTCTATACGGCCCGACGCGACGCGCCAAAAAATGAAAAAAGAAGCAGCGACTCATTTTTATGGAAGGACAAAGTGCTGCGAAGTCATACGCTTCCAATTTCAT
chrXI	1442	7530	CGCATATTCTATACGGCCCGACGCGACGCGCCAAAAAATGAAAAAAGAAGCAGCGACTCATTTTTATGGAAGGACAAAGTGCTGCGAAGTCATACGCTTCCAATTTCATTGTTGTTTATTGGACATACTCTGTTAGCTTTATTACCGTCCA
chrXI	1442	10150	CGCATATTCTATACGGCCGGACGCGACGCGCCAAAAAATGAAAAAAGAAGCAGCGACTCATTTTTATGGAAGGACAAAGTGCTGCGAAGTCATACGCTTCCAATTTCATTGTTGTTTATTGGACATACTCTGTTAGCTTTATTACCGTCCC
chrXI	1442	2640	CGCATATTCTATACGGCCCGACGCGACGCGCCAAAAAATGAAAAAAGAAGCAGCGACTCATTTTTATGGAAGGACAAAGTGCTGCGAAGTCATACGCTTCCAATTTCATTGTTGTTTATTGGACATACTCTGTTAGCTTTATTACCGTCCA
chrXI	1442	70	CGCATATTCTATACGGCCCGACGCGACGCGCCAAAAAATGAAAAAAGAAGCAGCGACTCATTTTTATGGAAGGACCAAGTGCTGCGAAGTCCTACGCTTCCAATTTCAT
chrXI	1442	10150	CGCATATTCTATACGGCCCGACGCGACGCGCCAAAAAATGAAAAAAGAAGCAGCGACTCATTTTTATGGAAGGACAAAGTGCTGCGAAGTCATACGCTTCCAATTTCATTGTTGTTTATTGGACATACTCTGTTAGCTTTATTACCGTCC
chrXI	1442	10150	CGCATATTCTATACGGCCCGACGCGACGCGCCAAAAAATGAAAAAAGAAGCAGCGACTCATTTTTATGGAAGGACAAAGTGCTGCGAAGTCATACGCTTCCAATTTCATTGTTGTTTATTGGACATACTCTGTTAGCTTTATTACCGTCC
chrXI	1443	2640	GCATATTCTATACGGCCCGACGCGACGCGCCAAAAAATGAAAAAAGAAGCAGCGACTCATTTTTATGGAAGGACAAAGTGCTGCGAAGTCATACGTTTCCAATTTCATTGTTGTTTATTGGACATACTCT(ATCAG)
chrXI	1443	2640	GCATATTCTATACGGCCCGACGCGACGCGCCAAAAAATGAAAAAAGAAGCAGCGACTCATTTTTATGGAAGGACAAAGTGCTGCGAAGTCATACGTTTCCAATTTCATTGTTGTTTATTGGACATACTCT(ATCAG)
chrXI	1444	5150	CATATTCTATACGGCCCGACGCGACGCGCCAAAAAATGAAAAAAGAAGCAGCGACTCATTTTTATGGAAGGACAAAGTGCTGCGAAGTCATACGCTTCCAATTTCATTGTTGTTTATTGGACATACTCTGTTAGCTTTATTACCGTCCACG
chrXI	1445	70	ATATTCTATACGGCCCGACGCGACGCGCCAAAAAATGAAAAAAGAAGCAGCGACTCATTTTTATGGACGGACAAAGTGCTGCGAAGTCATACGCTTCCAATTTCATTGTTGTTTATTGGACATACTCTGTTAGCTTTATTACCGTCCACG
chrXI	1446	1410	TATTCTATACGGCCCGACGCGACGCGCCAAAAAATGAAAAAAGAAGCAGCGACTCATTTTTATGGAAGGACAAAGTGCTGCGAAGTCATACGCTTCCAATTTCATTGTTGTTTATTGGACATACTCTGTTAGCTTTATTACCGTCCACGCT
chrXI	1446	7530	TATTCTATACGGCCCGACGCGACGCGCCAAAAAATGAAAAAAGAAGCAGCGACTCATTTTTATGGAAGGACAAAGTGCTGCGAAGTCATACGCTTCCAATTTCATTGTTGTTTATTGGACATACTCTGTTAGCTTTATTACAGTCCACG
chrXI	1446	2640	TATTCTATACGGCCCGACGCGACGCGCCAAAAAATGAAAAAAGAAGCAGCGACTCATTTTTATGGAAGGACAAAGTGCTGCGAAGTCATACGCTTCCAATTTCATTGTTGTTTATTGGACATACTCTGTTAGCTTTATTAC
chrXI	1446	2640	TATTCTATACGGCCCGACGCGACGCGCCAAAAAATGAAAAAAGAAGCAGCGACTCATTTTTATGGAAGGACAAAGTGCTGCGAAGTCATACGCTTCCAATTTCATTGTTGTTTATTGGACATACTCTGTTAGCTTTATTAC
chrXI	1446	2640	TATTCTATACGGCCCGACGCGACGCGCCAAAAAATGAAAAAAGAAGCAGCGACTCATTTTTATGGAAGGACAAAGTGCTGCGAAGTCATACGCTTCCAATTTCATTGTTGTTTATTGGACATACTCTGTTAGCTTTATTAC
chrXI	1446	2640	TATTCTATACGGCCCGACGCGACGCGCCAAAAAATGAAAAAAGAAGCAGCGACTCATTTTTATGGAAGGACAAAGTGCTGCGAAGTCATACGCTTCCAATTTCATTGTTGTGTATTGGACATACTCTGTTAGCGTGATTAC
chrXI	1446	2640	TATTCTATACGGCCCGACGCGACGCGCCAAAAAATGAAAAAAGAAGCAGCGACTCATTGTTATGGAAGGACATAGTGCTGCGAAGTCATACGCTTCCAATTTCATTGTTGTTTATTGGACATACTCTGTTAGCTTTATTACCGTCCACGCT
chrXI	1447	10150	ATTCTATACGGCCGGACGCGACGCGCCAAAAAATGAAAAAAGAAGCAGCGACTCATTTTTATGGAAGGACAAAGTGCTGCGAAGTCATACGCTTCCAATTTCATTGTTGTTTATTGGACTTACTCTGTTAGCTTTATTACCGTCCACGCTT
chrXI	1447	2640	ATTCTATACGGCCCGACGCGACGCGCCAAAAAATGAAAAAAGAAGCAGCGACTCATTTTTATGGAAGGACAAAGTGCTGCGAAGTCATACGCTTCCAATTTCATTGTTGTTTATTGGACATACTCTGTTAGCTTTATTACCGTCCACGCTT
chrXI	1447	2640	ATTCTATACGGCCCGACGCGACGCGCCAAAAAATGAAAAAAGAAGCAGCGACTCATTTTTATGGACGGACAAAGTGCTGCGAAGTCATACGTTTCCAATTTCATTGTTGTTTATTGGACATACTCT(ATCAGCTTTCACTCTCTTTCTGGAG)
chrXI	1447	70	ATTCTATACGGCCCGACGCGACGCGCCAAAAAATGAAAAAAGAAGCAGCGACTCATTTTTATGGAAGGACAAAGTGCTGCGAAGTCATACGCTTCCAATTTCATTGTTGTTTATTGGACATACTCTGTTAGCTTTATTACCGTCCACGCTA
chrXI	1447	7530	ATTCTATACGGCCCGACGCGACGCGCCAAAAAATGAAAAAAGAAGCAGCGACTCATGTTGATGGAAGGACCAAGTGCTGCGAAGTCATACGCTTCCAATTTCATTGTGGTGTATTGGACATACGCTGTTAGCTTTATTACCGTCCACGCTT
chrXI	1447	2640	ATTCTATACGGCCCGACGCGACGCGCCAAAAAATGAAAAAAGAAGCAGCGACTCATTTTTATGGAAGGACAAAGTGCTGCGAAGTCATACGCTTCCAATTTCATTGTTGTTTATTGGACATACTCTGTTAGCTTTATTACCGTCCACGCTT
chrXI	1447	7530	ATTCTATACGGCCCGACGCGACGCGCCAAAAAATGAAAAAAGAAGCAGCGACTCATTTTTATGGAAGGACAAAGTGCTGCGAAGTCATACGCTTCCAATTTCATTGTTGTTTATTGGACATACTCTGTTAGCTTTATTACCGTCCACGCTT
chrXI	1447	70	ATTCTATACGGCCCGACGCGACGCGCCAAAAAATGAAAAAAGAAGCAGCGACTCATTTTTATGGAAGGACAAAGTGCTGCGAAGTCATACGCTTCCAATTTCATTGTTGTTTATTGGACATACTCTGTTAGCTTTATTACCGTCCACGCTT
chrXI	1447	70	ATTCTATACGGCCCGACGCGACGCGCCAAAAAATGAAAAAAGAATCAGCGACTCATTTTTATGGAAGGACAAAGTGCTGCGAAGTCATACGCTTCCAATTTCATTGTTGTTTATTGGACATACTCTGTTAGATTTATTACCGTCCACGCTT
chrXI	1447	7530	ATTCTATACGGCCCGACGCGACGCGCCAAAAAATGAAAAAAGAAGCAGCGACTCATTTTTATGGAAGGACAAAGTGCTGCGAAGTCATACGCTTCCAATTTCATTGTTGTTTATTGGACATACTCTGTTAGCTTTATTACCGTCCACGCTT
chrXI	1447	1410	ATTCTATACGGCCCGACGCGACGCGCCAAAAAATGAAAAAAGAAGCAGCGACTCATTTTTATGGAAGGACAAAGTGCTGCGAAGTCATACGCTTCCAATTTCATTGTTGTTTATTGGACATACTCTGTTAGCTTTATTACCGTCCACGCTT
chrXI	1447	7530	ATTCTATACGGCCCGACGCGACGCGCCAAAAAATGAAAAAAGAAGCAGCGACTCATTTTTATGGAAGGACAAAGTGCTGCGAAGTCATACGCTTCCAATTTCATTGTTGTTTATTGGACATACTCTGTTAGCTTTATTACCGTCCACGCTT
chrXI	1447	1410	ATTCTATACGGCCCGACGCGACGCGCCAAAAAATGAAAAAAGAAGCAGCGACTCATTTTTATGGAAGGACAAAGTGCTGCGAAGTCATACGCTTCCAATTTCATTGTTGTTTATTGGACATACTCTGTTAGCTTTATTACCGTCCACGCTT
chrXI	1447	5150	ATTCTATACGGCCCGACGCGACGCGCCAAAAAATGAAAAAAGAAGCAGCGACTCATTTTTATGGAAGGACAAAGTGCTGCGAAGTCATACGCTTCCAATTTCATTGTTGTTTATTGGACATACTCTGTTAGCTTTATTACCGTCCACGCTT
chrXI	1447	5150	ATTCTATACGGCCCGACGCGACGCGCCAAAAAATGAAAAAAGAAGCAGCGACTCATTTTTATGGAAGGACAAAGTGCTGCGAAGTCATACGCTTCCAATTTCATTGTTGTTTATTGGACATACTCTGTTAGCTTTATTACCGTCCACGCTT
chrXI	1447	10150	ATTCTATACGGCCCGACGCGACGCGCCAAAAAATGAAAAAAGAAGCAGCGACTCATTTTTATGGAAGGACAAAGTGCTGCGAAGTCATACGCTTCCAATTTCATTGTTGTTTATTGGACATACTCTGTTAGCTTTATTACCGTCCACGCTT
chrXI	1447	70	ATTCTATACGGCCCGACGCGACGCGCCAAAAAATGAAAAAAGAAGCAGCGACTCATTTTTATGGAAGGACAAAGTGCTGCGA
chrXI	1447	70	ATTCTATACGGCCCGACGCGACGCGCCAAAAAATGAAAAAAGAAGCAGCGACTCATTTTTATGGAAGGACAAAGTGCTGCGA
chrXI	1447	5150	ATTCTATACGGCCCGACGCGACGCGCCAAAAAATGAAAAAAGAAGCAGCGACTCATTTTTATGGAAGGACAAAGTGCTGCGAAGTCATACGTTTCCAATTTCATTGTTGTTTATTGGACATACTCT(ATCAGCTTTCACTCTCTTTCTGG)
chrXI	1447	2640	ATTCTATACGGCCCGACGCGACGCGCCAAAAAATGAAAAAAGAAGCAGCGACTCATTTTTATGGAAGGACAAAGTGCTGCGAAGTCATACGCTTCCAATTTCATTGTTGTTTATTGGACATACTCTGTTAGCTTTATTACCGTCCATGCTT
chrXI	1447	1410	ATTCTATACGGCCCGACGCGACGCGCCAAAAAATGAAAAAAGAAGCAGCGACTCATTTTTATGGAAGGACAAAGTGCTGCGAAGTCAAACGTTTCCAATTTCATTGTTGTTTATTGGACATA(ATATATCAGCTTTCACTCTCTTTCTGGAT)
chrXI	1447	10150	ATTCTATACGGCCCGACGCGACGCGCCAAAAAATGAAAAAAGAAGCAGCGACTCATTTTTATGGAAGGACAAAGTGCTGCGAAGTCATACGTTTCCAATTTCATTGTTGTTTATTGGACATACTCT(ATCAGCTTTCACTCTCTTTCTGG)
chrXI	1447	7530	ATTCTATACGGCCCGACGCGACGCGCCAAAAAATGAAAAAAGAAGCAGCGACTCATTTTTATGGAAGGACAAAGTGCTGCGAAGTCATACGCTTCCAATATCATTGTTGTTTATTGGACATACTCTGTTAGCTTTATTACCGTCCACGCTT
chrXI	1447	7530	ATTCTATACGGCCCGACGCGACGCGCCAAAAAATGAAAAAAGAAGCAGCGACTCATTTTTATGGAAGGACAAAGTGCTGCGAAGTCATACGTTTCCAATTTCATTGTTGTTTATTGGACATACTCT(ATCAGCTTTCACTCTCTTTCTGGAG)
chrXI	1447	70	ATTCTATACGGCCCGACGCGACGCGCCAAAAAATGAAAAAAGAAGCAGCGACTCATTTTTATGGAAGGACAAAGTGCTGCGAAGTCATACGCTTCCAATTTCATTGTTGTTTATTGGACATACTCTGTTAGCT
chrXI	1447	2640	ATTCTATACGGCCCGACGCGACGCGCCAAAAAATGAAAAAAGAAGCAGCGACTCATTTTTATGGAAGGACAAAGTGCTGCGAAGTCATACGCTTCCAATTTCATTGTTGGTTATTGGACAAACTCTGTTAGCTTTATTACCGTCCACGCTT
chrXI	1447	5150	ATTCTATACGGCCCGACGCGACGCGCCAAAAAATGAAAAAAGAAGCAGCGACTAATTTTTATGGAAGGACAAAGTGCTGCGAAGTCATACGCTTCCAATTTCATTGTTGTTTATTGGACATACTCTGTTAGCTTTATTACCGTCCACGCTT
chrXI	1447	7530	ATTCTATACGGCCCGACGCGACGCGCCAAAAAATGAAAAAAGAAGCAGCGACTCATTTTTATGGAAGGACAAAGTGCTGCGAAGTCATACGCTTCCAATTTCATTGTTGTTTATTGGACATACTCTGTTAGCTTTATTACCGTCCACGCTT
chrXI	1447	2640	ATTCTATACGGCCCGACGCGACGCGCCAAAAAATGAAAAAAGAAGCAGCGACTCATTTTTATGGAAGGACAAAGTGCTGCGAAGTCATACGCTTCCAATTTCATTGTTGTTTATTGGACATACTCTGTTAGCTTTATTACCGTCAACGCTT
chrXI	1447	70	ATTCTATACGGCCCGACGCGACGCGCCAAAAAATGAAAAAAGAAGCAGCGACTCATTTTTATGGAAGGACAAAGTGCTGCGAAGTCATACGCTTCCAATTTCATTGTTGTTTATTGGACATACTCTGTTAGCTTTATTACCGTCCACGCTT
chrXI	1447	5150	ATTCTATACGGCCCGACGCGACGCGCCAAAAAATGAAAAAAGAAGCAGCGACTCATTTTTATGGAAGGACAAAGTGCTGCGAAGTCATACGCTTCCAATTTCATTGTTGTTTATTGGACATACTCTGTTAGCTTTATTACCGTCCACGCTT
chrXI	1447	70	ATTCTATACGGCCCGACGCGACGCGCCAAAAAATGAAAAAAGAAGCAGCGACTCATTTTTATGGAAGGACAAAGTGCTGCGACGTCATACGCTTCCAATTTCAGTGTTGTTTATTGGACATACTCTG(AAACCACAAAAAGCGAGGTCGCTT)
chrXI	1447	5150	ATTCTATACGGCCCGACGCGACGCGCCAAAAAATGAAAAAAGAAGCAGCGACTCATTTTTATGGAAGGACAAAGTGCTGCGAAGTCATACGCTTCCAATTTCATTGTTGTTTATTGGACATACTCTGTTAGCTTTATTACCGTCCACGCTT
chrXI	1447	2640	ATTCTATACGGCCCGACGCGACGCGCCAAAAAATGAAAAAAGAAGCAGCGACTCATTTTTATGGAAGGACAAAGTGCTGCGAAGTCATACGTTTCCAATTTCAGTGTTGTTTATTGGACATACTCT(ATCAGCTTTCACTCTCTGTCTGGAG)
chrXI	1447	5150	ATTCTATACGGCCCGACGCGACGCGCCAAAAAATGAAAAAAGAAGCAGCGACTCATTTTTATGGAAGGACAAAGTGCTGCGAAGTCATACGTTTCCAATTTCATTGTTGTTTATTGGACATACTCT(ATCAG)
chrXI	1447	70	ATTCTATACGGCCCGACGCGACGCGCCAAAAAATGAAATAAGAAGCAGCGACTCATTTTTATGGAAGGACAAAGTGCTGCGAAGTCATACGCTTCCAATTTCATTGTTGTTTATTGGACATACTCTGTTGGCTTTATTGCCGTCCACGCTT
chrXI	1447	70	ATTCTATACGGCCCGACGCGACGCGCCAAAAAATGAAAAAAGAAGCAGCGACTCATTTTTATGGAAGGACAAAGTGCTGCGAAGTCATACGCTTCCAATTTCATTGTTGTTTATTGGACATACTCGGTTAGCTTTATTACCGTCCACGCTT
chrXI	1447	5150	ATTCTATACGGCCCGACGCGACGCGCCAAAAAATGAAAAAAGAAGCAGCGACTCATTTTTATGGAAGGACAAAGTGCTGCGAAGTCATACGTTTCCAATTTCATTGTTGTTTATTGGACATACTCT(ATCAG)
chrXI	1447	70	ATTCTATACGGCCCGACGCGACGCGCCAAAAAATGAAAAAAGAAGCAGCGACTCATTTTTATGGTAGGACAAAGTGCTGCGAAGTCATACGCTTCCACTTTCATTGTTGTTTATTGGACATACTCTGATAGCTTTATTACCGTCCACGCTT
chrXI	1447	70	ATTCTATACGGCCCGACGCGACGCGCCAAAAAATGAAAAAAGAAGCAGCGACTCATTTTTATGGAAGGACAAAGTGCTGCGAAGTCATACGCTTCCCATTTCATTGTTGTTTATTGGACATACTCTGTTCGCTTTATTACCGTCCACGCTT
chrXI	1447	7530	ATTCTATACGGCCCGACGCGACGCGCCAAAAAATGAAAAAAGAAGCAGCGACTCATTTTTATGGAAGGACAAAGTGCTGCGAAGTCATACGCTTCCAATTTCATTGTTGTTTATTGGACATACTCTGTTAGCTTTATTACCGTCCACGCTT
chrXI	1447	5150	ATTCTATACGGCCCGACGCGACGCGCCAAAAAATGAAAAAAGAAGCAACGACTCATTTTTATGGAAGGACAAAGTGCTGCGAAGTCATACGCTTCCAATTTCATTGTTGTTTATTGGACATACTCTGTTAGCTTTATTACCGTCCACGCTT
chrXI	1447	70	TTTCTATTCGGCCCGACGCGTCGCGCCAAAAAATGAAAAAAGAAGCAGCGAGTCATTTTTATGGATGGCCAAAGTGCTGCGCAGTCATACACTTCCAATTTCATGTTTGTGTATTGCACATACTCTGTTAGCTTTATT(CACGACCACGCAT)
chrXI	1447	1410	ATTCTATACGGCCCGACGCGACGCGCCAAAAAATGAAAAAAGAAGCAGCGACTCATTTTTATGGAAGGACAAAGTGCTGCGAAGTCATACGCTTCCAATTTCATTGTTGTTTATTGGACATACTCTGTTAGCTTTATTACCGTCCACGCTT
chrXI	1447	2640	ATTCTATACGGCCCGACGCGACGCGCCAAAAAATGAAAAAAGAAGCAGCGACTCATTTTTATGGAAGGACAAAGTGCTGCGAAGTCATACGCTTCCAATTTCATTGTTGTTTATTGGACATACTCTGTTAGCTTTATTACCGTCCACGCTT
chrXI	1447	2640	TTTCTATACGGCCCGACGCGACGCGCCAAAAAATGAAAAAAGAAGCAGCGACTCATTTTTATGGAAGGACAAAGTGCTGCGAAGTCATACGCTTCCAATTTCATTGTTGTTTATTGGACATACTCTGTTAGCTTTATTACCGTCCACGCTT
chrXI	1447	7530	ATTCTATACGGCCCGACGCGACGCGCCAAAAAATGAAAAAAGAAGCAGCGACTCATTTTTATGGAAGGACAAAGTGCTGCGAAGTCATACGCTTCCAATTTCATTGTTGTTTATTGGACATACTCTGTTAGCTTTATTACCGTCCACGCTT
chrXI	1447	70	ATTCTATACGGCCCGACGCGACGCGCCAAAAAATGAAAAAAGAAGCAGCGACTCATTTTTATGGAAGGACAAAGTGCTGCGAAGTCATACGCTTCCAATTTCATTGTTGTTTATTGGACATACTCTGTTAGCT
chrXI	1448	10150	TTCTATACGGCCCGACGCGACGCGCCAAAAAATGAAAAAAGAAGCAGCGACTCATTTTTATGGAAGGACAAAGTGCTGCGAAGTCATACGCTTCCAATTTCATTGTTGTTTATTGGACATACTC
chrXI	1448	10150	TTCTATACGGCCCGACGCGACGCGCCAAAAAATGAAAAAAGAAGCAGCGACTCATTTTTATGGAAGGACAAAGTGCTGCGAAGTCATACGCTTCCAATTTCATTGTTGTTTATTGGACATACTC
chrXI	1448	2640	TTCTATACGGCCCGACGCGACGCGCCAAAAAATGAAAAAAGAAGCAGCGACTCATTTTTATGGAAGGACAAAGTGCTGCGAAGTCATACGTTTCCAATTTCATTGTTGTTTATTGGACATACTCT(ATCAGCTTTCACTCTCTTTCTGGAGT)
chrXI	1448	2640	TTCTATACGGCCCGACGCGACGCGCCAAAAAATGAAAAAAGAAGCAGCGACTCATTTTTATGGAAGGACAAAGTGCTGCGAAGTCATACGTTTCCAATTTCATTGTTGTGTATTGGACATACTCT(ATCAGCTTTCACTCTCTTTCTGGAGT)
chrXI	1448	70	TTCTATCCGGCCCGACGCGACGCGCCAAAAAATGAAAAAAGAAGCAGCGACTCATTTTTATGGAAGGACAAAGTGCTGCGAAGTCATACGTTTCCAATTTCATTGTTGTTTATTGGACATACTCT(ATCAGCTTTCACTCTCTTTCTGGAGT)
chrXI	1448	70	TTCTATACGGCCCGACTCGACGCGCCAAAAAATGAAAAAAGAAGCAGCGACTCATTTTTATGGAAGGACAAAGTGCTGCGAAGTCATACGTTTCCAATTTCATTGTTGTTTATTGGACATACTCT(ATCAGCTTTCACTCTCTTTCTGGAGT)
chrXI	1448	70	TTCTATACGGCCCGACGCGTCGAGCCAAAAAATGAATAAAGAAGGAGCGACTCATTTTTATGGAAGGACAAAGTGCTGCGTATTAATACGTTTCCAATTTCTTTGTTGTTTATTGGACATACTCT(ATCAGCTTTCACTCTCTTTCTTGAGT)
chrXI	1448	2640	TTCTATACGGCCCGACGCGACGCGCCAAAAAATGAAAAAAGAAGCAGCGACTCATTTTTATGGAAGGACAAAGTGCTGCGAAGTCATACGTTTCCAATTTCATTGTTGTTTATTGGACATACTCT(ATCAGCTTTCACTCTCTTTCTGGAGT)
chrXI	1448	70	TTCTATACGGCCCGACGCGACGCGCCAAAAAATGAAAAAAGAAGCAGCGACTCATTTTTATGGAAGGACAAAGTGCTGCGAAGTCATACGTTTCCAATTTCATTGTTGTTTATTGGACATACTCT(ATCAGCTTTCACTCTCTTTCTGGAGT)
chrXI	1449	5150	TCTATACGGCCCGACGCGACGCGCCAAAAAATGAAAAAAGAAGCAGCGACTCATTTTTATGGAAGGACAAAGTGCTGCGAAGTCATACGTTTCCAATTTCATTGTTGTTTATTGGACATACTCT(ATCAGCTTTCACTCTCTTTCTGGAGT)
chrXI	1449	70	(TG)TCTATACGGCCCGACGCGACGCGCCAAAAAATGAAAAAAGAAGCAGCGACTCATTTTTATGGAAGGACAAAGTGCTGCGAAGGCATACGCTTCCAATTTCATTGTTGTTTATTGGACATACTCTGTGAGCTTTAATACCGTCCACGCTT
chrXI	1450	5150	CTATACGGCCCGACGCGACGCGCCAAAAAATGAAAAAAGAAGCAGCGACTCATTTTTATGGAAGGACAAAGTGCTGCGAAGTCATACGTTTCCAATTTCATTGTTGTTTATTGGACATACTCT(ATCAGCTTTCACTCTCTTTCTGGAGT)
chrXI	1450	2640	CTATACGGCCCGACGCGACGCGCCAAAAAATGAAAAAAGAAGCAGCGACTCATGTTTATGGAAGGACAAAGTGCTGCGAAGTCATACGCTTCCAATTTCATTGTTGTTTATTGGACATACTCTGTTAGCTTTATTACCGTCCACGCTTTTT
chrXI	1450	7530	CTATACGGCCCGACGCGACGCGCCAAAAAATGAAAAAAGAAGCAGCGACTCATTTTTATGGAAGGACAAAGTGCTGCGAAGTCATACGTTTCCAATTTCATTGTTGTTTATTGGACATACTCT(ATCAGCTTTCACTCTCTTTCTGGAGTAG)
chrXI	1450	70	CTATACGGCCCGACGCGACGCGCCAAAAAATGAAAAAAGAAGCAGCGACTCATTTTTATGGAAGGACAAAGTGCTGCGAAGTCATACGCTTCCAATTTCATTGTTGTTTATTGGACATACTCTGTTAGCTTTATTACCGTCCACGCTTTTT
chrXI	1450	70	CTATACGGCCCGACGCGACGCGCCAAAAAATGAAAAAAGAAGCAGCGACTCATTTTTATGGAAGGACAAAGTGCTGCGAAGTCATACGCTTCCAATTTCATTGTTGTTTATTGGACATACTCTGTTAGCTTTATTACCGTCCACGCTTTTT
chrXI	1450	5150	CTATACGGCCCGACGCGACGCGCCAAAAAATGAAAAAAGAAGCAGCGACTCATTTTTATGGAAGGACAAAGTGCTGCGAAGTCATACGCTTCCAATTTCATTGTTGTTTATTGGACATACTCTGTTAGCTTTATTACCGTCCACGCTTTTT
chrXI	1450	2640	CTATACGGCCCGACGCGACGCGCCAAAAAATGAAAAAAGAAGCAGCGACTCATTTTTATGGAAGGACAAAGTGCTGCGAAGTCATACGCTTCCAATTTCATTGTTGTTTATTGGACATACTCTGTTAGCTTTATTACCGTCCACGCTTTTT
chrXI	1452	70	(TTTCA)ATACGGCCAGACGCGACGCGCC(A)AAAAAATGAAAAAACAACCAGCGACACATTTTAAAGGAAGGACAAAGACCTGCGAAGTC(CAACTCTACCAAATTCATTGTGGATTAATGGAAATACACCCAAAACAAGATTAACTACCACG)
chrXI	1452	2640	ATACGGCCCGACGCGACGCGCCAAAAAATGAAAAAAGAAGCAGCGACTCATTTTTATGG
chrXI	1452	2640	ATACGGCCCGACGCGACGCGCCAAAAAATGAAAAAAGAAGCAGCGACTCATTTTTATGG
chrXI	1452	2640	ATACGGCCCGACGCGACGCGCCAAAAAATGAAAAAAGAAGCAGCGACTCATTTTTATGGAAGGACAAAGTGCTGCGAAGTCATACGCTTCCAATTTCATTGTTGTTTATTGGACATACTCTGTTAGCTTTATTACCGTCCACGCTTTTTCT
chrXI	1453	7530	(CACAAAAAAACACCCACACAAAAACACCCAAACAAACCAACACACCCAAACACCCACGGCCCACAACACCAAACAACGACATACAAGTCCCCCAGCTACGC)TACGGCCCCACGCGACGCGCCAAAAAAGGAAAAAAGACGCAGCG(CCGC)
chrXI	1454	70	ACGGCGCGACGGGACGCGCCAAATAATGAAAAAAGAAGGATCGACTCTTTTTTTTGGATGGACTAAGTGCTGGGAAGTCATTCGCTTCCAATGTCATTGTTGTTTATTGGTCATAATCTGTTAGCTTTATTACCGTCAACGCTTTTTCTAC
chrXI	1454	2640	ACGGCCCGACGCGACGCGCCAAAAAATGAAAAAAGAAGCAGCGACTCATTTTTATGGAAGGACAAAGTGCTGCGAAGTCATACGCTTCCAATTTCATTGTTGTTTATTGGACATACTCTGTTAGCTTTATTACCGTCCACGCTTTTTCTAC
chrXI	1454	2640	ACGGCCCGACGCGACGCGCCAAAAAATGAAAAAAGAAGCAGCGACTCATTTTTATGGAAGGACAAAGTGCTGCGAAGTCATACGCTTCCAATTTCATTGTTGTTTATTGGACATACTCTGTTAGCTTTATTACCGTCCACGCTTTTTCTAC
chrXI	1456	5150	GGCCCGACGCGACGCGCCAAAAAATGAAAAAAGAAGCAGCGACTCA-TTTTATGGAAGGACAAAGTGCTGCGAAGTCATACGCTTCCAATTTCATTGTTGTTTATTGGACATACTCTGTTAGCTTTATTACCGTCCACGCTTTTTCTACAAT
chrXI	1456	5150	GGCCCGACGCGACGCGCCAAAAAATGAAAAAAGAAGCAGCGACTCATTTTTATGGAAGGACAAAGTGCTGCGAAGTCATACGCTTCCAATTTCATTGTTGTTTATTGGACATACTCTGTTAGCTTTATTACCGTCCACGCTTTTTCTACAA
chrXI	1457	1410	GCCCGACGCGACGCGCCAAAAAATGAAAAAAGAAGCAGCGACTCATTTTTATGGAAGGACAAAGTGCTGCGAAGTCATACGCTTCCAATTTCATTGTTGTTTATTGGACATACTCTGTTAGCTTTATTACCGTCCACGCTTTTTCTACAAT
chrXI	1457	2640	GCCCGACGCGACGCGCC-AAAAATGAAAAAAGAAGCAGCGACTCATTTTTATGGAAGGACAAAGTGCTGCGAAGTCATACGCTTCCAATTTCATTGTTGTTTATTGGACATACTCTGTTAGCTTTATTACCGTCCACGCTTTTTCTACAAT
chrXI	1457	1410	GCCCGACGCGACGCGCCAAAAAATGAAAAAAGAAGCAGCGACTCATTTTTATGGAAGGACAAAGTGCTGCGAAGTCATACGCTTCCAATTTCATTGTTGTTTATTGGACATACTCTGTTAGCTTTATTACCGTCCACGCTTTTTCTACAAT
chrXI	1457	5150	GCCCGACGCGACGCGCCAAAAAATGAAAAAAGAAGCAGCGACTCATTTTTATGGAAGGACAAAGTGCTGCGAAGTCATACGCTTCCAATTTCATTGTTGTTTATTGGACATACTCTGTTAGCTTTATTACCGTCCACGCTTTTTCTACAAT
chrXI	1457	1410	GCCCGACGCGACGCGCCAAAAAATGAAAAAAGAAGCAGCGACTCATTTTTATGGAAGGACAAAGTGCTGCGAAGTCATACGCTTCCAATTTCATTGTTGTTTATTGGACATACTCTGTTAGCTTTATTACCGTCCACGCTTTTTCTACAAT
chrXI	1457	10150	GCCGGACGCGACGCGCCAAAAAATGAAAAAAGAAGCAGCGACTCATTTTTATGGAAGGACAAAGTGCTGCGAAGTCATACGCTTCCAATTTCATTGTTGTTTATTGGACATACTCTGTTAGCTTTATTACCGTCCACGCTTTTTCTACAAT
chrXI	1457	5150	GCCCGACGCGACGCGCCAAAAAATGAAAAAAGAAGCAGCGACTCATTTTTATGGAAGGACAAAGTGCTGCGAAGTCATACGCTTCCAATTTCATTGTTGTTTATTGGACATACTCTGTTAGCTTTATTACCGTCCACGCTTTTTCTACAAT
chrXI	1457	10150	GCCCGACGCGACGCGCCAAAAAATGAAAAAAGAAGCAGCGACTCATTTTTATGGAAGGACAAAGTGCTGCGAAGTCATACGCTTCCAATTTCATTGTTGTTTATTGGACATACTCTGTTAGCTTTATTACCGTCCACGCTTTTTCTACAAT
chrXI	1457	5150	GCCCGACGCGACGCGCCAAAAAATGAAAAAAGAAGCAGCGACTCATTTTTATGGAAGGACAAAGTGCTGCGAAGTCATACGCTTCCAATTTCATTGTTGTTTATTGGACATACTCTGTTAGCTTTATTACCGTCCACGCTTTTTCTACAAT
chrXI	1457	5150	GCCCGACGCGACGCGCCAAAAAATGAAAAAAGAAGCAGCGACTCATTTTTATGGAAGGACAAAGTGCTGCGAAGTCATACGCTTCCAATTTCATTGTTGTTTATTGGACATACTCTGTTAGCTTTATTACCGTCCACGCTTTTTCTACAAT
chrXI	1457	10150	GCCCGACGCGACGCGCCAAAAAATGAAAAAAGAAGCAGCGACTCATTTTTATGGAAGGACAAAGTGCTGCGAAGTCATACGCTTCCAATTTCATTGTTGTTTATTGGACATACTCTGTTAGCTTTATTACCGTCCACGCTTTTTCTACAAT
chrXI	1457	1410	GCCCGACGCGACGCGCCAAAAAATGAAAAAAGAAGCAGCGACTCATTTTTATGGAAGGACAAAGTGCTGCGAAGTCATACGCTTCCAATTTCATTGTTGTTTATTGGACATACTCTGTTAGCTTTATTACCGTCCACGCTTTTTCTACAAT
chrXI	1457	5150	GCCCGACGCGACGCGCCAAAAAATGAAAAAAGAAGCAGCGACTCATTTTTATGGAAGGACAAAGTGCTGCGAAGTCATACGCTTCCAATTTCATTGTTGTTTATTGGACATACTCTGTTAGCTTTATTACCGTCCACGCTTTTTCTACAAT
chrXI	1457	5150	GCCCGACGCGACGCGCCAAAAAATGAAAAAAGAAGCAGCGACTCATTTTTATGGAAGGACAAAGTGCTGCGAAGTCATACGCTTCCAATTTCATTGTTGTTTATTGGACATACTCTGTTAGCTTTATTACCGTCCACGCTTTTTCTACAAT
chrXI	1457	1410	GCCCGACGCGACGCGCCAAAAAATGAAAAAAGAAGCAGCGACTCATTTTTATGGAAGGACAAAGTGCTGCGAAGTCATACGCTTCCAATTTCATTGTTGTTTATTGGACATACTCTGTTAGCTTTATTACCGTCCACGCTTTTTCTACAAT
chrXI	1457	10150	GCCGGACGCGACGCGCCAAAAAATGAAAAAAGCAGCAGCGACTCATTTTTATGGAAGGACAAAGTGCTGCGAAGTCATACGCTTCCAATTTCATTGTTGTTTATTGGACATACTCTGTTAGCTTTATTACCGTCCACGCTTTTTCTACAAT
chrXI	1457	1410	GCCCGACGCGACGCGCCAAAAAATGAAAAAAGAAGCAGCGACTCATTTTTATGGAAGGACAAAGTGCTGCGAAGTCATACGCTTCCAATTTCATTGTTGTTTATTGGACATACTCTGTTAGCTTTATTACCGTCCACGCTTTTTCTACAAT
chrXI	1457	10150	GCCCGACGCGACGCGCCAAAAAATGAAAAAAGAAGCAGCGACTCATTTTTATGGAAGGACAAAGTGCTGCGAAGTCATACGCTTCCAATTTCATTGTTGTTTATTGGACATACTCTGTTAGCTTTATTACCGTCCACGCTTTTTCTACAAT
chrXI	1457	10150	GCCCGACGCGACGCGCCAAAAAATGAAAAAAGAAGCAGCGACTCATTTTTATGGAAGGACAAAGTGCTGCGAAGTCATACGCTTCCAATTTCATTGTTGTTTATTGGACATACTCTGTTAGCTTTATTACCGTCCACGCTTTTTCTACAAT
chrXI	1457	1410	GCCCGACGCGACGCGCCAAAAAATGAAAAAAGAAGCAGCGACTCATTTTTATGGAAGGACAAAGTGCTGCGAAGTCATACGCTTCCAATTTCATTGTTGTTTATTGGACATACTCTGTTAGCTTTATTACCGTCCACGCTTTTTCTACAAT
chrXI	1457	1410	GCCCGATGCGACGCGCCAAAAAATGAAAAAAGAAGCAGCGACTCATTTTTATGGAAGGACAAAGTGCTGCGAAGTCATACGCTTCCAATTTCATTGTTGTTTATTGGACATACTCTGTTAGCTTTATTACCGTCCACGCTTTTTCTACAAT
chrXI	1457	10150	GCCCGACGCGACGCGCCAAAAAATGAAAAAAGAAGCAGCGACTCATTTTTATGGAAGGACAAAGTGCTGCGAAGTCATACGCTTCCAATTTCATTGTTGTTTATTGGACATACTCTGTTAGCTTTATTACCGTCCACGCTTTTTCTACAAT
chrXI	1457	5150	GCCCGACGCGACGCGCCAAAAAATGAAAAAAGAAGCAGCGACTCATTTTTATGGAAGGACAAAGTGCTGCGAAGTCATACGCTTCCAATTTCATTGTTGTTTATTGGACATACTCTGTTAGCTTTATTACCGTCCACGCTTTTTCTACAAT
chrXI	1457	1410	GCCCGACGCGACGCGCCAAAAAATGAAAAAAGAAGCAGCGACTAATTTTTATGGAAGGACAAAGTGCTGCGAAGTCATACGCTTCCAATTTCATTGTTGTTTATTGGACATACTCTGTTAGCTTTATTACCGTCCACGCTTTTTCTACAAT
chrXI	1457	5150	GCCCGACGCGACGCGCCAAAAAATGAAAAAAGAAGCAGCGACTCATTTTTATGGAAGGACAAAGTGCTGCGAAGTCATACGCTTCCAATTTCATTGTTGTTTATTGGACATACTCTGTTAGCTTTATTACCGTCCACGCTTTTTCTACAAT
chrXI	1458	2640	CCCGACGCGACGCGCCAAAAAATGAAAAAAGAAGCAGCGACTCATTTTTATGGAAGGACAAAGTGCTGCGAAGTCATACGCTTCCAATTTCATTGTTGTTTATTGGACATACTCTGTTAGCTTTATTACCGTCCACGCTTTTTCTACAAT
chrXI	1458	70	CCCGACGCGACGCGCCAAAAAATGAAAAAAGAAGCAGCGACTCATTTTTATGGAAGGACAAAGTGCTGCGAAGTCATACGCTTCCAATTTCATTGTTGTTTATTGGACATACTCTGTTAGCTTTATTACCGTCCACGCTTTTTCTACAAT
chrXI	1458	70	CCCGACGCGACGCGCCAAAAAATGAAAAAAGAAGCAGCGACTCATTTTTATGGAAGGACAAAGTGCTGCGAAGTCATACGCTTCCAATTTCATTGTTGTTTATTGGACATACTCTGTTAGCTTTATTACCGTCCACGCTTTTTCTACAAT
chrXI	1458	70	CCCGACGCGACGCGCCAAAAAATGAAAAAAGAAGCAGCGACTCATTTTTATGGAAGGACAAAGTGCTGCGAAGTCATACGCTTCCAATTTCATTGTTGTTTATTGGACATACTCTGTTAGCTTTATTACCGTCCACGCTTTTTCTACAAT
chrXI	1458	7530	CCCGACGCGACGCGCCAAAAAATGAAAAAAGAAGCAGCGTCTCATTTTTATGGAAGGACAAAGTGCTGCGAAGTCATACGCTTCCAATTTCATTGTTGTTTATTGGACATACTCTGTTAGCTTTATTACCGTCCACGCTTTTTCTACAAT
chrXI	1458	70	CCCGACGCGACGCGCCAAAAAATGAAAAAAGTAGCAGCGACTCATTTTTATGGAAGGACATAGTGCTGCGAAGTCATACGCTTCCAATTTCATTGTTGTTTATTGGACATACTCTGTTAGCTTTATTACCGTCCACGCTTTTTCTACAAT
chrXI	1458	2640	CCCGACGCGACGCGCCAAAAAATGAAAAAAGAAGCAGCGACTCATTTTTATGGAAGGACAAAGTGCTGCGAAGTCATACGCTTCCAATTTCATTGTTGTTTATTGGACATACTCTGTTAGCTTTATTACCGTCCACGCTTTTTCTACAAT
chrXI	1458	7530	CCCGACGCGACGCGCCAAAAAATGAAAAAAGAAGCAGCGACTCATTTTTATGGAAGGACAAAGTGCTGCGAAGTCATACGTTTCCAATTTCATTGTTGTTTATTGGACATACTCT(ATCAGCTTTCACTCTCTTTCTGGAGTAGTGTAAAAG)
chrXI	1458	7530	CCCGACGCGACGCGCCAAAAACTGAAAAAAGAAGCCTCGACTCATTTTTATGGAAGGACAAAGTGCTGCGAAGTCATACGCTTCCAATTTCATTGTTGTTTATTGGACATACTCTGTTAGCTTTATTACCGTCCACGCTTTTTCTTCAAT
chrXI	1458	70	CCCGACGCGACGCGCCACAAAAGGAACAAAGAAGCAGCTTCTCAATTTTATGGAAGGACAAAGTGCTGCGAAGTCATACGCTTCCAATTTCATTGTTGTTTATTGGACATACTCTGTTAGCTTTCTTACCGTCCACGCTTTTTCGACAAT
chrXI	1458	2640	CCCGACGCGACGCGCCAAAAAATGAAAAAAGAAGCAGCGACTCATTTTTATGGAAGGACAAAGTGCTGCGAAGTCATACGCTTCCAATTTCATTGTTGTTTATTGGACATACTCTGTTAGCTTTATTACCGTCCACGCTTTTTCTACAAT
chrXI	1458	70	CCCGACGCGACGCGCCAAAAAATGAAAAAAGAAGCAGCGACTCATTTTTATGGAAGGACAAAGTGCTGCGAAGTCATACGCTTCCAATTTCATTGTTGTTTATTGGACATACTCTGTTAGCTTTATTACCGTCCACGCTTTTTCTACAAT
chrXI	1458	70	CCCGACGCGACGCGCCAAAAAATGAAAAAAGAAGCAGCGACTCATTTTTATGGAAGGACAAAGTGCTGCGAAGTCATACGCTTCCAATTTCATTGTTGTTTATTGGACATACTCTGTTAGCTTTATTACCGTCCACGCTTTTTCTACAAT
chrXI	1458	2640	CCCGACGCGACGCGCCAAAAAATGAAAAAAGAAGCAGCGACTCATTTTTATGGAAGGACAAAGTGCTGCGAAGTCATACGCTTCCAATTTCATTGTTGTTTATTGGACATACTCTGTTAGCTTTATTACCGTCCACGCTTTTTCTACAAT
chrXI	1458	2640	CCCGACGCGACGCGCCAAAAAATGAAAAAAGAAGCAGCGACTCATTTTTATGGAAGGACAAAGTGCTGCGAAGTCATACGCTTCCAATTTCATTGTTGTTTATTGGACATACTCTGTTAGCTTTATTACCGTCCACGCTTTTTCTACAAT
chrXI	1458	7530	CCCGACGCGACGCGCCAAAAAATGAAAAAAGAAGCAGCGACTCATTTTTATGGAAGGACAAAGTGCTGCGAAGTCATACGCTTCCAATTTCATTGTTGTTTATTGGACATACTCTGTTAGCTTTATTACCGTCCACGCTTTTTCTACAAT
chrXI	1458	2640	CCCGACGCGACGCGCCAAAAAATGAAAAAAGAAGCAGCGACTCATTTTTATGGAAGGACAAAGTGCTGCGAAGTCATACGCTTCCAATTTCATTGTTGTTTATTGGACATACTCTGTTAGCTTTATTACCGTCCACGCTTTTTCTACAAT
chrXI	1458	2640	CTCGACGCGACGCACCAAAATATGAAAAAAGAAGCAGCTAATCAATTTTATGGATGGACATAGAGCTGCGAAGTCTTACGCGTCCAAGTTCATAGTTGTTTCTTGGACATACTCTGTTAGCTTTATTACCGTCCACGCTTTTTCTACAAT
chrXI	1458	70	CCCGACGCGACGCGCC(A)AAAAAATGAAAAAAGAAGCAGCGACTCATTTTTATGGAAGGACAAAGTGCTGCGAAGTCATACGCTTCCAATTTCATTGTTGTTTATTGGACATACACTGTTAGCTTTATTACCGTCCACGCTTTTTCTACAAT
chrXI	1458	70	CCCGACGCGACGCGCCAAAAAATGAAAAAAGAAGCAGCGACTCATTTTTATGGAAGGACAAAGTGCTGCGAAGTCATACGCTTCCAATTTCATTGTTGTTTATTGGACATACTCTGTTAGCTTTATTACCGTCCACGCTTTTTCTACAAT
chrXI	1458	7530	CCCGACGCGACGCGCCAAAAAATGAAAAAAGAAGCAGCGACTCATTTTTATGGAAGGACAAAGTGCTGCGAAGTCATACGCTTCCAATTTCATTGTTGTTTATTGGACATACTCTGTTAGCTTTATTACCGTCCACGCTTTTTCTACAAT
chrXI	1458	7530	CCCGACGCGACGCGCCAAAAAATGAAAAAAGAAGCAGCGACTCATTTTTATGGAAGGACAAAGTGCTGCGAAGTCATACGCTTCCAATTTCATTGTTGTTTATTGGACATACTCTGTTAGCTTTATTACCGTCCACGCTTTTTCTACAAT
chrXI	1458	70	CCCGACGCGACGCGCCAAAAAATGAAAAAAGAAGCCGCGACTCATTTTTATGGAAGGACAAAGTGCTGCGAAGTCATACGCTTCCAATTTCATTGTTGTTTATTGGACATACTCTGTTAGCTTTATTACCGTCCACGCTTTTTCTACAAT
chrXI	1458	70	CCCGACGCGACGCGCCAAAAAATGAAAAAAGAAGCAGCGACTCATTTTTATGGAAGGACAAAGTGCTGCGAAGTCATACGCTTCCAATTTCATTGTTGTTTATTGGACATACTCTGTTAGCTTTATTACCGTCCACGCTTTTTCTACAAT
chrXI	1458	70	CCCGACGCGACGCGCCAAAAAATGAAAAAAGAAGCAGCGACTCATTTTTATGGAAGGACAAAGTGCTGCGAAGTCATACGCTTCCAATTTCATTGTTGTTTATTGGACATACTCTGTTAGCTTTATTACCGTCCACGCTTTTTCTACAAT
chrXI	1458	70	CCCGACGCGACGCGCCAAAAAATGAAAAAAGAAGCAGCGACTCATTTTTATGGAAGGACAAAGTGCTGCGAAGTCATACGCTTCCAATTTCATTGTTGTTTATTGGACATACTCTGTTAGCTTTATTACCGTCCACGCTTTTTCTACAAT
chrXI	1458	7530	CCCGACGCGACGCGCCAAAAAATGAAAAAAGAAGCAGCGACTCATTTTTATGGAAGGACAAAGTGCTGCGAAGTCATACGCTTCCAATTTCATTGTTGTTTATTGGACATACTCTGTTAGCTTTATTACCGTCCACGCTTTTTCTACAAT
chrXI	1458	2640	CCCGACGCGACGCGCCAAAAAATGAAAAAAGAAGCAGCGACTCATTTTTATGGAAGGACAAAGTGCTGCGAAGTCATACGCTTCCAATTTCATTGTTGTTTATTGGACATACTCTGTTAGCTTTAGTACCGTCCACGCTTTTTCTACAAT
chrXI	1458	70	CCCGACGCGACGCGCCAACAAATGAAAAAAGAAGCAGCGACTCATTTTTATGGAAGGACAAAGTGCTGCGAAGTCATACGCTTCCAATTTCATTGTTGTTTATTGGACATACTCTGTTAGCTTTATTACCGTCCACGCTTTTTCTACAAT
chrXI	1458	2640	CCCGACGCGACGCGCCAAAAAATGAAAAAAGAAGCAGCGACTCATTTTTATGGAAGGACAAAGTGCTGCGAAGTCATACGCTTCCAATTTCATTGTTGTTTATTGGACATACTCTGTTAGCTTTATTACCGTCCACGCTTTTTCTACAAT
chrXI	1458	2640	CCCGACGCGACGCGCCAAAAAATGAAAAAAGAAGCAGCGACTCATTTTTATGGAAGGACAAAGTGCTGCGAAGTCATACGCTTCCAATTTCATTGTTGTTTATTGGACATACTCTGTTAGCTTTATTACCGTCCACGCTTTTTCTACAAT
chrXI	1458	70	CCCGACGCGACGCGCCAAAAAATGAAAAAAGAAGCAGCGACTCATTTTTATGGAAGGACAAAGTGCTGCGAAGTCATACGCTTCCAATTTCATTGTTGTTTATTGGACATACTCTGTTAGCTTTATTACCGTCCACGCTTTTTCTACAAT
chrXI	1459	5150	CCGACGCGACGCGCCAAAAAATGAAAAAAGAAGCAGCGACTCATTTTTATGGAAGGACAAAGTGCTGCGAAGTCATACGCTTCCAATTTCATTGTTGTTTATTGGACATACTCTGTTAGCTTTATTACCGTCCACGCTTTTTCTACAATAG
chrXI	1459	70	CCGACGCGACGCGCCAAAAAATGAAAAAAGAAGCAGCGACTCATTTTTATGGAAGGACAAAGTGCTGCGAAGTCATACGCTTCCAATTTCATTGTTGTTTATTGGACATACTCTGTTAGCTTTATTACCGTCCACGCTTTTTCTACAATAG
chrXI	1459	2640	CCGACGCGACGCGCCAAAAAATGAAAAAAGAAGCAGCGACTCATTTTTATGGAAGGACAAAGTGCTGCGAAGTCATACGCTTCCAATTTCATTGTTGTTTATTGGACATACTCTGTTAGCTTTATTACCGTCCACGCTTTTTCTACAATAG
chrXI	40012	10150	GCTAAATTTGTCAGAGCTGCTCAATTGCATTTGGGATTTCAGGCTTTACATCAGTTTGCCGTTAGACATAATGGTGAACTGCCAAGAACAATGAATGACGAAGACGCCAATGAATTAATCAAGTTGGTCACCGATTTGTCCGTTCAGAAAC
chrXI	40013	7530	CTAAATTTGACAGAGCTGCTCAATTGCATTTGGGATTTCAGGCTTTACATCAGTTTGCCGTTAGACATAATGGTGAACTGCCAAGAACAATGAATGACGAAGACGCCAATGAATTAATCAAGTTGGTCACCGATTTGTCCGTTCAGAAAC
chrXI	40017	10150	ATTTGACAGAGCTGCTCAATTGCATTTGGGATTTCAGGCTTTACATCAGTTTGCCGTTAGACATAATGGTGAACTGCCAAGAACAATGAATGACGAAGACGCCAATGAATTAATCAAGTTGGTCACCGATTTGTCCGTTCAGAAACCGG
chrXI	40017	7530	ATTTGACAGAGCTGCTCAATTGCATTGGGGATTTCAGGCTTTACATCAGTTTGCCGTTAGCCATAATGGTGAACTGCCAAGAACAATGAATGACGAAGACGCCAATGAATTAATCAAGTTGGTCACCGATTTGTCCGTTCAGAAACCGGAG
chrXI	40019	70	TTGACAGAGCTGCTCAATTGCATTTGGGATTTCAGGCTTTACATCAGTTTGCCGTTAGACATAATGGTGAACTGCCAAGAACAATGAATGACGAAGACGCCAATGAATTAATCAAGTTGGTCACCGATTTGTCCGTTCAGCAACCGGAGGT
chrXI	40020	2640	TGACAGAGCTGCTCAATTGCATTTGGGATTTCAGGCTTTACATCAGTTTGCCGTTAGACATAATGGTGAACTGCCAAGAACAATGAATGACGAAGACGCCAATGAATTAATCAAGTTGGTCACCGATTTGTCCGTTCAGCAACCGGAGGTT
chrXI	40020	10150	TGACAGAGCTGCTCAATTGCATTTGGGATTTCAGGCTTTACATCAGTTTGCCGTTAGACATAATGGTGAACTGCCAAGAACAATGAATGACGAAGACGCCAATGAATTAATCAAGTTGGTCACCGATTTGTCCGTTCAGAAACCGGAGGTT
chrXI	40021	5150	GACAGAGCTGCTCAATTGCATTTGGGATTTCAGGCTTTACATCAGTTTGCCGTTAGACATAATGGTGAACTGCCAAGAACAATGAATGACGAAGACGCCAATGAATTAATCAAGTTGGTCACCGATTTGTCCGTTCAGCAACCGGAGGTTC
chrXI	40021	1410	GACAGAGCTGCTCAATTGCATTTGGGATTTCAGGCTTTACATCAGTTTGCCGTTAGACATAATGGTGAACTGCCAAGAACAATGAATGACGAAGACGCCAATGAATTAATCAAGTTGGTCACCGATTTGTCCGTTCAGAAACCGGAGGTTC
chrXI	40026	5150	AGCTGCTCAATTGCATTTGGGATTTCAGGCTTTACATCAGTTTGCCGTTAGACATAATGGTGAACTGCCAAGAACAATGAATGACGAAGACGCCAATGAATTAATCAAGTTGGTCACCGATTTGTCCGTTCAGAAACCGGAGGTTCTGGGT
chrXI	40026	2640	AGCTGCTCAATTGCATTTGGGATTTCAGGCTTTACATCAGTTTGCCGTTAGACATCATGGTGAACTGCCAAGAACAATGAATGACGAAGACGCCAATGAATTAATCAAGTTGGTCACCGATTTGTCCGTTCAGAAACCTGAGGTTCTGGG
chrXI	40026	1410	AGCTGCTCAATTGCATTTGGGATTTCAGGCTTTACATCAGTTTGCCGTTAGACATAATGGTGAACTGCCAAGAACAATGAATGACGAAGACGCCAATGAATTAATCAAGTTGGTCACCGATTTGTCCGTTCAGCAACCGGAGGTTCTGGGT
chrXI	40028	70	CTGCTCAATTGCATTTGGCATTTCGGGCTTTACATCAGTTGGCCGTTAGACATAATGGTGAACTGCCAAGACCAATCTATGACGACGACGCCAATGAATTAATCAAGTTGGACACCGAATTGTCCGTTCAGCAACCGGAGGTTCTGGGT
chrXI	40028	70	CTGCTCAATTGCATTTGGGATTTCAGGCTTTACATCAGTTTGCCGTTAGACATAATGGTGAACTGCCAAGAACAATGAATGACGAAGACGCCAATGAATTAATCAAGTTGGTCACCGATTTGTCCGTTCAGCAACCGGAGGTACTGGGTGA
chrXI	40030	7530	GCTCAATTGCATTTGGGATTTCAGGCTTTACATCAGTTTGCCGTTAGACATAATGGTGAACTGCCAAGAACAATGAATGACGAAGACGCCAATGAATTAATCAAGTTGGTCACCGATTTGTCAGTTCAGAAACCGGAGGTTCTGGGTGAAG
chrXI	40030	70	GCTCAATTGCATTTGGGATTTCAGGCTTTACATCAGTTTGCCGTTAGACATAATGGTGAACTGCCAAGAACAATGAATGACGAAGACGCCAATGAATTAATCAAGTTGGTCACCGATTTGTCCGTTCAGCAACCGGAGGTTCTGGGGGAAG
chrXI	40030	5150	GCTCAATTGCATTTGGGATTTCAGGCTTTACATCAGTTTGCCGTTAGACATAATGGTGAACTGCCAAGAACAATGAATGACGAAGACGCCAATGAATTAATCAAGTTGGTCACCGATTTGTCCGTTCAGCAACCGGAGGTTCTGGGTGA
chrXI	40031	2640	CTCAATTGCATTTGGGATTTCAGGCTTTACATCAGTTTGCCGTTAGACATAATGGTGAACTGCCAAGAACAATGAATGACGAAGACGCCAATGAATTAATCAAGTTGGTCACCGATTTGTCCGTTCAGAAACCGGAGGTTCTGGGTGAAGG
chrXI	40033	1410	CAATTGCATTTGGGATTTCAGGCTATACATCAGTTTGCCGTTAGACATAATGGTGAACTGCCAAGAACAATGAATGACGAAGACGCCAATGAATTAATCAAGTTGGTCACCGATTTGTCCGTTCAGCAACCGGAGGTTCTGGGTGAAGGTG
chrXI	40033	5150	CAATTGCATTTGGGATTTCAGGCTTTACATCAGTTTGCCGTTAGACATAATGGTGAACTGCCAAGAACAATGAATGACGAAGACGCCAATGAATTAATCAAGTTGGTCACCGATTTGTCCGTTCAGAAACCGGAGGTTCTGGGTGAAGG
chrXI	40037	2640	TGCATTTGGGATTTCAGGCTTTACATCAGTTTGCCGTTAGACATAATGGTGAACTGCCAAGAACAATGAATGACGAAGACGCCAATGAATTAATCAAGTTGGTCACCGATTTGTCCGTTCAGAAACCGGAGGTTCTGGGTGAAGGTGTAGA
chrXI	40037	1410	TGCATTTGGGATTTCAGGCTTTACATCAGTTTGCCGTTAGACATAATGGTGAACTGCCAAGAACAATGAATGACGAAGACGCCAATGAATTAATCAAGTTGGTCACCGATTTGTCCGTTCAGAAACCGGAGGTTCTGGGTGAAGGTGTAG
chrXI	40037	2640	TGCATTTGGGATTTCAGGCTTTACATCAGTTTGCCGTTAGACATAATGGTGAACTGCCAAGAACAATGAATGACGAAGACGCCAATGAATTAATCAAGTTGGTCACCGATTTGTCCGTTCAGAAACCGGAGGTTCTGGGTGAAGGTGTAGA
chrXI	40038	10150	GCATTTGGGATTTCAGGCTTTACATCAGTTTGCCGTTAGACATAATGGTGAACTGCCAAGAACAATGAATGACGAAGACGCCAATGAATTAATCAAGTTGGTCACCGATTTGTCCGTTCAGAAACCGGAGGTTCTGGGTGAAGGTGTAGAT
chrXI	40038	1410	GCATTTGGGATTTCAGGCTTTACATCAGTTTGCCGTTAGACATAATGGTGAACTGCCAAGAACAATGAATGACGAAGACGCCAATGAATTAATCAAGTTGGTCACCGATTTGTCCGTTCAGAAACCGGAGGTTCTGGGTGAAGGTGTAGA
chrXI	40039	1410	CATTTGGGATTTCAGGCTTTACATCAGTTTGCCGTTAGACATAATGGTGAACTGCCAAGAACAATGAATGACGAAGACGCCAATGAATTAATCAAGTTGGTCACCGATTTGTCCGTTCAGAAACCGGAGGTTCTGGGTGAAGGTGTAGATG
chrXI	40039	2640	CATTTGGGATGTCAGGCTTTACATCAGTTTGCCGTTAGACATAATGGTGAACTGCCAAGAACAATGAATGACGAAGACGCCAATGAATTAATCAAGTTGGTCACCGATTTGTCCGTTCAGAAACCGGAGGTTCTGGGTGAAGGTGTAGAT
chrXI	40039	70	CATTTGGGATTTCAGGCTTTACATCAGTTTGCCGTTAGACATAATGGTGAACTGCCAAGAACAATGAATGACGAAGACGCCAATGAATTAATCAAGTTGGTCACCGATTTGTCCGTTCAGCAACAGGAGGTTCTGGGTGAAGGTGTAGATG
chrXI	40039	7530	CATTAGGGATTTCAGGCTTTACATCAGATTGCCGTTAGACATAATGGTGAACTGCCAAGAACAATGAATGACGAAGACGCCAATGAATTAATCAAGTTGGTCACCGATTTGTCCGTTCAGAAACCGGAGGTTCTGGGTGAAGGTGTAGATG
chrXI	40039	70	CATTTGGGATTTCAGGCTTTACATCAGTTTGCCGTTAGACATAATGGTGAACTGCCAAGAACAATGAATGACGAAGACGCCAATGAATTAATCAAGTTGGTCACCGAGTTGTCCGTTCAGCAACCGGAGGTTCTGGGTGAAGGTGTAGATG
chrXI	40039	70	CATTTGGGATTTCAGGCTTTACATCAGTTTGCCGTTAGACATAATGGTGAACTGCCAAGAACAATGAATGACGAAGACGCCAATGAATTAATCAAGTTGGTCACCGATTTGTCCGTTCAGCAACCGGAGGTTCTGGGTGAAGGTGTAGATG
chrXI	40039	70	CATTTGGGATTTCAGGCTTTACATCAGTTTGCCGTTAGACATAATGGTGAACTGCCAAGAACAATGAATGACGAAGACGCCAATGAATTAATCAAGTTGGTCACCGATTTGTCCGTTCAGCAACCGGAGGTTCTGGGTGAAGGTGTAGATG
chrXI	40041	2640	TTTGGGATTTCAGGCTTTACATCAGTTTGCCGTTAGACATAATGGTGTACTGCCAAGAACAATGAATGACGAAGACGCCATTGAATTAATCAAGTTGGTCACCGATTTGTCCGTTCAGAAACCGGAGGTTCTGGGTGAAGGTGTAGATGTT
chrXI	40042	10150	TTGGGATTTCAGGCTTTACATCAGTTTGCCGTTAGACATAATGGTGAACTGCCAAGAACAATGAATGACGAAGACGCCAATGAATTAATCAAGTTGGTCACCGATTTGTCCGTTCAGAAACCGGAGGTTCTGGGTGAAGGTGTAGATGTT
chrXI	40042	10150	TTGGGATTTCAGGCTTTACATCAGTTTGCCGTTAGACATATTGGTGAACTGCCAAGAACAATGAATGACGAAGACGCCAATGAATTAATCAAGTTGGTCACCGATTTGTCCGTTCAGAAACCGGAGGTTCTGGGTGAAGGTGTAGATGTT
chrXI	40045	5150	GGATTTCAGGCTTTACATCAGTTTGCCGTTAGACATAATGGTGAACTGCCAAGAACAATGAATGACGAAGACGCCAATGAATTAATCAAGTTGGTCACCGATTTGTCCGTTCAGAAACCGGAGGTTCTGGGTGAAGGTGTAGATGTTAATG
chrXI	40046	5150	GATTTCAGGCTTTACATCAGTTTGCCGTTAGACATAATGGTGAACTGCCAAGAACAATGAATGACGAAGACGCCAATGAATTAATCAAGTTGGTCACCGATTTGTCCGTTCAGCAACCGGAGGTTCTGGGTGAAGGTGTAGATGTTAATG
chrXI	40047	2640	ATTTCAGGCTTTACATCAGTTTGCCGTTAGACATAATGGTGAACTGCCAAGAACAATGAATGACGAAGACGCCAATGAATTAATCAAGTTGGTCACCGATTTGTCCGTTCAGAAACCGGAGGTTCTGGGTGAAGGTGTAGATGTTAATGAA
chrXI	40048	2640	TTTCAGGCTTTACATCAGTTTGCCGTTAGACATAATGGTGAACTGCCAAGAACAATGAATGACGAAGACGCCAATGAATTAATCAAGTTGGTCACCGATTTGTCCGTTCAGAAACCGGAGGTTCTGGGTGAAGGTGTAGATGTTAATGAAG
chrXI	40053	5150	GGCTTTACATCAGTTTGCCGTTAGACATAATGGTGAACTGTCAAGAACAATGAATGACGAAGACGCCAATGAATTAATCAAGTTGGTCACCGATTTGTCCGTTCAGCAACCGGAGGTTCTGGGTGAAGGTGTAGATGTTAATGAAGATTT
chrXI	40054	2640	GCTTTACATCAGTTTGCCGTTAGACATAATGGTGAACTGCCAAGAACAATGAATGACGAAGACGCCAATGAATTAATCAAGTTGGTCACCGATTTGTCCGTTCAGCAACCGGAGGTTCTGGGTGAAGGTGTAGATGTTAATGAAGATTTAA
chrXI	40054	1410	GCTTTACATCAGTTTGCCGTTAGACATAATGGTGAACTGCCAAGAACAATGAATGACGAAGACGCCAATGAATTAATCAAGTTGGTCACCGATTTGTCCGTTCAGCAACCGGAGGTTCTGGGTGAAGGTGTAGATGTTAATGAAGATTTA
chrXI	40055	70	(TTATAGCTTTTGGTATATCAGT)CTTTACATGAGTTTCTCGTTAGACATACTTGTGATATGCCCAGAACAATGAATGACGAAGAGGCGTATGTATTAATGAAGGTGGTCAACGATTAGTCCGTACAGCCACCGGAGGTTCTGGGTGAAGGTG
chrXI	40055	1410	CTTTACATCAGTTTGCCGTTAGACATAATGGTGAACTGCCAAGAACAATGAATGACGAAGACGCCAATGAATTAATCAAGTTGGTCACCGATTTGTCCGTTCAGAAACCGGAGGTTCTGGGTGAAGGTGTAGATGTTAATGAAGATTTAA
chrXI	40056	2640	TTTACATCAGTTTGCCGTTAGACATAATGGTGAACTGCCAAGAACAATGAATGACGAAGACGCCAATGAATTAATCAAGTTGGTCACCGATTTGTCCGTTCAGAAACCGGAGGTTCTGGGTGAAGGTGTAGATGTTAATGAAGATTTAATC
chrXI	40057	10150	TTACATCAGTTTGCCGTTAGACATAATGGTGAACTGCCAAGAACAATGAATGACGAAGACGCCAATGAATTAATCAAGTTGGTCACCGATTTGTCCGTTCAGAAACCGGAGGTTCTGGGTGAAGGTGTAGATGTTAATGAAGATTTAATC
chrXI	40057	5150	TTACATCAGTTTGCCGTTAGACATAATGGTGAACTGCCAAGAACAATGAATGACGAAGACGCCAATGAATTAATCAAGTTGGTCACCGATTTGTCCGTTCAGAAACCGGAGGTTCTGGGTGAAGGTGTAGATGTTAATGAAGATTTAATC
chrXI	40057	10150	TTACATCAGTTTGCCGTTAGACATAATGGTGAACTGCCAAGAACAATGAATGACGAAGACGCCAATGAATTAATCAAGTTGGTCACCGATTTGTCCGTTCAGAAACCGGAGGTTCTGGGTGAAGGTGTAGATGTTAATGAAGATTTAATC
chrXI	40057	5150	TTACATCAGTTTGCCGTTAGACATTATGGTGAACTGCCAAGAACAATGAATGACGAAGACGCCAATGAATTAATCAAGTTGGGCACCGATTTGTCCGTTCAGCAACCGGAGGTTCTGGGTGAAGGTGTAGATGTTAATGAAGATTTAAT
chrXI	40057	1410	TTACATCAGTTTGCCGTTAGACATAATGGTGAACTGCCAAGAACAATGAATGACGAAGACGCCAATGAATTAATCAAGTTGGTCACCGATTTGTCCGTTCAGCAACCGGAGGTTCTGTGTGAAGGTGTAGATGTTAATGAAGATTTAATC
chrXI	40057	10150	TTACATCAGTTTGCCGTTAGACATAATGGTGAACTGCCAAGAACAATGAATGACGAAGACGCCAATGAATTAATCAAGTTGGTCACCGATTTGTCCGTTCAGAAACCGGAGGTTCTGGGTGAAGGTGTAGATGTTAATGAAGATTTAATC
chrXI	40057	1410	TTACATCAGTTTGCCGTTAGACATAATGGTGAACTGCCAAGAACAATGAATGACGAAGACGCCAATGAATTAATCAAGTTGGTCACCGATTTGTCCGTTCAGAAACCGGAGGTTCTGGGTGAAGGTGTAGATGTTAATGAAGATTTAATC
chrXI	40057	7530	TTACATCAGTTTGCCGTTAGACATAATGGTGAACTGCCAAGAACAATGAATGACGAAGACGCCAATGAATTAATCAAGTTGGTCACCGATTTGTCCGTTCAGAAACCGGAGGTTCTGGGTGAAGGTGTAGATGTTAATGAAGATTTAATCA
chrXI	40057	10150	TTACATCAGTTTGCCGTTAGACATAATGGTGAACTGCCAAGAACAATGAATGACGAAGACGCCAATGAATTAATCAAGTTGGTCACCGATTTGTCCGTTCAGAAACCGGAGGTTCTGGGTGAAGGTGTAGATGTTAATGAAGATTTAAT
chrXI	40057	70	TTACATCAGTTTGCCGTTAGACATAATGGTGAACTGCCAAGAACAATGAATGACGAAGACGCCAATGAATTAATCAAGTTGGTCACCGATTTGTCCGTTCAGCAACCGGAGGTTCTGGGTGAAGGTGTAGATGTTAATGAAGATTTAATCA
chrXI	40057	2640	TTACATCAGTTTGCCGTTAGACATAATGGTGAACTGCCAAGAACAATGAATGACGAAGACGCCAATGAATTAATCAAGTTGGTCACCGATTTGTCCGTTCAGCAACCGGAGGTTCTGGGTGAAGGTGTAGATGTT
chrXI	40057	7530	TTACATCAGTTTGCCGTTAGACATAATGGTGAACTGCCAAGAACAATGAATGACGAAGACGCCAATGAATTAATCAAGTTGGTCACCGATTTGTCCGTTCAGAAACCGGAGGTTCTGGGTGAAGGTGTAGATGTTAATGAAGATTTAAT
chrXI	40057	2640	TTACATCAGTTTGCCGTTAGACATAATGGTGAACTGCCAAGAACAATGAATGACGAAGACGCCAATGAATTAATCAAGTTGGTCACCGATTTGTCCGTTCAGCAACCGGAGGTTCTGGGTGAAGGTGTAGATGTT
chrXI	40059	1410	ACATCAGTTTGCCGTTAGACATAATGGTGAACTGCCAAGAACAATGAATGACGAAGACGCCAATGAATTAATCAAGTTGGTCCCCGATTTGTCCGTTCAGAAACCGGAGGTTCTGGGTGAAGGTGTAGATGTTAATGAAGATTTAATCAA
chrXI	40068	2640	TGCCGTTAGACATAATGGTGAACTGCCAAGAACAATGAATGACGAAGACGCCAATGAATTAATCAAGTTGGTCACCGATTTGTCCGTTCAGCAACCGGAGGTTCTGGGTGAAGGTGTAGATGTTAATGAAGATTTAATCAAAGAGCTTTCC
chrXI	40068	2640	TGCCGTTAGACATAATTGTGAACTGCCAAGAACAATGAATGACGAAGACGCCAATGAATTAATCAAGTTGGTCACCGATTTGTCCGTTCAGAAACCGGAGGTTCTGGGTGAAGGTGTAGATGTTAATGAAGATTTAATCAAAGAGCTTTCC
chrXI	40069	1410	GCCGTTAGACATAATGGTGAACTGCCAAGAACAATGAATGACGAAGACGCCAATGAATTAATCAAGTTGGTCACCGATTTGTCCGTTCAGCAACCGGAGGTTCTGGGTGAAGGTGTAGATGTTAATGAAGATTTAATCAAAGAGCTTTCCT
chrXI	40070	2640	CCGTTAGACATAATGGTGAACTGCCAAGAACAATGAATGACGAAGACGCCAATGAATTAATCAAGTTGGTCACCGATTTGTCCGTTCAGAAACCGGAGGTTCTGGGTGAAGGTGTAGATGTTAATGAAGATTTAATCAAAGAGCTTTCCTA
chrXI	40070	2640	CCGTTAGACATAATGGTGAACTGCCAAGAACAATGAATGACGAAGACGCCAATGAATTAATCAAGTTGGTCACCGATTTGTCCGTTCAGAAACCGGAGGTTCTGGGTGAAGGTGTAGATGTTAATGAAGATTTAATCAAAGAGCTTTCCTA
chrXI	40070	7530	CCGTTAGACATAATGGTGAACTGCCAAGAACAATGAATGACGAAGACGCCAATGAATTAATCAAGTTGGTCACCGATTTGTCCGTTCAGCAACCGGAGGGTCTGGGTGACGGTGTAGATG
chrXI	40070	7530	CCGTTAGACATAATGGTGAACTGCCAAGAACAATGAATGACGAAGACGCCAATGAATTAATCAAGTTGGTCACCGATTTGTCCGTTCAGCAACCGGAGGTTCTGGGTGAAGGTGTAGATG
chrXI	40070	1410	CCGTTAGACATAATGGTGAACTGCCAAGAACAATGAATGACGAAGACGCCAATGAATTAATCAAGTTGGTCACCGATTTGTCCGTTCAGCAACCGGAGGTTCTGGGTGAAGGTGTAGATGTTAATGAAGATTTAATCAAAGAGCTTTCCTA
chrXI	40072	1410	GTTAGACATAATGGTGAACTGCCAAGAACAATGAATGACGAAGACGCCAATGAATTAATCAAGTTGGTCACCGATTTGTCCGTTCAGCAACCGGAGGTTCTGGGTGAAGGTGTAGATGTTAATGAAGATTTAATCAAAGAGCTTTCCTATC
chrXI	40073	7530	TTAGACATAATGGTGAACTGCCAAGAACAATGAATGACGAAGACGCCAATGAATTAATCAAGTTGGTCACCGATTTGTCCGTTCAGAAACCGGAGGTTCTGGGTGAAGGTGTAGATGTTAATGAAGATTTAATCAAAGAGCTTTCCTATC
chrXI	40075	70	AGACATAATGGTGAACTGCCAAGAACAATGAATGACGAAGACGCCAATGAATTAATCAAGTTGGTCACCGATGTGTCCGTTCAGCAACCGGAGGTTCTGGGTGAAGGTGTAGATGTTAATGAAGTTTTAATCAAAGAGCTTTCCTTTCAGG
chrXI	40075	2640	AGACATAATGGTGAACTGCCAAGAACAATGAATGACGAAGACGCCAATGAATTAATCAAGTTGGTCACCGATTTGTCCGTTCAGAAACCGGAGGTTCTGGGTGAAGGTGTAGATGTTAATGAAGATTTAATCAAAGAGCTTTCCTATCAGG
chrXI	40075	10150	AGACATAATGGTGAACTGCCAAGAACAATGAATGACGAAGACGCCAATGAATTAATCAAGTTGGTCACCGATTTGTCCGTTCAGAAACCGGAGGTTCTGGGTGAAGGTGTAGATGTTAATGAAGATTTAATCAAAGAGCTTTCCTATCAGG
chrXI	40076	7530	GACATAATGGTGAACTGCCAAGAACAATGAATGACGAAGACGCCAATGAATTAATCAAGTTGGTCACCGATTTGTCCGTTCAGAAACCGGAGGTTCTGGGTGAAGGTGTAGATGTTAATGAAGAGTGAATCAAAGAGCTTTCCTAGCAGG
chrXI	40076	2640	GACATAATGGTGAACTGCCAAGAACAATGAATGACGAAGACGCCAATGAATTAATCAAGTTGGTCACCGATTTGTCCGTTCAGAAACCGGAGGTTCTGGGTGAAGGTGTAGATGTTAATGAAGATTTAATCAAAGAGCTTTCCTATCAGG
chrXI	40076	7530	GACATAATGGTGAACTGCCAAGAACAATGAATGACGAAGACGCCAATGAATTAATCAAGTTGGTCACCGATTTGTCCGTTCAGAAACCGGAGGTTCTGGGTGAAGGTGTAGAGGTTAATGAAGATTTAATCAAAGAGCTTTCCTATCAGG
chrXI	40076	7530	GACATAATGGTGAACTGCCAAGAACAATGAATGACGAAGACGCCAATGAATTAATCAAGTTGGTCACCGATTTGTCCGTTCAGCAACCGGAGGTTCTGGGTGAAGGTGTAGATGTTAATGAAGATTTAATCAAAGAGCTTTCCTATCAGG
chrXI	40076	7530	GACATAATGGTGAACTGCCAAGAACAATGAATGACGAAGACGCCAATGAATTAATCAAGTTGGTCACCGATTTGTCCGTTCAGCAACCGGAGGTTCTGGGTGAAGGTGTAGATGTTAATGAAGATTTAATCAAAGAGCTTTCCTATCAGG
chrXI	40076	10150	GACATAATGGTGAACTGCCAAGAACAATGAATGACGAAGACGCCAATGAATTAATCAAGTTGGTCACCGATTTGTCCGTTCAGAAACCGGAGGTTCTGGGTGAAGGTGTAGATGTTAATGAAGATTTAATCAAAGAGCTTTCCTATCAGGC
chrXI	40077	70	ACATAATGGTGAACTGCCAAGAACAATGAATGACGAAGACGCCAATGAATTAATCAAGTTGGTCACCGATTTGTCCGTTCAGCAACCGGAGGTTCTGGGTGAAGGTGTAGATGTTAATGAAGATTTAATCAAAGAGCTTTCCTATCAGGCA
chrXI	40077	10150	ACATAATGGTGAACTGCCAAGAACAATGAATGACGAAGACGCCAATGAATTAATCAAGTTGGTCACCGATTTGTCCGTTCAGAAACCGGAGGTTCTGGGTGAAGGTGTAGATGTTAATGAAGATTTAATCAAAGAGCTTTCCTATCAGGC
chrXI	40077	7530	ACATAATGGTGAACTGCCAAGAACAATGAATGACGAAGACGCCAATGAATTAATCAAGTTGGTCACCGATTTGTCCGTTCAGAAACCGGAGGTTCTGGGTGAAGGTGTAGATGTTAATGAAGATTTAATCAAAGAGCTTTCCTATCAGGCA
chrXI	40077	10150	ACATAATGGTGAACTGCCAAGAACAATGAATGACGAAGACGCCAATGAATTAATCAAGTTGGTCACCGATTTGTCCGTTCAGAAACCGGAGGTTCTGGGTGAAGGTGTAGATGATAATGAAGATTTAATCAAAGAGCTTTCCTATCAGGC
chrXI	40078	2640	CATAATGGTGAACTGAGAAGAACAATGAATGACGAAGACGCCAATGAATTAATCAAGGTGGTCACCGAAGTGTCCGTTCAGAAACCGGAGGTTCTGGGTGAAGGTGTCGATGTTAATGAAGATGTAATCAAAGAGCTATCCTATCAGGCAA
chrXI	40079	70	ATAATGTTGAAGTGCCAAGATCATTGAATGACGAATACTGCTATGAATTAATCATGTTGGTCTTCGATTTGTCCTTTCAGCAACCGGAGGTTCTGGGTGAAGGTGTAGATGTTATTGAAGATTTTATCTAAGAGCTTTCCTATCAGTCAAG
chrXI	40079	70	ATAATGGTGTACTGCCTAGAACAATGATTGACGTAGACGCCTATGAATTAATCAAGTTGGTCACAGTATTGTCCGTTCAGCAAGCCGAGGATCTGGGAGATGGTGTAGATGGTAATGCAGATTTAAACAAAGTGCTTTCCGATCAGGCAAC
chrXI	40080	10150	TAATGGTGAACTGCCAAGAACAATGAATGACGAAGACGCCAATGAATTAATCAAGTTGGTCACCGATTTGTCCGTTCAGAAACCGGAGGTTCTGGGTGAAGGTGTAGATGTTAATGAAGATTTAATCAAAGAGCTTTCCTATCAGGCA
chrXI	40080	70	TAATGGTGAACTGCCAAGAACAATGAATGACGAAGACGCCAATGAATTAATCAAGTTGGTCACCGATTTGTCCGTTCAGCAACCGGAGGTTCTGGGTGAAGGTGTAGATGTTAATGAAGATTTAATCAAAGAGCTTTCCTATCAGGCAAGA
chrXI	40080	70	TAATGGTGAACTGCCAAGAACAATGAATGACGAAGACGCCAATGAATTAATCAAGTTGGTCACCGATTTGTCCGTTCAGCAACCGGAGGTTCTGGGTGAAGGTGTAGATGTTAATGAAGATTTAATCAAAGAGCTTTCCTATCAGGCAAGA
chrXI	40081	2640	(GAG)AATGGTGAACTGCCAAGAACAATGAATGACGACGTAGCCAAGGAATTATTCAAGAGGGTGACAGAGTTGTCCGTTCAGAAACGGGAGGGTCTGGGTGAAGGTGTAGTTGTTCAGGAAGTTTTAATCAA(TGTGAGATCCTATCAGTAAA)
chrXI	40082	7530	ATGGTGAACTGCCAAGAACAATGAATGACGAAGACGCCAATGAATTAATCAAGTTGGTCACCGATTTGTCCGTTCAGAAACCGGAGGTTCTGGGTGAAGGTGTAGATGTTAATGAAGATTTAATCAAAGAGCTTTCCTATCAGGCAAGAGG
chrXI	40082	70	ATGGTGAACTGCCAAGAACAATGAATGACGAAGACGCCAATGAATTAATCAAGTTGGTCACCGATTTGTCCGTTCAGCAACCGGAGGTTCTGGGTGAAGGTGTAGATGTTAATGAAGATTTAATCAAAGAGCTTTCCTATCAGGCAAGAGG
chrXI	40082	5150	ATGGTGAACTGCCAAGAACAATGAATGACGAAGACGCCAATGAATTAATCAAGTTGGTCACCGATTTGTCCGTTCAGAAACCGGAGGTTCTGGGTGAAGGTGTAGATGTTAATGAAGATTTAATCAAAGAGCTTTCCTATCAGGCAAGAGG
chrXI	40082	2640	ATGGTGAACTGCCAAGAACAATGAATGACGAAGACGCCAATGAATTAATCAAGTTGGTCACCGAGTTGTCCGTTCAGCAACCGGAGGTTCTGGGTGAAGGTGTAGATGTTAATGAAGATTTAATCAAAGTGCTTTCCTCTCAGGCAAGAGG
chrXI	40082	70	ATGGTGAACTGCAAACAACAATGAAAGACGAAGACGCAAATGAATAAAAAAAGATGGTCACAGATATGTCCGTTCAGCAACCGG(CGTTTCTTGGTGAAGAAGTAGATTATAAGGAAGATAATATCAATAACCTAAACTATCTGGCAAGATG)
chrXI	40082	7530	ATGGTGAACTGCCAAGAACAATGAATGACGAAGACGCCAATGAATTAATCAAGTTGGTCACCGATTTGTCCGTTCAGAAACCGGAGGTTCTGGGTGAAGGTGTAGATGTTAATGAAGATTTAATCAAAGAGCTTTCCTATCAGGCAAGAGG
chrXI	40082	2640	ATGGTGAACTGCCAAGAACAATGAATGACGAAGACGCCAATGAATTAATCAAGTTGGTCACCGAGTTGTCCGTTCAGAAACCGGAGGTTCTGGGTGAAGGTGTAGATGTTAATGAAGATTTAATCAAAGAGCTTTCCTATCAGGCAAGAGG
chrXI	40084	7530	GGTGAACTGCCAAGAACAATGAATGACGAAGACGCCAATGAATTAATCAAGTTGGTCACCGATTTGTCCGTTCAGAAACCGGAGGTTCTGGGTGAAGGTGTAGATGTTAATGAAGATTTAATCAAAGAGCTTTCCTATCAGGCAAGAGGTG
chrXI	40084	5150	GGTGAACTGCCAAGAACAATGAATGACGAAGACGCCAATGAATTAATCAAGTTGGTCACCGATTTGTCCGTTCAGCAACCGGAGGTTCTGGGTGAAGGTGTAGATGTTAATGAAGATTTAATCAAAGAGCTTTCCTATCAGGCAAGAGGTG
chrXI	40086	2640	TGAACTGCCAAGAACAATGAATGACGAAGACGCCAATGAATTAATCACGTTGGTCACCGATTTGTCCGTTCAGAAACCGGAGGTTCTGGGTGAAGGTGTAGATGTTAATGAAGATTTAATCAAAGAGCTTTCCTATCAGGCAAGAGGTGAC
chrXI	40088	1410	AACTGCCAAGAACAATGAATGACGAAGACGCCAATGAATTAATCAAGTTGGTCACCGATTTGTCCGTTCAGAAACCGGAGGTTCTGGGTGAAGGTGTAGATGTTAATGAAGATTTAATCAAAGAGCTTTCCTATCAGGCAAGAGGTGACAT
chrXI	40088	2640	AACTGCCAAGAACAATGAATGACGAAGACGCCAATGAATTAATCAAGTTGGTCACCGATTTGTCCGTTCAGAAACCGGAGGTTCTGGGTGAAGGTGTAGATGTTAATGAAGATTTAATCAAAGAGCTTTCCTATCAGGCAAGAGGTGACA
chrXI	40090	7530	CTGCCAAGAACAATGAATGACGAAGACGACAATGAATTAAACAAGTTGGTCACCAATTTGTCCGTTCAGCAACCGGAGGTTCTGGGTGAAGGTGTAGATGTTAATGAAGATTTAATCAAAGAGCTTTCCTATCAGGCAAGAGGTGACATAC
chrXI	40090	7530	CTGCCAAGAACAATGAATGACGAAGACGCCAATGAATTAATCAAGTTGGTCACCGATTTGTCCGTTCAGAAACCGGAGGTTCTGGGTGAAGGTGTAGATGTTAATGAAGATTTAATCAAAGAGCTTTCCTATCAGGCAAGAGGTGACATAC
chrXI	40090	7530	CTGACAAGAACAATGAATGACGAAGACGCCAATTAATTAATCACGTTGGTCACCGATTTGTCCGTTCAGAAACCGGAGGTTCTGGGTGAAGGTGTAGATGTTAATGAAGATTTATTCACAGAGCTTTCCTATCAGGCAAGAGGTGACATAC
chrXI	40090	7530	CTGCCAAGAACAATGAATGACGAAGACGCCAATGAATTAATCAAGTTGGTCACCGATTTGTCCGTTCAGAAACCGGAGGTTCTGGGTGAAGGTGTAGATGGTAATGAAGATTTAATCAAAGAGCTTTCCTATCAGGCAAGAGGTGACATA
chrXI	40090	7530	CTGCCAAGAACAATGAATGACGACGACGCCAATGAATTAATCAAGTTGGTCACCGATTTGTCCGTTCAGAAACCGGAGGTTCTGGGTGAAGGTGTAGATGTTAATGAAGATTTAATCAAAGAGCTTTCCTATCAGGCAAGAGGTGACATAC
chrXI	40090	70	CTGCCAAGAACAATGAATGACGAAGACGCCAATGAATTAATCAAGTTGGTCACCGATTTGTCCGTTCAGCAACCGGAGGTTCTGGGTGAAGGTGTAGATGTTAATGAAGATTTAATCAAAGAGCTTTCCTATCAGGCAAGAGGTGACATAC
chrXI	40091	2640	TGCCAAGAACAATGAATGACGAAGACGCCAATGAATTAATCAAGTTGGTCACCGATTTGTCCGTTCAGAAACCGGAGGTTCTGGGTGAAGGTGTAGATGTTAATGAAGATTTAATCAAAGAGCTTTCCTATCAGGCAAGAGGTGACATACC
chrXI	40091	2640	TGCCAAGAACAATGAATGACGAAGACGCCAATGAATTAATCAAGTTGGTCACCGATTTGTCCGTTCAGAAACCGGAGGTTCTGGGTGAAGGTGTAGATGTTAATGAAGATTTAATCAAAGAGCTTTCCTATCAGGCAAGAGGTGACATACC
chrXI	40092	2640	GCCAAGAACAATGAATGACGAAGACGCCAATGAATTAATCAAGTTGGTCACCGATTTGTCCGTTCAGCAACCGGAGGTTCTGGGTGAAGGTGTAGATGTTAATGAAGATTTAATCAAAGAGCTTTCCTATCAGGCAAGAGGTGACATACC
chrXI	40092	7530	GCCAAGAACAATGAATGACGAAGACGCCAATGAATTAATCAAGTTGGTCACCGATTTGTCCGTTCAGCAACCGGAGGTTCTGGGTGAAGGTGTAGATG
chrXI	40092	7530	GCCAAGAACAATGAATGACGAAGACGCCAATGAATTAATCAAGTTGGTCACCGATTTGTCCGTTCAGCAACCGGAGGTTCTGGGTGAAGGTGTAGATG
chrXI	40092	7530	GCCAAGAACAATGAATGACGAAGACGCCAATGAATTAATCAAGTTGGTCACCGATTTGTCCGTTCAGCAACCGGAGGTTCTGGGTGAAGGTGTAGATG
chrXI	40092	7530	GCCAAGAACAATGAATGACGAAGACGCCAATGAATTAATCAAGTTGGTCACCGATTTGTCCGTTCAGCAACCGGAGGTTCTGGGTGAAGGTGTAGATG
chrXI	40092	5150	GCCAAGAACAATGAATGACGAAGACGCCAATGAATTAATCAAGTTGGTCACCGATTTGTCCGTTCAGCAACCGGAGGTTCTGGGTGAAGGTGTAGATGTTAATGAAGATTTAATCAAAGAGCTTTCCTATCAGGCAAGAGGTGACATAC
chrXI	40092	1410	GCCAAGAACAATTAATGACGAAGACGCCAATGAATTAATCAAGTTGGTCACCGATTTGTCCATTCAGCAACCGGAGGTTCTGGGTGAAGGTGTAGATGTTAATGAAGATTTAATCAAAGAGCTTTCCTATCAGGCAATAGGTGACATACCG
chrXI	40092	70	GCCAAGAACAATGAATGACGAAGACGCCAATGAATTAATCAAGTTGGTCACCGATTTGTCCGTTCAGCAACCGGAGGTTCTGGGTGAAGGTGTAGATGTTAATGAAGATTTAATCAAAGAGCTTTCCTCTCAGGCAAGA-GTGACATACCGG
chrXI	40092	5150	GCCAAGAACAATGAATGACGAAGACGCCAATGAATTAATCAAGTTGGTCACCGATTTGTCCGTTCAGCAACCGGAGGTTCTGGGTGAAGGTGTAGATGTTAATGAAGATTTAATCAAAGAGCTTTCCTATCAGGCAAGAGGTGACATACCG
chrXI	40094	70	(TGCAGTTTGCATTTCAGTGTTTATATCAGTTTGCCGTTTCTCATTATGGAGATCTGA)CAAGAACAATGTAGGACGTAGACGCCAATGAATGATTCAAGTTGGTCACCGATTTGTCCGTTCAGCAACCGGAGGTACTGGGTGAAGGTGTAG
chrXI	40094	2640	CAAGAACAATGAATGACGAAGACGCCAATGAATTAATCAAGTTGGTCACCGATTTGTCCGTTCAGAAACCGGAGGTTCTGGGTGAAGGTGTAGATGTTAATGAAGATTTAATCAAAGAGCTTTCCTATCAGGCAAGAGGTGACATACCGGG
chrXI	40094	70	CAAGAACAATGAATGACGAAGACGCCAATGAATTAATCAAGTTGGTCACCGATTTGTCCGTTCAGCAACCGGAGGTTCTGGGTGAAGGTGTAGATGTTAATGAAGATTTAATCAAAGAGCTTTCCTATCAGGCAAGAGGTGACATACCGGG
chrXI	40094	5150	CAAGAACAATGAATGACGAAGACGCCAATGAATTAATCAAGTTGGTCACCGATTTGTCCGTTCAGAAACCGGAGGTTCTGGGTGAAGGTGTAGATGTTAATGAAGATTTAATCAAAGAGCTTTCCTATCAGGCAAGAGGTGACATACCGGG
chrXI	40095	70	AAGAACAATGAATGACGACGACGCCAATGAATTAATCAAGTTGGTCACCGATTTGTCCGTTCAGCAACCGGAGGTTCTGGGTGACGGTGTAGATGTTAATGAAGATTTAATCAAAGAGCTTTCCTATCAGGCAAGAGGTGACATACCGGGT
chrXI	40095	70	AAGAACAATGAATGACGAAGACGCCAATGAATTAATCAAGTTGGTCACCGATTTGTCCGTTCAGCAACCGGAGGTTCTGGGTGAAGGTGTAGATGTTAATGAAGATTTAATCAAAGAGCTTTCCTATCAGGCAAGAGGTGACATACCGGGT
chrXI	40096	5150	AGAACAATGAATGACGAAGACGCCAATGAATTAATCAAGTTGGTCACCGATTTGTCCGTTCAGAAACCGGAGGTTCTGGGTGAAGGTGTAGATGTTAATGAAGATTTAATCAAAGAGCTTTCCTATCAGGCAAGAGGTGACATACCGGGTG
chrXI	40096	2640	AGAACAATGAATGACGAAGACGCCAATGAATTAATCAAGTTGGTCACCGATTTGTCCGTTCAGCAACCGGAGGTTCTGGGTGAAGGTGTAGATGTTAATGAAGATTTAATCAAAGAGCTTTCCTATCAGGCAAGAGGTGACATACCGGGTG
chrXI	40097	10150	GAACAATGAATGACGAAGACGCCAATGAATTAATCAAGTTGGTCACCGATTTGTCCGTTCAGAAACCGGAGGTTCTGGGTGAAGGTGTAGATGTTAATGAAGATTTAATCAAAGAGCTTTCCTATCAGGCAAGAGGTGACATACCGGGTGT
chrXI	40097	7530	GAACAATGAATGACGAAGACGCCAATGAATTAATCAAGTTGGTCACCGATTTGTCCGTTCAGAAACCGGAGGTTCTGGGTGAAGGTGTAGATGTTAATGAAGATTTAATCAAAGAGCTTTCCTATCAGGCAAGAGGTGACATACCGGGTGT
chrXI	40097	7530	GAACAATGAATGACGAAGACGCCAATGAATTAATCAAGTTGGTCACCGATTTGTCCGTTCAGAAACCGGAGGTTCTGGGTGAAGGTGTAGATGTTAATGAAAATTTAATCAAAGAGCTTTCCTATCAGGCAAGAGGTGACATACCGGGTGT
chrXI	40097	1410	GAACAATGAATGACGAAGACGCCAATGAATTAATCAAGTTGGTCACCGATTTGTCCGTTCAGAAACCGGAGGTTCTGGGTGAAGGTGTAGATGTTAATGAAGATTTAATCAAAGAGCTTTCCTATCAGGCAAGAGGTGACATACCGGGTGT
chrXI	40097	1410	GAACAATGAATGACGAAGACGCCAATGAATTAATCAAGTTGGTCACCGATTTGTCCGTTCAGCAACCGGAGGTTCTGGGTGAAGGTGTAGATGTTAATGAAGATTTAATCAAAGAGCTTTCCTATCAGGCAAGAGGTGACATACCGGGTGT
chrXI	40097	1410	GAACAATGAATGACGAAGACGCCAATGAATTAATCAAGTTGGTCACCGATTTGTCCGTTCAGAAACCGGAGGTTCTGGGTGAAGGTGTAGATGTTAATGAAGATTTAATCAAAGAGCTTTCCTATCAGGCAAGAGGTGACATACCGGGTGT
chrXI	40099	2640	ACAATGAATGACGAAGACGCCAATGAATTAATCAAGTTGGTCACCGATTTGTCCGTTCAGCAACCGGAGGTTCTGGGTGAAGGTGTAGATGTTAATGAAGATTTAATCAAAGAGCTTTCCTATCAGGCAAGAGG
chrXI	40099	2640	ACAATGAATGACGAAGACGCCAATGAATTAATCAAGTTGGTCACCGATTTGTCCGTTCAGCAACCGGAGGTTCTGGGTGAAGGTGTAGATGTTAATGAAGATTTAATCAAAGAGCTTTCCTATCAGGCAAGAGG
chrXI	40099	2640	ACAATGAATGACGAAGACGCCAATGAATTAATCAAGTTGGTCACCGATTTGTCCGTTCAGCAACCGGAGGTTCTGGGTGAAGGTGTAGATGTTAATGAAGATTTAATCAAAGAGCTTTCCTATCAGGCAAGAGG
chrXI	40099	2640	ACAATGAATGACGAAGACGCCAATGAATTAATCAAGTTGGTCACCGATTTGTCCGTTCAGCAACCGGAGGTTCTGGGTGAAGGTGTAGATGTTAATGAAGATTTAATCAAAGAGCTTTCCTATCAGGCAAGAGG
chrXI	40100	10150	CAATGAATGACGAAGACGCCAATGAATTAATCAAGTTGGTCACCGATTTGTCCGTTCAGAAACCGGAGGTTCTGGGTGAAGGTGTAGATGTTAATGAAGATTTAATCAAAGAGCTTTCCTATCAGGCAAGAGGTGACATACCGGGTGTCGT
chrXI	40102	7530	ATGAATGACGAAGACGCCAATGAATTAATCAAGTTGGTCACCGATTTGTCCGTTCAGAAACCGGAGGTTCTGGGTGAAGGTGTAGATGTTAATGAAGATTTAATCAAAGAGCTTTCCTATCAGGCAAGAGGTGACATACCGGGTGTCGTAG
chrXI	40102	2640	ATGAATGACGAAGACGCCAATGAATTAATCAAGTTGCTCACCGATTTGTCCGTTCAGAAACCGGAGGTTCTGGGTGAAGGTGTAGATGTTAATGAAGATTTAATCAAAGAGCTTTCCTATCAGGCAAGAGGTGACATACCGGGTGTCGTAG
chrXI	40102	2640	ATGAATGACGAAGACGCCAATGAATTAATCAAGTTGGTCACCGATTTGTCCGTTCAGAAACCGGAGGTTCTGGGTGAAGGTGTAGATGTTAATGAAGATTTAATCAAAGAGCTTTCCTATCAGGCAAGAGGTGACATACCGGGTGTCGTAG
chrXI	40102	2640	ATGAATGACGAAGACGCCAATGAATTAATCAAGTTGGTCACCGATTTGTCCGTTCAGAAACCGGAGGTTCTGGGTGAAGGTGTAGATGTTAATGAAGATTTAATCAAAGAGCTTTCCTATCAGGCAAGAGGTGACATACCGGGTGTCGTAG
chrXI	40104	7530	GAATGACGAAGACGCCAATGAATTAATCAAGTTGGTCACCGATTTGTCCGTTCAGAAACCGGAGGTTCTGGGTGAAGGTGTAGATGTTAATGAAGATTTAATCAAAGAGCTTTCCTATCAGGCAAGAGGTGACATACCGGGTGTCGTAGCA
chrXI	40104	5150	GAATGACGAAGACGCCAATGAATTAATCAAGTTGGTCACCGATTTGTCCGTTCAGAAACCGGAGGTTCTGGGTGAAGGTGTAGATGTTAATGAAGATTTAATCAAAGAGCTTTCCTATCATGCAAGAGGTGACATACCGGGTGTCGTAGC
chrXI	40105	2640	AATGACGAAGACGCCAATGAATTAATCAAGTTGGTCACCGATTTGTCCGTTCAGCAACCGGAGGTTCTGGGTGAAGGTGTAGATGTTAATGAAGATTTAATCAAAGAGCTTTCCTATCAGGCAAGAGGTGACATACCGGGTGTCGTAGCAT
chrXI	40105	70	AATGACGAAGACGCCAATGAATTAATCAAGTTGGTCACCGATTTGTCCGTTCAGCAACCGGAGGTTCTGGGTGAAGGTGTAGATGTTAATGAAGATTTAATCAAAGAGCTTTCCTATCAGGCAAGAGGTGACATACCGGGTGTCGTAGCAT
chrXI	40105	70	AATGACGAAGACGCCAATGAATTAATCAAGTTGGTCACCGATTTGTCCGTTCAGCAACCGGAGGTTCTGGGTGAAGGTGTAGATGTTAATGAAGATTTAATCAAAGAGCTTTCCTATCAGGCAAGAGGTGACATACCGGGTGTCGTAGCA
chrXI	40108	1410	GACGAAGACGCCAATGAATTAATCAAGTTGGTCACCGATTTGTCCGTTCAGAAACCGGAGGTTCTGGGTGAAGGTGTAGATGTTAATGAAGATTTAATCAAAGAGCTTTCCTATCAGGCAAGAGGTGACATACCGGGTGTCGTAGCATTTT
chrXI	40116	2640	CGCCAATGAATTAATCAAGTTGGTCACCGATTTGTCCGTTCAGAAACCGGAGGTTCTGGGTGAAGGTGTAGATGTTAATGAAGATTTAATCAAAGAGCTTTCCTATCAGGCAAGAGGTGACATACCGGGTGTCGTAGCATTTTTCGGTGGC
chrXI	40116	2640	CGCCAATGAATTAATCAAGTTGGTCACCGATTTGTCCGTTCAGAAACCGGAGGTTCTGGGTGAAGGTGTAGATGTTAATGAAGATTTAATCAAAGAGCTTTCCTATCAGGCAAGAGGTGACATACCGGGTGTCGTAGCATTTTTCGGTGGC
chrXI	40116	70	CGCCAATGAATTAATCAAGTTGGTCACCGATTTGTCCGTTCAGCAACCGGAGGTTCTGGGTGAAGGTGTAGATGTTAATGAAGATTTAATCAAAGAGCTTTCCTATCAGGCAAGAGGTGACATACCGGGTGTCGTAGCATTTTTCGGTGG
chrXI	40122	7530	TGAATTAATCAAGTTGGTCACCGATTTGTCCGTTCAGAAACCGGAGGTTCTGGGTGAAGGTGTAGATGTTAATGAAGATTTAATCAAAGAGCTTTCCTATCAGGCAAGAGGTGACATACCGGGTGTCGTAGCATTTTTCGGTGGCCTTGTG
chrXI	40123	1410	GAATTAATCAAGTTGGTCACCGATTTGTCCGTTCAGCAACCGGAGGTTCTGGGTGAAGGTGTAGATG
chrXI	40123	70	GAATTAATCAAGTTGGTCACCGATTTGTCCGTTCAGCAACCGGAGGTTCTGGGTGAAGGTGTAGATGTTAATGAAGATTTAATCAAAGAGCTTTCCTATCAGGCAAGAGGTGACATACCGGGTGTCGTAGCATTTTTCGGTGGCCTTGTGG
chrXI	40123	10150	GAATTAATCAAGTTGGTCACCGATTTGTCCGTTCAGAAACCGGAGGTTCTGGGTGAAGGTGTAGATGTTAATGAAGATTTAATCAAAGAGCTTTCCTATCAGGCAAGAGGTGACATACCGGGTGTCGTAGCATTTTTCGGTGGCCTTGTGG
chrXI	40123	1410	GAATTAATCAAGTTGGTCACCGATTTGTCCGTTCAGCAACCGGAGGTTCTGGGTGAAGGTGTAGATG
chrXI	40124	2640	AATTAATCAAGTTGGTCACCGATTTGTCCGTTCAGAAACCGGAGGTTCTGGGTGCAGGTGTAGATGTTAATGAAGATTTAATCAAAGAGCTTTCCTATCAGGCAAGAGGTGACATACCGGGTGTCGTAGCATTTTTCGGTGGCCTTGTGG
chrXI	40126	70	TTAATCAAGTTGGTCACCGATTTGTCCGTTCAGCAACCGGAGGTTCTGGGTGAAGGTGTAGATGTTAATGAAGATTTAATCAAAGAGCTTTCCTATCAGGCAAGAGGTGACATACCGGGTGTCGTAGCATTTTTCGGTGGCCTTGTGGCAC
chrXI	40126	2640	(CTTTGTAGATGGATGGACGATGTCTCGTATGTT)TTAATCATGTTGGTCACCGATTTGTCCGGTCAGCTACCGGAGGTTCTGGGTGTAGGTGTAGTTGTTAATGAAGATTTAATCTTAGAGCTTTCCTCTCTGGAAAGAGGGGACATACGG
chrXI	40128	7530	AATCAAGTTGGTCACCGATTTGTCCGTTCAGCAACCGGAGGTTCTGGGTGAAGGTGTAGATGTGAATGAAGATTTAATCAAAGAGCTTTCCTATCAGGCAAGAGGTGACATACCGGGTGTCGTAGCATTTTTCGGTGGCCTTGTGGCACAA
chrXI	40128	7530	ACTCAAGTTGGTCACCGATTTGTCCGTTCAGAAACCGGAGGTTCTGGGTGAAGGTGTAGATGATAATGAAGATTTAATCAAAGAGCTTTCCTATCAGGCAAGAGGTGACATACCGGGTGTCGTAGCATTTTTCGGTGGCCTTGTGGCACAA
chrXI	40128	10150	AATCAAGTTGGTCACCGATTTGTCCGTTCAGAAACCGGAGGTTCTGGGTGAAGGTGTAGATGTTAATGAAGATTTAATCAAAGAGCTTTCCTATCAGGCAAGAGGTGACATACCGGGTGTCGTAGCATTTTTCGGTGGCCTTGTGGCACA
chrXI	40128	2640	AATCAAGTTGGTCACCGATTTGTCCGTTCAGAAACCGGAGGTTCTGGGTGAAGGTGTAGATGTTAATGAAGATTTAATCAAAGAGCTTTCCTATCAGGCAAGAGGTGACATACCGGGTGTCGTAGCATTTTTCGGTGGCCTTGTGGCACAA
chrXI	40128	1410	AATCAAGTTGGTCACCGATTTGTCCGTTCAGAAACCGGAGGTTCTGGGTGAAGGTGTAGATGTTAATGAAGATTTAATCAAAGAGCTTTCCTATCATGCAAGAGGTGACATACCGGGTGTCGTAGCATTTTTCGGTGGCCTTGTGGCACA
chrXI	40129	5150	ATCAAGTTGGTCACCGATTTGTCCGTTCAGAAACCGGAGGTTCTGGGTGAAGGTGTAGATGTTAATGAAGATTTAATCAAAGAGCTTTCCTATCAGGCAAGAGGTGACATACCGGGTGTCGTAGCATTTTTCGGTGGCCTTGTGGCACAAG
chrXI	40129	70	ATCAAGTTGGTCACCGATTTGTCCGTTCAGCAACCGGAGGTTCTGGGTGAAGGTGTAGATGTTAATGACGATTTAATCAAAGAGCTTTCCTATCAGGCAAGAGGTGACATACCGGGTGTCGTAGCATTTTTCGGTGGCCTTGTGGCACCAG
chrXI	40130	7530	TCAAGGTGGTCACCGATTTGTCCGTTCAGAAACCGGAGGTTCTGGGTGAAGGTGTAGATGTTAATGAAGATTTAATCAAAGAGCTTTCCTATCCGGCAAGAGGTGACATACCGGGTGTCGTAGCATTTTTCGGTGGCCTTGTGGCACAAGA
chrXI	40130	7530	TCAAGTTGGTCACCGATTTGTCCGTTCAGAAACCGGAGGTTCTGGGTGAAGGTGTAGATGTTAATGAAGATTTAATCAAAGAGCTTTCCTATCAGGCAAGAGGTGACATACCGGGTGTCGTAGCATTTTTCGGTGGCCTTGTGGCACAAGA
chrXI	40130	7530	TCAAGTTGGTCACCGATTTGTCCGTTCAGAAACCGGAGGTTCTGGGTGAAGGTGTAGATGTTAATGAAGATTTAATCAAAGAGCTTTCCTATCAGGCAAGAGGTGACATACCGGGTGTCGTAGCATTTTTCGGTGGCCTTGTGGCACAAGA
chrXI	40130	7530	TCAAGTTGGTCACCGATTTGTCCGTTCAGAAACCGGAGGTTCTGGGTGAAGGTGTAGATGTTAATGAAGATTTAATCAAAGAGCTTTCCTATCAGGCAAGAGGTGACATACCGGGTGTCGTAGCATTTTTCGGTGGCCTTGTGGCACAAGA
chrXI	40131	1410	CAAGTTGGTCACCGATTTGTCCGTTCAGAAACCGGAGGTTCTGGGTGAAGGTGTAGATGTTAATGAAGATTTAATCAAAGAGCTTTCCTATCAGGCAAGAGGTGACATACCGGGTGTCGTAGCATTTTTCGGTGGCCTTGTGGCACAAGA
chrXI	40131	1410	CAAGTTGGTCACCGATTTGTCCGTTCAGCAACCGGAGGTTCTGGGTGAAGGTGTAGATGTTAATGAAGATTTAATCAAAGAGCTTTCCTATCAGGCAAGAGGTGACATACCGGGTGTCGTAGCATTTTTCGGTGGCCTTGTGGCACAAGAA
chrXI	40132	7530	AAGTTGGTCACCGATTTGTCCGTTCAGAAACCGGAGGTTCTGGGTGAAGGTGTAGATGTTAATGAAGATTTAATCAAAGAGCTTTCCTATCAGGCAAGAGGTGACATACCGGGTGTCGTAGCATTTTTCGGTGGCCTTGTGGCACAAGAAG
chrXI	40135	7530	TTGGTCACCGATTTGTCCGTTCAGAAACCGGAGGTTCTGGGTGAAGGTGTAGATGTTAATGAAGATTTAATCAAAGAGCTTTCCTATCAGGCAAGAGGTGACATACCGGGTGTCGTAGCATTTTTCGGTGGCCTTGTGGCACAAGAAGTG
chrXI	40138	2640	GTCACCTATTGGTGCGTTCAGCAACCGGAGGTTCTGGGTGAAGGGGTTGCTGTTAAGGAAGATTTAATCACAGTGCTTTCCTATCAGGCAAGAGGTGTCATTCCGGGGGTCGTAGCATTTTTCGGTGGCCTTGTGGCACAAGAAGTGTTA
chrXI	40138	7530	GTCACCGATTTGTCCGTTCAGAAACCGGAGGTTCTGGGTGAAGGTGTAGATGTTAATGAAGATTTAATCAAAGAGCTTTCCTATCAGGCAAGAGGTGACATACCGGGTGTCGTAGCATTTTTCGGTGGCCTTGTGGCACAAGAAGTGTTA
chrXI	40140	7530	CACCGATTTGTCCGTTCAGAAACCGGAGGTTCTGGGTGAAGGTGTAGATGTTAATGAAGATTTAATCAAAGAGCTTTCCTATCAGGCAAGAGGTGACATACCGGGTGTCGTAGCATTTTTCGGTGGCCTTGTGGCACAAGAAGTGTTAAAA
chrXI	40140	10150	CACCGATTTGT-CGTTCAGAAACCGGAGGTTCTGGGTGAAGGTGTAGATGTTAATGAAGATTTAATCAAAGAGCTTTCCTATCAGGCAAGAGGTGACATACCGGGTGTCGTAGCATTTTTCGGTGGCCTTGTGGCACAAGAAGTGTTAAAAG
chrXI	40141	2640	ACCGATTTGTCCGTTCAGAAACCGGAGGTTCTGGGTGAAGGTGTAGATGTTAATGAAGATTTAATCAAAGAGCTTTCCTATCAGGCAAGAGGTGACATACCGGGTGTCGTAGCATTTTTCGGTGGCCTTGTGGCACAAGAAGTGTTAAAAG
chrXI	40141	2640	ACCGATTTGTCCGTTCAGAAACCGGAGGTTCTGGGTGAAGGTGTAGATGTTAATGAAGATTTAATCAAAGAGCTTTCCTATCAGGCAAGAGGTGACATACCGGGTGTCGTAGCATTTTTCGGTGGCCTTGTGGCACAAGAAGTGTTAAAAG
chrXI	40141	1410	ACCGATTTGTCCGTTCAGAAACAGGAGGTTCTGGGTGAAGGTGTAGATGTTAATGAAGATTTAATCAAAGAGCTTTCCTATCAGGCAAGAGGTGACATACCGGGTGTCGTAGCATTTTTCGGTGGCCTTGTGGCACAAGAAGTGTTAAAAG
chrXI	40141	10150	ACCGATTTGTCCGTTCAGAAACCGGAGGTTCTGGGTGAAGGTGTAGATGTTAATGAAGATTTAATCAAAGAGCTTTCCTATCAGGCAAGAGGTGACATACCGGGTGTCGTAGCATTTTTCGGTGGCCTTGTGGCACAAGAAGTGTTAAAAG
chrXI	40142	7530	CCGATTTGTCCGTTCAGAAACCGGAGGTTCTGGGTGAAGGTGTAGATGTTAATGAAGATTTAATCAAAGAGCTTTCCTATCAGGCAAGAGGTGACATACCGGGTGTCGTAGCATTTTTCGGTGGCCTTGTGGCACAAGAAGTGTTAAAAGC
chrXI	40142	1410	CCGATTTGTCCGTTCAGAAACCGGAGGTTCTGGGTGAAGGTGTAGATGTTAATGAAGATTTAATCAAAGAGCTTTCCTATCAGGCAAGAGGTGACATACCGGGTGTCGTAGCATTTTTCGGTGGCCTTGTGGCACAAGAAGTGTTAAAAGC
chrXI	40142	70	CCGATTTGTCCGTTCAGCAACCGGAGGTTCTGGGTGAAGGTGTAGATGTTAATGAAGATTTAATCAACGAGCTTTCCTATCAGGCAAGAGGTGACATACCGGGTGTCGTAGCAATTTTCGGTGGCCTTGTGGCACAAGAAGTGTTAAAAGC
chrXI	40142	7530	CCGATTTGTCCGATCAGCAACCGGAGGTTCT-GGTGAAGGTGTAGAAGTTAATGAAGATTTAATCAAAGAGCTTTCCTATAAGGCAAAAGGTTACATAACGGGTATCGTAGCATATTTACGTAGCCATGTGGCACAAGAAGTGTTAAAAACA
chrXI	40143	7530	CGATTTGTCCGTTCAGCAACCGGAGGTTCTGGGTGAAGGTGTAGATGTTAATGAAGATTTAATCAAAGAGCTTTCCTATCAGGCAAGAGGTGACATACCGGGTGTCGTAGCATTTTTCGGTGGCCTTGTGGCACAAGAAGTGTTAAAAGCA
chrXI	40143	7530	CGATTTGTCCGTTCAGTAACCGGAGGTTCTGGGTGAAGGTGTAGATGTTAATGAAGATTTAATCAAAGAGCTTTCCTATCAGGCAAGAGGTGACATACCGGGTGTCGTAGCATTTTTCGGTGGCCTTGTGGCACAAGAAGTGTTAAAAGCA
chrXI	40148	2640	TGTCCGTTCAGAAACCGGAGGTTCTGGGTGAAGGTGTAGATGTTAATGAAGATTTAATCAAAGAGCTTTCCTATCAGGCAAGAGGTGACATACCGGGTGTCGTAGCATTTTTCGGTGGCCTTGTGGCACAAGAAGTGTTAAAAGCATGTTC
chrXI	40148	7530	TGTCCGTTCAGAAACCGGAGGTTCTGGGTGAAGGTGTAGATGTTAATGAAGATTTAATCAAAGAGCTTTCCTATCAGGCAAGAGGTGACATACCGGGTGTCGTAGCATTTTTCGGTGGCCTTGTGGCACAAGAAGTGTTAAAAGCATGTTC
chrXI	40149	1410	GTCCGTTCAGAAACCGGAGGTTCTGGGTGAAGGTGTAGATGTTAATGAAGATTTAATCAAAGAGCTTTCCTATCAGGCAAGAGGTGACATACCGGGTGTCGTAGCATTTTTCGGTGGCCTTGTGGCACAAGAAGTGTTAAAAGCATGTTC
chrXI	40149	1410	GTCCGTTCAGCAACCGGAGGTTCTGGGTGAAGGTGTAGATGTTAATGAAGATTTAATCAAAGAGCTTTCCTATCAGGCAAGAGGTGACATACCGGGTGTCGTAGCATTTTTCGGTGGCCTTGTGGCACAAGAAGTGTTAAAAGCATGTTC
chrXI	40153	5150	GTTCAGCAACCGGAGGTTCTGGGTGAAGGTGTAGATGTTAATGAAGATTTAATCAAAGAGCTTTCCTATCAGGCAAGAGGTGACATACCGGGTGTCGTAGCATTTTTCGGTGGCCTTGTGGCACAAGAAGTGTTAAAAGCATGTTCTGGTA
chrXI	40154	10150	TTCAGAAACCGGAGGTTCTGGGTGAAGGTGTAGATGTTAATGAAGATTTAATCAAAGAGCTTTCCTATCAGGCAAGAGGTGACATACCGGGTGTCGTAGCATTTTTCGGTGGCCTTGTGGCACAAGAAGTGTTAAAAGCATGTTCTGGTA
chrXI	40154	2640	TTCAGAAACCGGAGGTTCTGGGTGAAGGTGTAGATGTTAATGAAGATTTAATCAAAGAGCTTTCCTATCAGGCAAGAGGTGACATACCGGGTGTCGTAGCATTTTTCGGTGGCCTTGTGGCACAAGAAGTGTTAAAAGCATGTTCTGGTA
chrXI	40154	2640	TTCAGCAACCGGAGGTTCTGGGTGAAGGTGTAGATGTTAATGAAGATATAATCAAAGAGCTTTCCTATCAGGCAAGAGGTGACATACCGGGTGTCGTAGCATTTTTCGGTGGCCTTGTGGCACAAGAAGTGTTAAAAGCATGTTCTGGTAA
chrXI	40156	2640	CAGCAACCGGAGGTTCTGGGTGAAGGTGTAGATGTTAATGAAGATTTAATCAAAGAGCTTTCCTATCAGGCAAGAGGTGACATACCGGGTGTCGTAGCATTTTTCGGTGGCCTTGTGGCACAAGAAGTGTTAAAAGCATGTTCTGGTAAAT
chrXI	40158	1410	GCAACCGGAGGTTCTGGGTGAAGGTGTAGATGTTAATGAAGATTTAATCAAAGAGCTTTCCTATCAGGCAAGAGGTGACATACCGGGTGTCGTAGCATTTTTCGGTGGCCTTGTGGCACAAGAAGTGTTAAAAGCATGTTCTGGTAAATTT
chrXI	40158	1410	GAAACCGGAGGTTCTGGGTGAAGGTGTAGATGTTAATGAAGATTTAATCAAAGAGCTTTCCTATCAGGCAAGAGGTGACATACCGGGTGTCGTAGCATTTTTCGGTGGCCTTGTGGCACAAGAAGTGTTAAAAGCATGTTCTGGTAAATTT
chrXI	40159	70	CAACCGGAGGTTCTGGGTGAAGGTGTAGATGTTAATGAAGATTTAATCAAAGAGCTTTCCTATCAGGCAAGAGGTGACATACCGGGTGTCGTAGCATTTTTCGGTGGCCTTGTGGCACAAGAAGTGTTAAAAGCATGTTCTGGTATATTT
chrXI	40159	7530	AAACCGGAGGTTCTGGGTGAAGGTGTAGATGTTAATGAAGATTTAATCAAAGAGCTTTCCTATCAGGCAAGAGGTGACATACCGGGTGTCGTAGCATTTTTCGGTGGCCTTGTGGCACAAGAAGTGTTAAAAGCATGTTCTGGTAAATTT
chrXI	40159	7530	AAACCGGAGGTGCTGGGTGCAGGTGTAGATGTTAATGAAGATTTAATCAAAGAGCTTTCCTATCAGGCAAGAGGTGACATACCGGGTGTCGTAGCATTTTTCGGTGGCCTTGTGGCACAAGAAGTGTTAAAAGCATGTTCTGGTAAAT
chrXI	40159	2640	CAACCGGAGGTTCTGGGTGAAGGTGTAGATGTTAATGAAGATTTAATCAAAGAGCTTTCCTATCAGGCAAGAGGTGACATACCGGGTGTCGTAGCATTTTTCGGTGGCCTTGTGGCACAAGAAGTGTTAAAAGCATGTTCTGGTAAAT
chrXI	40159	70	CAACCGGAGGTTCTGGGTGAAGGTGTAGATGTTAATGAAGATTTAATCAAAGAGCTTTCCTATCAGGCAAGAGGTGACATACCGGGTGTCGTAGCATTTTTCGGTGGCCTTGTGGCACAAGAAGTGTTAAAAGCATGTTCTGGTAAATTT
chrXI	40159	70	CAACCGGAGGTTCTGGGTGAAGGTGTAGATGTTAATGAAGATTTAATCAAAGAGCTTTCCTATCAGGCAAGAGGTGACATACCGGGTGTCGTAGCATTTTTCGGTGGCCTTGTGGCACAAGAAGTGTTAAAAGCATGTTCTGGTAAATTT
chrXI	104867	2640	AAATGGCAAGCCTGTCATGGAAGTCACCTCCTCATTCTTCTACAGAGGCAACTATACTGACTTTGAAAACACTTTCCAAAAGACTGTTGAACCTGTTTATCAAATGCACATCAAAACTTCTAAAGATATAGCTGTCTTGCGCTCTAAGGAG
chrXI	104867	70	AAATGGCAAGCCTGTCATGGAAGTCACCTCCTCATTCTTCTACAGAGGCAACTATACTGACTTTGAAAACACTTTCCAAAAGACTGTTGAACCTGTTTATCAAATGCACATCAAAACTTCTAAAGATATAGCTGTCTTGCGCTCTAAGGAG
chrXI	104867	2640	AAATGGCAAGCCTGTCATGGAAGTCACCTCCTCATTCTTCTACAGAGGCAACTATACTGACTTTGAAAACACTTTCCAAAAGACTGTTGAACCTGTTTATCCAATGCACATCAAAACTTCTAAAGATATAGCTGTCTTGCGCTCTAAGGAG
chrXI	104867	5150	AAATGGCAAGCCTGTCATGGAATTCACCTCCTCATTCTTCTACAGAGGCAACTATACTGACTTTGAAAACACTTTCCAAAAGACTGTTGAACCTGTTTATCAAATGCACATCAAAACTTCTAAAGATATAGCTGTCTTGCGCTCTAAGGGG
chrXI	104867	70	AAATGGCAAGCCTGTCATGGAAGTCACCTCCTCATTCTTCTACAGAGGCAACTATACTGACTTTGAAAACACTTTCCAAAAGACTGTTGAACCTGTTTATCAAATGCACATCAAAACTTCTAAAGATATAGCTGTCTTGCGCTCTAAGGAG
chrXI	104868	2640	AATTGCAAGGCTGTCATGGAAGTCAGCTCCTCATTCTTCTACACAGGAAACTATTCTGAATTTGAAAACACTTTCCAAAAGACTGTTGAACCTGTTTATCAAATGCACATCAAAACTTCTAAAGATATAGCGGTCTTGCGCTCTAAGGAGT
chrXI	104868	2640	AATGGCAAGCCTGTCATGGAAGTCACCTCCTCATTCTTCTACAGAGGCAACTATACTGACTTTGAAAACACTTTCCAAAAGACTGTTGAACCTGTTTATCAAATGCACATCAAAACTTCTAAAGATATAGCTGTCTTGCGCTCTAAGGAGT
chrXI	104868	2640	AATGGCAAGCCTGTCATGGAAGTCACCTCCTAATTCTTCTACAGAGGCAACTATACTGACTTTGAAAACACTTTCCAAAAGACTGTTGAACCTGTTTATCAAATGCACATCAAAACTTCTAAAGATATAGCTGTCTTGCGCTCTAAGGAGT
chrXI	104868	7530	AATGGCAAGCCTGTCATGGAAGTCACCTCCTCATTCTTCTACAGAGGCAACTATACTGACTTTGAAAACACTTTCCAAAAGACTGTTGAACCTGTTTATCAAATGCACATCAAAACTTCTAAAGATATAGCTGTCTTGCGCTCTAAGGAGT
chrXI	104870	70	TGGCAAGCCTGTCATGGAAGTCACCTCCTCATTCTTCTACAGAGGCAACTATACTGACTTTGAAAACACTTTCCAAAAGACTGTTGAACCTGTTTATCAAATGCACATCAAAACTTCTAAAGAGATAGCTGTCTTGCGCTCTAAGGAGTGG
chrXI	104871	1410	GGCAAGCCTGTCATGGAAGTCACCTCCTCATTCTTCTACAGAGGCAACTATACTTACTTTGAAAACACTTTCCAAAAGACTGTTGAACCTGTTTATCAAATGCACATCAAAACTTCTAAAGATATAGCTGTCTTGCGCTCTAAGGAGTGG
chrXI	104871	70	GGCAAGCCTGTCATGGAAGTCACCTCCTCATTCTTCTACAGAGGCAACTATACTGACTTTGAAAACACTTTCCAAAAGACTGTTGAACCTGTTTATCAAATGCACATCAAAACTTCTAAAGATATAGCTGTCTTGCGCTCTAAGGAGTGGT
chrXI	104875	2640	AGCCTGTCATGGAAGTCACCTCCTCATTCTTCTACAGAGGCAACTATACTGACTTTGAAAACACTTTCCAAAAGACTGTTGAACCTGTTTATAAAATGCACATCAAAACTTCTAAAGATATGGCTGTCTTGCGCTCGATGGAGTGGTTCCA
chrXI	104876	7530	GCCTGTCATGGAAGTCACCTCCTCATTCTTCTACAGAGGCAACTATACTGACTTTGAAAACACTTTCCAAAAGACTGTTGAACCTGTTTATCAAATGCACATCAAAACTTCTAAAGATATAGCTGTCTTGCGCTCTAAGGGGTGGTTCCAA
chrXI	104877	2640	CCTGTCATGGAAGTCACCTCCTCATTCTTCTACAGAGGCAACTATACTGACTTTGAAAACACTTTCCAAAAGACTGTTGAACCTGTTTATCAAATGCACATCAAAACTTCTAAAGATATAGCTGTCTTGCGCTCTAAGGAGTGGTTCCAAT
chrXI	104877	7530	CCTGTCATGGAAGTCACCTCCTCATTCTTCTACAGAGGCAACTATACTGACTTTGAAAACACTTTCCAAAAGACTGTTGAACCTGTTTATCAAATGCACATCAAAACTTCTAAAGATATAGCTGTCTTGCGCTCTAAGGGGTGGTTCCAAT
chrXI	104877	7530	CCTGTCATGGAAGTCACCTCCTCATTCTTCTACAGAGGCAACTATACTGACTTTGAAAACACTTTCCAAAAGACTGTTGAACCTGTTTATCAAATGCACATCAAAACTTCTAAAGATATAGCTGTCTTGCGCTCTAAGGGGTGGTTCCAAT
chrXI	104878	7530	CTGTCATGGAAGTCACCTCCTCATTCTTCTACAGAGGCAACTATACTGACTTTGAAAACACTTTCCAAAAGACTGTTGAACCTGTTTATCAAATGCACATCAAAACTTCTAAAGATATAGCTGTCTTGCGCTCTAAGGAGTGGTTCCAATT
chrXI	104878	2640	CTGTCATGGAAGTCACCTCCTCATTCTTCTACAGAGGCAACTATACTGACTTTGAAAACACTTTCCAATAGACTGTTGATCCTGTTTATCAAATGCACATCAAAACTTCTAAAGATATAGCTGTCTTGCGCTCTAAGGAGTGGTTCCAATT
chrXI	104878	7530	CTGTCATGGAAGTCACCTCCTCATTCTTCTACAGAGGCAACTATACTGACTTTGAAAACACTTTCCAAAAGACTGTTGAACCTGTTTATCAAATGCACATCAAAACTTCTAAAGATATAGCTGTCTTGCGCTCTAAGGGGTGGTTCCAATT
chrXI	104880	70	GTCATGGAAGTCACCTCCTCATTCTTCTACAGAGGCAACTATACTGACTTTGAAAACACTTTCCAAAAGACTGTTGAACCTGTTTATCAAATGCACATCAAAACTTCTAAAGATATAGCTGTCTTGCGCTCTAAGGAGTGGTTCCAATTGG
chrXI	104880	10150	GTCATGGAAGTCACCTCCTCATTCTTCTACAGAGGCAACTATACTGACTTTGAAAACACTTTCCAAAAGACTGTTGAACCTGTTTATCAAATGCACATCAAAACTTCTAAAGATATAGCTGTCTTGCGCTCTAAGGGGTGGTTCCAATTGG
chrXI	104880	2640	GTCATGGAAGTCACCTCCTCATTCTTCTACAGAGGCAACTATACTGACTTTGAAAACACTTTCCAAAAGACTGTTGAACCTGTTTATCAAATGCACATCAAAACTTCTAAAGATATAGCTGTCTTGCGCTCTAAGGAGTGGTTCCAATTGG
chrXI	104880	2640	GTCATGGAAGTCACCTCCTCATTCTTCTACAGAGGCAACTATACTGACTTTGAAAACACTTTCCAAAAGACTGTTGAACCTGTTTATCAAATGCACATCAAAACTTCTAAAGATATAGCTGTCTTGCGCTCTAAGGAGTGGTTCCAATTGG
chrXI	104880	2640	GTCATGGAAGTCACCTCCTCATTCTTCTACAGAGGCAACTATACTGACTTTGAAAACACTTTCCAAAAGACTGTTGAACCTGTTTATCAAATGCACATCAAAACTTCTAAAGATATAGCTGTCTTGCGCTCTAAGGAGTGGTTCCAATTGG
chrXI	104880	2640	GTCATGGAAGTCACCTCCTCATTCTTCTACAGAGGCAACTATACTGACTTTGAAAACACTTTCCAAAAGACTGTTGAACCTGTTTATCAAATGCACATCAAAACTTCTAAAGATATAGCTGTCTTGCGCTCTAAGGAGTGGTTCCAATTGG
chrXI	104880	7530	GTCATGGAAGTCACCTCCTCATTCTTCTACAGAGGCAACTATACTGACTTTGAAAACACTTTCCAAAAGACTGTTGAACCTGTTTATCAAATGCACATCAAAACTTCTAAAGATATAGCTGTCTTGCGCTCTAAGGAGTGGTTCCAATTGG
chrXI	104880	1410	GTCATGGAAGTCACCTCCTCATTCTTCTACAGAGGCAACTATACTGACTTTGAAAACACTTTCCAAAAGACTGTTGAACCTGTTTATCAAATGCACATCAAAACTTCTAAAGATATAGCTGTCTTGCGCTCTAAGGAGTGGTTCCAATTG
chrXI	104881	70	TCATGGAAGTCACCTCCTCATTCTTCTACAGAGGCAACTATACTGACTTTGAAAACACTTTCCAAAAGACTGTTGAACCTGTTTATCAAATGCACATCAAATCTTCTAAAGATAAAGCTGTCTTGCGCTCTAAGGAGTGGATCCAATTGGA
chrXI	104881	1410	TCATGGAAGTCACCTCCTCATTCTTCTACAGAGGCAACTATACTGACTTTGAAAACACTTTCCAAAAGACTGTTGAACCTGTTTATCAAATGCACATCAAAACTTCTAAAGATATAGCTGTCTTGCGCTCTAAGGAGTGGTTCCAATTGG
chrXI	104881	5150	TCATGGAAGTCACCTCCTCATTCTTCTACAGAGGCAACTATACTGACTTTGAAAACACTTTCCAAAAGACTGTTGAACCTGTTTATCAAATGCACATCAAAACTTCTAAAGATATAGCTGTCTTGCGCTCTAAGGGGTGGTTCCAATTGG
chrXI	104886	2640	GAAGTCACCTCCTCATTCTTCTACAGAGGCACCTATACTGACTTTGAAAACACTTTCCAAAAGACTGTTGAACCTGTTTATCAAATGCACATCAAAACTTCTAAAGATATCGCTGTCTTGCGCTCTAAGGAGTGGTTCCAATTGGACGACG
chrXI	104886	1410	GAAGTCACCTCCTCATTCTTCTACAGAGGCAACTATACTGACTTTGAAAACACTTTCCAAAAGACTGTTGAACCTGTTTATCAAATGCACATCAAAACTTCTAAAGATATAGCTGTCTTGCGCTCTAAGGAGTGGTTCCAATTGGACGACG
chrXI	104886	1410	GAAGTCACCTCCTCATTCTTCTACAGAGGCAACTATACTGACTTTGAAAACACTTTCCAAAAGACTGTTGAACCTGTTTATCAAATGCACATCAAAACTTCTAAAGATATAGCTGTCTTGCGCTCTAAGGAGTGGTTACAATTGGACGACG
chrXI	104887	10150	AAGTCACCTCCTCATTCTTCTACAGAGGCAACTATACTGACTTTGAAAACACTTTCCAAAAGACTGTTGAACCTGTTTATCAAATGCACATCAAAACTTCTAAAGATATAGCTGTCTTGCGCTCTAAGGAGTGGTTCCAATTGGACGACGA
chrXI	104888	10150	AGTCACCTCCTCATTCTTCTACAGAGGCAACTATACTGACTTTGAAAACACTTTCCAAAAGACTGTTGAACCTGTTTATCAAATGCACATCAAAACTTCTAAAGATATAGCTGTCTTGCGCTCTAAGGAGTGGTTCCAATTGGACGACGA
chrXI	104889	2640	GTCACCTCCTCATTCTTCTACAGAGGCAACTATACTGACTTTGAAAACACTTTCCAAAAGACTGTTGAACCTGTTTATCAAATGCACATCAAAACTTCTAAAGATATAGCTGTCTTGCGCTCTAAGGAGTGGTTCCAATTGGACGACGAAG
chrXI	104893	70	CCTCCTCATTCTTCTACAGAGGCAACTATACTGACTTTGAAAACACTTTCCAAAAGACTGTTGAACCTGTTTATCAAATGCACATCAAAACTTCTAAAGATATAGCTGTCTTGCGCTCTAAGGAGTGGTTCCAATTGGACGACGAAGACTT
chrXI	104893	1410	CCTCCTCATTCTTCTACAGAGGCAACTATACTGACTTTGAAAACACTTTCCAAAAGACTGTTGAACCTGTTTATCAAATGCACATCAAAACTTCTAAAGATATAGCTGTCTTGCGCTCTAAGGAGTGGTTCCAATTGGACGACGAAGACTT
chrXI	104895	7530	TCCTCATTCTTCTACAGAGGCAACTATACTGACTTTGAAAACACTTTCCAAAAGACTGTTGAACCTGTTTATCAAATGCACATCAAAACTTCTAAAGATATAGCTGTCTTGCGCTCTAAGGGGTGGTTCCAATTGGACGACGAAGACTTCG
chrXI	104895	2640	TCCTCATTCTTCTACAGAGGCAACTATACTGACTTTGAAAACACTTTCCAAAAGACTGTTGAACCTGTTTATCAAATGCACATCAAAACTTCTAAAGATATAGCTGTCTTGCGCTCTAAGGAGTGGTTCCAATTGGACGACGAAGACTTCG
chrXI	104895	2640	TCCTCATTCTTCTACAGAGGCAACTATACTGACTTTGAAAACACTTTCCAAAAGACTGTTGAACCTGTTTATCAAATGCACATCAAAACTTCTAAAGATATAGCTGTCTTGCGCTCTAAGGAGTGGTTCCAATTGTACGACGAAGACTTCG
chrXI	104896	70	CCTCATTCTTCTACAGAGGCAACTATACTGACTTTGAAAACACTTTCCAAAAGACTGTTGAACCTGTTTATCAAATGCACATCAAAACTTCTAAAGATATAGCTGTCTTGCGCTCTAAGGAGTGGTTCCAATTGGACGACGAAGACTTCGA
chrXI	104896	5150	CCTCATTCTTCTACAGAGGCAACTATACTGACTTTGAAAACACTTTCCAAAAGACTGTTGAACCTGTTTATCAAATGCACATCAAAACTTCTAAAGATATAGCTGTCTTGCGCTCTAAGGAGTGGTTCCAATTGGATGACGAAGACTTCG
chrXI	104896	70	CCTCATTCTTCTACAGAGGCAACTATACTGACTTTGAAAACACTTTCCAAAAGACTGTTGAACCTGTTTATCAAATGCACATCAAAACTTCTAAAGATATAGCTGTCTTGCGCTCTAAGGAGTGGTTCCAATTGGACGACGAAGACTTCGA
chrXI	104896	2640	CCTCATTCTTCTACAGAGGCAACTATACTGACTTTGAAAACACTTTCCAAAAGACTGATGAACCACATAAACTAATGCACATCAAAACATCAAAAGATATAGCTGTCTTGCGCTCTAAGGAGTGGTTCCAATTGGACGACGAAGACTTCGA
chrXI	104897	70	CTCATTCTTCTACAGATGCCACTATACTGACTTTGAAAACACTTTCCAAAAGACTGTTGAACCTGTTTATCAAATGCTCATCAAACCTTCTAAAGATATAGCTGTCTTGCGCTCTAAGGAGTGGTTCCAATTGGACGACGAAGACTTCGAT
chrXI	104897	7530	CTCATTCTTCTACAGAGGCAACTATACTGACTTTGAAAACACTTTCCAAAAGACTGTTGAACCTGTTTATCAAATGCACATCAAAACTTCTAAAGATATAGCTGTCTTGCGCTCTAAGGGGTGGTTCCAATTGGACGACGAAGACTTCGAT
chrXI	104897	70	CTCATTCTTCTACAGAGGCAACTATACTGACTTTGAAAACACTTTCCAAAAGACTGTTGAACCTGTTTATCAAATGCACATCAAAACTTCTAAAGATATAGCTGTCTTGCGCTCTAAGGAGTGGTTCCAATTGGACGACGAAGACTTCGAT
chrXI	104898	2640	TCATTCTTCTACAGAGGCAACTATACTGACTTTGAAAACACTTTCCAAAAGACTGTTGAACCTGTTTATCAAATGCACATCAAAACTTCTAAAGATATAGCTGTCTTGCGCTCTAAGGAGTGGTTCCAATTGGACGACGAAGACTTCGATC
chrXI	104898	7530	TCATTCTTCTACAGAGGCAACTATACTGACTTCGAAAACACTTTCCAAAAGACTGTTGAACCTGTTTATCAAAAGCACATCAAAACTTCTAAAGATATAGCTGTCTTGCGCTCTAAGGGGTGGTTCCAATTGGACGACGAAGACTTCGAT
chrXI	104899	10150	CATTCTTCTACAGAGGCAACTATACTGACTTTGAAAACACTTTCCAAAAGACTGTTGAACCTGTTTATCAAATGCACATCAAAACTTCTAAAGATATAGCTGTCTTGCGCTCTAAGGGGTGGTTCCAATTGGACGACGAAGACTTCGATC
chrXI	104901	7530	TTCTTCTACAGAGGCAACTATACTGACTTTGAAAACACTTTCCAAAAGACTGTTGAACCTGTTTATCAAATGCACATCAAAACTTCTAAAGATATAGCTGTCTTGCGCTCTAAGGAGTGGTTCCAATTGGACGACGAAGACTTCGAT
chrXI	104901	7530	TTCTTCTACAGAGGCAACTATACTGACTTTGAAAACACTTTCCAAAAGACTGTTGAACCTGTTTATCAAATGCACATCAAAACTTCTAAAGATATAGCTGTCTTGCGCTCTAAGGGGTGGTTCCACTTGGACGACGAAGACTTCGAT
chrXI	104901	2640	TTCTTCTACAGAGGCAACTATACTGACTTTGAAAACACTTTCCAAAAGACTGTTGAACCTGTTTATCAAATGCACATCAAAACTTCTAAAGATATAGCTGTCTTGCGCTCTAAGGAGTGGTTCCAATTGGACGACGAAGACTTCGAT
chrXI	104901	5150	TTCTTCTACAGAGGCAACTATACTGACTTTGAAAACACTTTCCAAAAGACTGTTGAACCTGTTTATCAAATGCACATCAAAACTTCTAAAGATATAGCTGTCTTGCGCTCTAAGGGG
chrXI	104901	2640	TTCTTCTACAGAGGCAACTATACTGACTTTGAAAACACTTTCCAAAAGACTGTTGAACCTGTTTATCAAATGCACATCAAAACTTCTAAAGATATAGCTGTCTTGCGCTCTAAGGAGTGGTTCCAATTGGACGACGAAGACTTCGAT
chrXI	104901	5150	TTCTTCTACAGAGGCAACTATACTGACTTTGAAAACACTTTCCAAAAGACTGTTGAACATGTTTATCAAATGCACATCAAAACTTCTAAAGATATAGCTGTCTTGCGCTCTAAGGAGTGGTTCCAATTGGACGACGAAGACTTCGATCTGT
chrXI	104901	2640	TTCTTCTACAGAGGCAACTATACTGACTTTGAAAACACTTTCCAAAAGACTGTTGAACCTGTTTATCAAATGCACATCAAAACTTCTAAAGATATAGCTGTCTTGCGCTCTAAGGAGTGGTTCCAATTGGACGACGAAGACTTCGAT
chrXI	104901	2640	TTCTTCTACAGAGGCAACTATACTGACTTTGAAAACACTTTCCAAAAGACTGTTGAACCTGTTTATCAAATGCACATCAAAACTTCTAAAGATATAGCTGTCTTGCGCTCTAAGGAGTGGTTCCAATTGGACGACGAAGACTTCGAT
chrXI	104901	70	TTCTTCTACAGAGGCAACTATACTGACTTTGAAAACACTTTCCAAAAGACTGTTGAACCTGTTTATCAAATGCACATCAAAACTTCTAAAGATATAGCTGTCTTGCGCTCTAAGGAGTGGTTCCAATTGGACGACGAAGACTGCGAT
chrXI	104901	5150	TTCTTCTACAGAGGCAACTATACTGACTTTGAAAACACTTTCCAAAAGACTGTTGAACCTGTTTATCAAATGCACATCAAAACTTCTAAAGATATAGCTGTCTTGCGCTCTAAGGGG
chrXI	104901	70	TTCTTCTACAGAGGCAACTATACTGACTTTGAAAACACTTTCCAAAAGACTGTTGAACCTGTTTATCAAATGCACATCAAAACTTCTAAAGATATAGCTGTCTTGCGCTCTAAGGAGTGGTTCCAATTGGACGACGAAGACTTCGAT
chrXI	104901	5150	TTCTTCTACAGAGGCAACTATACTGACTTTGAAAACACTTTCCAAAAGACTGTTGAACCTGTTTATCAAATGCACATCAAAACTTCTAAAGATATAGCTGTCTTGCGCTCTAAGGAGTGGTTCCAATTGGACGACGAAGACTTCGATCTGT
chrXI	104901	2640	TTCTTCTACAGAGGCAACTATACTGACTTTGAAAACACTTTCCAAAAGACTGTTGAACCTGTTTATCAAATGCACATCAAAACTTCTAAAGATATAGCTGTCTTGCGCTCTAAGGAGTGGTTCCAATTGGACGACGAAGACTTCGAT
chrXI	104901	5150	TTCTTCTACAGAGGCAACTATACTGACTTTGAAAACACTTTCCAAAAGACTGTTGAACCTGTTTATCAAATGCACATCAAAACTTCTAAAGATATAGCTGTCTTGCGCTCTAAGGGGTGCTTCCAATTGGACGACGAAGACTTCGATCTGT
chrXI	104901	2640	TTCTTCTACAGAGGCAACTATACTGACTTTGAAAACACTTTCCAAAAGACTGTTGAACCTGTTTATCAAATGCACATCAAAACTTCTAAAGATATAGCTGTCTTGCGCTCTAAGGAGTGGTTCCAATTGGACGACGAAGACTTCGAT
chrXI	104901	7530	TTCTTCTACAGAGGCAACTATACTGACTTTGAAAACACTTTCCAAAAGACTGATGAACCTGTTTATCAAATGCACATCAAAACTTCTAAAGATATAGCTGTCTTGCGCTCTCAGGAGTGGTTCCAATTGGACGACGAAGACTTCGAT
chrXI	104901	70	TTCTTCTACAGAGGCAACTATACTGACTTTGAAAACACTTTCCAAAAGACTGTTGAACCTGGTTATCAAATGCACATCAAAACTTCTAAAGATATAGCTGTCTTGCGCTCTAAGGAGTGGTTCCAATTGGACGACGAAGACTTCGCT
chrXI	104901	7530	TTCTTCTACAGAGGCAACTATACTGACTTTGAAAACACTTTCCAAAAGACTGTTGAACCTGTTTACCAAATGCACATCAAAACTTCTAAAGATATAGCTGTCTTGCGCTCTAAGGAGTGGTTCCAATTGGACGACGAAGACTTCGAT
chrXI	104903	7530	CTTCTACAGAGGCAACTATACTGACTTTGAAAACACTTTCCAAAAGACTGTTGAACCTGTTTATCAAATGCACATCAAAACTTCTAAAGATATAGCTGTCTTGCGCTCTAAGGAGTGGTTCCAATTGGACGACGAAGACTTCGATCTGTTA
chrXI	104903	10150	CTTCTACAGAGGCAACTATACTGACTTTGAAAACACTTTCCAAAAGACTGTTGAACCTGTTTATCAAATGCACATCAAAACTTCTAAAGATATAGCTGTCTTGCGCTCTAAGGAGTGGTTCCAATTGGACGACGAAGACTTCGATCTGTT
chrXI	104903	2640	CTTCTACAGAGGCAACTATACTGACTTTGAAAACACTTTCCAAAAGACTGTTGAACCTGTTTATCAAATGCACATCAAAACTTCTAAAGATATAGCTGTCTTGCGCTCTAAGGAGTGGTTCCAATTGGACGACGAAGACTTCGATCTGTTA
chrXI	104903	5150	CTTCTACAGAGGCAACTATACTGACTTTGAAAACACTTTCCAAAAGACTGTTGAACCTGTTTATCAAATGCACATCAAAACTTCTAAAGATATAGCTGTCTTGCGCTCTAAGGAGTGGTTCCAATTGGACGACGAAGACTTCGATCTGTT
chrXI	104903	10150	CTTCTACAGAGGCAACTATACTGACTTTGAAAACACTTTCCAAAAGACTGTTGAACCTGTTTATCAAATGCACATCAAAACTTCTAAAGATATAGCTGTCTTGCGCTCTAAGGGGTGGTTCCAATTGGACGACGAAGACTTCGATCTGTT
chrXI	104903	10150	CTTCTACAGAGGCAACTATACTGACTTTGAAAACACTTTCCAAAAGACTGTTGAACCTGTTTATCAAATGCACATCAAAACTTCTAAAGATATAGCTGTCTTGCGCTCTAAGGGGTGGTTCCAATTGGACGACGAAGACTTCGATCTGTT
chrXI	104903	2640	CTTCTACAGAGGCAACTATACTGACTTTGAAAACACTTTCCAAAAGACTGTTGAACCTGTTTATCAAATGCACATCAAAACTTCTAAAGATATAGCTGTCTTGCGCTCTAAGGAGTGGTTCCAATTGGACGACGAAGACTTCGATCTGTTA
chrXI	104903	5150	CTTCTACAGAGGCAACTATACTGACTTTGAAAACACTTTCCAAAAGACTGTTGAACCTGTTTATCAAATGCACATCAAAACTTCTAAAGATATAGCTGTCTTGCGCTCTAAGGGGTGGTTCCAATTGGACGACGAAGACTTCGATCTGTT
chrXI	104903	10150	CTTCTACAGAGGCAACTATACTGACTTTGAAAACACTTTCCAAAAGACTGTTGAACCTGTTTATCAAATGCACATCAAAACTTCTAAAGATATAGCTGTCTTGCGCTCTAAGGGGTGGTTCCAATTGGACGACGAAGACTTCGATCTGTT
chrXI	104903	1410	CTTCTACAGAGGCAACTATACTGACTTTGAAAACACTTTCCAAAAGACTGTTGAACCTGTTTATCAAATGCACATCAAAACTTCTAAAGATATAGCTGTCTTGCGCTCTAAGGAGTGGTTCCAATTGGACGACGAAGACTTCGATCTGTT
chrXI	104903	7530	CTTCTACAGAGGCAACTATACTGACTTTGAAAACACTTTCCAAAAGACTGTTGAACCTGTTTATCAAATGCACATCAAAACTTCTAAAGATATAGCTGTCTTGCGCTCTAAGGAGTGGTTCCAATTGGACGACGAAGACTTCGATCTGTTA
chrXI	104903	1410	CTTCTACAGAGGCAACTATACTGACTTTGAAAACACTTTCCAAAAGACTGTTGAACCTGTTTATCAAATGCACATCAAAACTTCTAAAGATATAGCTGTCTTGCGCTCTAAGGAGTGGTTCCAATTGGACGACGAAGACTTCGATCTGTT
chrXI	104903	2640	CTTCTACAGAGGCAACTATACTGACTTTGAAAACACTTTCCAAAAGACTGTTGAACCTGTTTATCAAATGCACATCAAAACTTCTAAAGATATAGCTGTCTTGCGCTCTAAGGAGTGGTTCCAATTTGACGACGAAGACTTCTATATGTTA
chrXI	104903	70	CTTCTACAGAGGCAACTATACTGACTTTGAAAACACTTTCCAAAAGACTGTTGAACCTGTTTATCAAATGCACATCAAAACTTCTAAAGATATAGCTGTCTTGCGCTCTAAGGAGTGGTTCCAATTGGACGACGAAGACTTCGATCTGTTA
chrXI	104903	7530	CTTCTACAGAGGCAACTATACTGACTTTGAAAACACTTTCCAAAAGACTGTTGAACCTGTTTATCAAATGCACATCAAATCTTCTAAAGATATAGCTGTCTTGCGCTCTAAGGAGTGGTTCCAATTGGACGACGAAGACTTCGATCTGTTA
chrXI	104903	7530	CTTCTACAGAGGCAACTATACTGACTTTGAAAACACTTTCCAAAAGACTGTTGAACCTGTTTATCAAATGCACATCAAAACTTCTAAAGATATAGCTGTCTTGCGCTCTAAGGGGTGGTTCCAATTGGACGACGAAGACGTCGATCTGTTA
chrXI	104904	1410	TTCTACAGAGGCAACTATACTGACTTTGAAAACACTTTCCAAAAGACTGTTGAACCTGTTTATCAAATGCACATCAAAACTTCTAAAGATATAGCTGTCTTGCGCTCTAAGGAGTGGTTCCAATTGGACGACGAAGACTTCGATCTGTTA
chrXI	104905	10150	TCTACAGAGGCAACTATACTGACTTTGAAAACACTTTCCAAAAGACTGTTGAACCTGTTTATCAAATGCACATCAAAACTTCTAAAGATATAGCTGTCTTGCGCTCTAAGGAGTGGTTCCAATTGGACGACGAAGACTTCGATCTGTTAA
chrXI	104906	2640	CTACAGAGGCAACTATACTGACTTTGAAAACACTTTCCAAAAGACTGTTGAACCTGTTTATCAAATGCACATCAAAACTTCTAAAGATATAGCTGTCTTGCGCTCTAAGGAGTGGTTCCAAGTGGACGACGAAGACTTCGATCTGTTAAA
chrXI	104906	70	CTACAGAGGCAACTATACTGACTTTGAAAACACTTTCCAAAAGACTGTTGAACCTGTTTATCAAATGCACATCAAAACTTCTAAAGATATAGCTGTCTTGCGCTCTCAGGAGTGGTTCCAAGTGGACGACGAAGACTTCGATCTGTTAAA
chrXI	104906	70	CTACAGAGGCAACTATACTGACTTTGAAAACACTTTCCAAAAGACTGTTGAACCTGTTTATCAAATGCACATCAAAACTTCTAAAGATATAGCTGTCTTGCGCTCTAAGGAGTGGTTCCAATTGGACGACGAAGACTTCGATCTGTTAAA
chrXI	104906	70	CTACAGAGGCAACTATACTGACTTTGAAAACACTTTCCAAAAGAATGTTGAAACTGTTTATAAAATGCACATCAAAACTTCTAAAGATATAGCTGTCTTGCGCTCTCAGGAGTGGTTCCAATTGGACGACGAAGACTTCGATCTGTTAAA
chrXI	104906	70	CTACAGAGGCAACTATACTGACTTTGAAAACACTTTCCAAAAGACTGTTGAACCTGTTTATCAAATGCACATCAAAACTTCTAAAGATATAGCTGTCTTGCGCTCTAAGGAGTGGTTCCAATTGGACGACGAAGACTTCGATCTGTTAAA
chrXI	104908	7530	ACAGAGGCAACTATACTGACTTTGAATACACTTTCCAAAAGACTGTTGAACCTGTTTATCAAATGCACATCATAACTTCTAAAGATATAGCTGTCTTGCGCTCTAAGGTGTGGTTCCACTTGGACGACGAAGACTTCGATCTGTGAAACAA
chrXI	104908	10150	ACAGAGGCAACTATACTGACTTTGAAAACACTTTCCAAAAGACTGTTGAACCTGTTTATCAAATGCACATCAAAACTTCTAAAGATATAGCTGTCTTGCGCTCTAAGGGGTGGTTCCAATTGGACGACGAAGACTTCGATCTGTTAAACAA
chrXI	104908	2640	ATAGAGGCAACTATACTGTCTTTGAAAACACTTTCCAAAAGACTGTTGAACCTGTTTATCAAATGCACATCAAAACTTCTAAAGATATAGCTGTCTTGCGCTCTAAGGAGTGGTTCCAATTGGACGACGAAGACTTCGATCTGTTAAACAA
chrXI	104908	7530	ACAGAGGCAACTATACTGACTTTGAAAACTCTTTCCAAAATACTGTTGAACCTGTTTATCAAATGCACATCAAAACTTCTAAAGATATAGCTGTCTTGCGCTCTAAGGAGTGGTTCCAATTGGACGACGAAGACTTCGATCTGTTATACAA
chrXI	104911	2640	GAGGCAACTATACTGACTTTGAAAACACTATCCAAAAGACTGTTGAACCTGTTTATCAAATGCACATCAAAACTTCTAAAGATATAGCTGTCTTGCGCTCTAAGGAGTGGTTCCAATTGGACGACGAAGACTTCGATCTGTTAAACAAAA
chrXI	104911	70	GAGGCAACTATACTGACTTTGAAAACACTTTCCAAAAGACTTTTTAAACTGTTTATCAAATGCACATCAAAAATTCTAAAGATATAGATGTCTTGAGCTCTAATGTGTGGTTCCAATTGGACGACGAAGACTGCGATCTGTTAAACAAAA
chrXI	104912	70	AGGCAACTATACTGACTTTGAAAACACTTTCCAAAAGACTGTTGAACCTGTTTATCAAATGCACATCAAAACTTCTAAAGATATAGCTGTCTTGCGCTCTAAGGAGTGGTTCCAATTGGACGACGAAGACTTCGATCTGTTAAACAA
chrXI	104912	2640	AGGCAACTAGACTGACTTTGAAAACACTTTCCAAAAGACTGTTGAACCTGTTTATCAAATGCACATCAAAACTTCTAAAGATATAGCTGTCTTGCGCTCTAAGGAGTGGTTCCAATTGGACGACGAAGACTTCGATCTGTTAAACAAAAC
chrXI	104913	5150	GGCAACTATACTGACTTTGAAAACACTTTCCAAAAGACTGTTGAACCTGTTTATCAAATGCACATCAAAACTTCTAAAGATATAGCTGTCTTGCGCTCTAAGGAGTGGTTCCAATTGGACGACGAAGACTTCGATCTGTTAAACAAAACTT
chrXI	104915	7530	CAACTATACAGACTTTGAAAACACTTTCCAAAAGACTGTTGAACCTGTTTATCAAATGCTCATCAAAACTTCTAAAGATATAGCTGTCTTGCGAGCTAAGGGGTGGTTCCAATTGGACGACGAAGACTTCGATCTGTTAAACAAAACTTT
chrXI	104915	70	CAACTATACTGACTTTGAAAACACTTTCCAAAAGACTGTTGAACCTGTTTATCAAATGCACATCAAAACTTCTAAAGATATAGCTGTCTTGCGCTCTAAGGAGTGGTTCCAATTGGACGACGAAGACTTCGATCTGTTAAACAAAACTTTG
chrXI	104915	7530	CAACTATACTGACTTTGAAAACACTTTCCAAAAGACTGTTGAACCTGTTTATCAAATGCACATCAAAACTTCTAAAGATATAGCTGTCTTGCGCTCTAAGGAGTGGTTCCAATTGGACGACGAAGACTTCGATCTGTTAAACAAAACTTTG
chrXI	104915	7530	CAACTATACTGACTTTGAAAACACTTTCCAAAAGACTGTTGAACCTGTTTATCAAATGCACATCAAAACTTCTAAAGATATAGCTGTCTTGCGCTCTAAGGAGTGGTTCCAATTGGACGACGAAGACTTCGATCTGTTAAACAAAACTTTG
chrXI	104915	70	CAACTATACTGACTTTGGAAACACTTTCCAAAAGACTGTTGAACCTGTTTATCAAATGCACATCAAAACTTCTAAAGATATAGCTGTCTTGCGCTCTAAGGAGTGGTTCCAATTGGACGACGAAGACTTCGATCTGTTAAACAAAACTTTG
chrXI	104916	5150	AACTATACTGACTTTGAAAACACTTTCCAAAAGACTGTTGAACCTGTTTATCAAATGCACATCAAAACTTCTAAAGATATAGCTGTCTTGCGCTCTAAGGAGTGGTTCCAATTGGACGACGAAGACTTCGATCTGTTAAACAAAACTTTGA
chrXI	104917	5150	ACTATACTGACTTTGAAAACACTTTCCAAAAGACTGTTGAACCTGTTTATCAAATGCACATCAAAACTTCTAAAGATATAGCTGTCTTTCGCTCTAAGGGGTGGTTCCAATTGGACGACGAAGACTTCGATCTGTTAAACAAAACTTTGAC
chrXI	104917	70	ACTATACTGACTTTGAAAACACTTTCCAAAAGACTGTTGAACCTGTTTATCAAATGCACATCAAAACTTCTAAAGATATAGCTGTCTTGCGCTCTAAGGAGTGGTTCCAATTGGACGACGAAGACTTCGATCTGTTAAACAAAACTTTGA
chrXI	104917	70	ACTATACTGACTTTGAAAACACTTTCCAAAAGACTGTTGAACCTGTTTATCAAATGCACATCAAAACTTCTAAAGATATAGCTGTCTTGCGCTCTAAGGAGTGGTTCCAATTGGACGACGAAGACTTCGATCTGTTAAACAAAACTTTGA
chrXI	104917	7530	ACTATACTGACTTTGAAAACACTTTCCAAAAGACTGTTGAACCTGGTTATCAAATGCACATCAAAACTTCTAAAGATATAGCTGTCTTGCGCTCTAAGGAGTGGTTCCAATTGGACGACGAAGACTTCGATCTGTTAATCAAAACTTAGA
chrXI	104917	7530	ACTATACTGACTTTGAAAACACTTTCCAAAAGACTGTTGAACCTGTTTATCAAATGCACATCAAAACTTCTAAAGATATAGCTGTCTTGCGCTCTAAGGAGTGGTTCCAATGGGACGACGAAGACTTCGATCTGTTCAACAAAACTTTGA
chrXI	104917	2640	ACTATACTGACTTTGAAAACACTTTCCAAAAGACTGTTGAACCTGTTTATCAAATGCACATCAAAACTTCTAAAGATATAGCTGTCTTGCGCTCTAAGGAGTGGTTCCAATTGGACGACGAAGACTTCGATCTGTTAAACAAAACTTTGA
chrXI	104918	2640	CTATACTGACTTTGAAAACACTTTCCAAAAGACTGTTGAACCTGTTTATCAAATGCACATCAAAACTTCTAAAGATATAGCTGTCTTGCGCTCTAAGGAGTGGTTCCAATTGGACGACGAAGACTTCGATCTGTTAAACAAAACTTTGA
chrXI	104918	2640	CTATACTGACTTTGAAAACACTTTCCAAAAGACTGTTGAACCTGTTTATCAAATGCACATCAAAACTTCTAAAGATATAGCTGTCTTGCGCTCTAAGGAGTGGTTCCAATTGGACGACGAAGACTTCGATCTGTTAAACAAAACTTTGA
chrXI	104918	10150	CTATACTGACTTTGAAAACACTTTCCAAAAGACTGTTGAACCTGTTTATCAAATGCACATCAAAACTTCTAAAGATATAGCTGTCTTGCGCTCTAAGGGGTGGTTCCAATTGGACGACGAAGACTTCGATCTGTTAAACAAAACTTTGACT
chrXI	104918	10150	CTATACTGACTTTGAAAACACTTTCCAAAAGACTGTTGAACCTGTTTATCAAATGCACATCAAAACTTCTAAAGATATAGCTGTCTTGCGCTCTAAGGGGTGGTTCCAATTGGACGACGAAGACTTCGATCTGTTAAACAAAACTTTGACT
chrXI	104919	2640	GATACTGACTTTGTATACACTTTCCAAAAGACTGTTGAACCTGTTTATCAAATGCACATCAATACTTCTAAAGATATAGCTGTCTTGCGCTCTAAGGAGTGGTTCCAATTGGACGACGAAGACTTCGATCTGTTAAACAAAACTTTGT
chrXI	104920	7530	ATGCTGACTTTGAAAACACTTTCCAAAATACTGTTGAAACTGTATATAATATGGACATCAAAACTTATAATGAAATAGCTGTCTAGAGAACTAAGGGGTGGTTCCAATTGGACGACGAAGACTTCGA(GATGGTAAACTATAATTTGACTAA)
chrXI	104920	5150	ATACTGACTTTGAAAACACTTTCCAAAAGACTGTTGAACCTGTTTATCAAATGCACATCAAAACTTCTAAAGATATAGCTGTCTTGCGCTCTAAGGGGTGGTTCCAATTGGACGACGAAGACTTCGATCTGTTAAACAAAACTTTGACT
chrXI	104920	2640	ATACTGACTTTGAAAACACTTTCCAAAAGACTGTTGAACCTGTTTATCAAATGCACATCAAAACTTCTAAAGATATAGCTGTCTTGCGCTCTAAGGAGTGGTTCCAATTGGACGACGAAGACTTCGATCTGTTAAACAAAACTTTGACTTT
chrXI	104920	1410	ATACTGACTTTGAAAACACTTTCCAAAAGACTGTTGAACCTGTTTATCAAATGCACATCAAAACTTCTAAAGATATAGCTGTCTTGCGCTCTAAGGAGTGGTTCCAATTGGACGACGAAGACTTCGATCTGTTAAACAAAACTTTGACTTT
chrXI	104920	10150	ATACTGACTTTGAAAACACTTTCCAAAAGACTGTTGAACCTGTTTATCAAATGCACATCAAAACTTCTAAAGATATAGCTGTCTTGCGCTCTAAGGGGTGGTTCCAATTGGACGACGAAGACTTCGATCTGTTAAACAAAACTTTGACTTT
chrXI	104923	7530	(CCTCGC)CTGACTCTGAAAACACTTTCCACACGACTGTTGAACCTGTTTATCAACCGCACCACAAACCTTCTAAAGATACACCCGTCGTGCGCTCTAAGGGGTGTTTCCACTTGGACGACGAAGACTTCGATCTGTTAAACAAAACT(AGGAC)
chrXI	104925	10150	GACTTTGAAAACACTTTCCAAAAGACTGTTGAACCTGTTTATCAAATGCACATCAAAACTTCTAAAGATATAGCTGTCTTGCGCTCTAAGGGGTGGTTCCAATTGGACGACGAAGACTTCGATCTGTTAAACAAAACTTTGACTTTCGAA
chrXI	104929	5150	TTGAAAACACTTTCCAAAAGACTGTTGAACCTGTTTATCAAATGCACATCAAAACTTCTAAAGATATAGCTGTCTTGCGCTCTAAGGAGTGGTTCCAATTGGACGACGAAGACTTCGATCTGTTAAACAAAACTTTGACTTTCGAAACTG
chrXI	104931	2640	GAAAACACTTTCCAAAAGACTGTTGAACCTGTTTATCAAATGCACATCAAAACTTCTAAAGATATAGCTGTCTTGCGCTCTAAGGAGTGGTTCCAATTGGACGACGAAGACTTCGATCTGTTAAACAAAACTTTGACTTTCGAAACTGAAA
chrXI	104933	5150	AAACACTTTCCAAAAGACTGTTGAACCTGTTTATCAAATGCACATCAAAACTTCTAAAGATATAGCTGTCTTGCGCTCTAAGGAGTGGTTCCAATTGGACGACGAAGACTTCGATCTGTTAAACAAAACTTTGACTTTCGAAACTGAAACT
chrXI	104935	2640	ACACTTTCCAAAAGACTGTTGAACCTGTTTATCAAATGCACATCAAAACTTCTAAAGATATAGCTGTCTTGCGCTCTAAGGAGTGGTTCCAATTGGACGACGAAGACTGCGATCTGTTAAACAAAACTTTGGCTTTCGAAACTGAAACTGA
chrXI	104935	5150	ACACTTTCCAAAAGACTGTTGAACCTGTTTATCAAATGCACATCAAAACTTCTAAAGATATAGCTGTCTTGCGCTCTAAGGGGTGGTTCCAATTGGACGACGAAGACTTCGATCTGTTAAACAAAACTTTGACTTTCGAAACTGAAACTG
chrXI	104936	1410	CACTTTCCAAAAGACTGTTGAACCTGTTTATCAAATGCACATCAAAACTTCTAAAGATATAGCTGTCTTGCGCTCTAAGGAGTGGTTCCAATTGGACGACGAAGACTTCGATCTGTTAAACAAAACTTTGACTTTCGAAACTGAAACTGA
chrXI	104937	7530	ACTTTCCAAAAGACTGTTGAACCTGTTTATCAAATGCACATCAAAACTTCTAAAGATATAGCTGTCTTGCGCTCTAAGGGGTGGTTCCAATTGGACGACGAAGACTTCGATCTGTTAAACAAAACTTTGACTTTCGAAACTGAAACTGAAG
chrXI	104937	70	ACTTTCCAAAAGACTGTTGAACCTGTTTATCAAATGCACATCAAAACTTCTAAAGATATAGCTGTCTTGCGCTCTAAGGAGTGGTTCCAATTGGACGACGAAGACTTCGATCTGTTAAACAAAACTTTGACTTTCGAAACTGAAACTGAAG
chrXI	104938	10150	CTTTCCAAAAGACTGTTGAACCTGTTTATCAAATGCACATCAAAACTTCTAAAGATATAGCTGTCTTGCGCTCTAAGGGGTGGTTCCAATTGGACGACGAAGACTTCGATCTGTTAAACAAAACTTTGACTTTCTAAACTGAAACTGAAGT
chrXI	104940	70	TTCCAAAAGACTGTTGAACCTGTTTATCAAATGCACATCAAAACTTCTAAAGATATAGCTGTCTTGCGCTCTAAGGAGTGGTTCCAATTGGACGACGAAGACTTCGATCTGTTAAACAAAACTTTGACTTTCGAAACTGAAACTGAAGTTA
chrXI	104940	5150	TTCCAAAAGACTGTTGAACCTGTTTATCAAATGCACATCAAAACTTCTAAAGATATAGCTGTCTTGCGCTCTAAGGAGTGGTTCCAATTGGACGACGAAGACTTCGATCTGTTAAACAAAACTTTGACTTTCGAAACTGAAACTGAAGTT
chrXI	104940	1410	TTCCAAAAGACTGTTGAACCTGTTTATCAAATGCACATCAAAACTTCTAAAGATATAGCTGTCTTGCGCTCTAAGGAGTGGTTCCAATTGGACGACGAAGACTTCGATCTGTTAAACAAAACTTTGACTTTCGAAACTGAAACTGAAGTT
chrXI	104940	70	TTCCAAAAGACTGTTGAACCTGTTTATCAAATGCACATCAAAACTTCTAAAGATATAGCTGTCTTGCGCTCTAAGGAGTGGTTCCAATTGGACGACGAAGACTTCGATCTGTTAAACAAAACTTTGACTTTCGAAACTGAAACTGAAGTTA
chrXI	104942	10150	CCAAAAGACTGTTGAACCTGTTTATCAAATGCACATCAAAACTTCTAAAGATATAGCTGTCTTGCGCTCTAAGGAGTGGTTCCAATTGGACGACGAAGACTTCGATCTGTTAAACAAAACTTTGACTTTCGAAACTGAGACTGAAGTTAC
chrXI	104942	7530	CCAAAAGACTGTTGAACCTGTTTATCAAATGCACATCAAAACTTCTAAAGATATAGCTGTCTTGCGCTCTAAGGAGTGGTTCCAATTGGACGACGAAGACTTCGATCTGTTAAACAAAACTTTGACTTTCGAAACTGAAACTGAAGTTA
chrXI	104942	7530	CCAAAAGACTGTTGAACCTGATTATCAAATGCACATCAAAACTTCTAAAGATATCCCTGTCTTTCGCTCTTAGGAGTTGTTCCAATTGGACGACGAAGACTTCGATCTGTTAAACAAAACTTTGACTTTCGAAACTGAAACTGAAGTTACT
chrXI	104942	7530	CCAAAAGACTGTTGAACCTGTTTATCAAATGCACATCAAAACTTCTAAAGATATAGATGTCTTGCGCACTAAGGGGAGGTTCCAATTGGACGACCAAGACAACGATCTGATAAACAAAACATTGAC(AATCGAAACAGAAAAAGAAGATA)
chrXI	104942	1410	CCAAAAGACTGTTGAACCTGTTTATCAAATGCACATCAAAACTTCTAAAGATATAGCTGTCTTGCGCTCTAAGGAGTGGTTCCAATTGGACGACGAAGACTTCGATCTGTTAAACAAAACTTTGACTTTCGAAACTGAAACTGAAGTTACT
chrXI	104943	2640	CAAAAGACTGTTGAACCTGTTTATCAAATGCACATCAAAACTTCTAAAGATATAGCTGTCTTGCGCTCTAAGGAGTGGTTCCAATTGGACGACGAAGACTTCGATCTGTTAAACAAAACTTTGACTTTCGAAACTGAAACTGAAGTTACTT
chrXI	104945	7530	AAAGACTGTTGAACCTGTTTATCAAATGCACATCAAAACTTCTAAAGATATAGCTGTCTTGCGCTCTAAGGGGTGGTTCCAATTGGACGACGAAGACTTCGATCTGTTAAACAAAACTTTGACTTTCGAAACTGAAACTGAAGTTACTTTC
chrXI	104947	2640	AGACTGTTGAACCTGTTTATCAAATGCACATCAAAACTTCTAAAGATATAGCTGTCTTGCGCTCTAAGGAGTGGTTCCAATTGGACGACGAAGACTTCGATCTGTTAAACAAAACTTTGACTTTCGAAACTGAAACTGAAGTTACTTTCAA
chrXI	104947	1410	AGACTGTTGAACCTGTTTATCAAATGCACATCAAAACTTCTAAAGATATAGCTGTCTTGCGCTCTAAGGAGTGGTTCCAATTGGACGACGAAGACTTCGATCTGTTAAACAAAACTTTGACTTTCGAAACTGAAACTGAAGTTACTTTCA
chrXI	104948	1410	GACTGTTGAACCTGTTTATCAAATGCACATCAAAACTTCTAAAGATATAGCTGTCTTGCGCTCTAAGGAGTGGTTCCAATTGGACGACGAAGACTTCGATCTGTTAAACAAAACTTTGACTTTCGAAACTGAAACTGAAGTTACTTTCAAG
chrXI	104948	5150	GACTGTTGAACCTGTTTATCAAATGCACATCAAAACTTCTAAAGATATAGCTGTCTTGCGCTCTAAGGAGTGGTTCCAATTGGACGACGAAGACTTCGATCTGTTAAACAAAACTTTGACTTTCGAAACTGAAACTGAAGTTACTTTCAAG
chrXI	104949	7530	ACTGTTGAACCTGTTTATCAAATGCACATCAAAACTTCTAAAGATATAGCTGTCTTGCGCTCTAAGGAGTGGTTCCAATTGGACGACGAAGACTTCGATCTGTTAAACAAAACTTTGACTTTCGAAACTGTAACTGAAGTTACTTTCAAG
chrXI	104949	2640	ACTGTTGAACCTGTTTATCAAATGCACATCAAAACTTCTAAAGATATAGCTGTCTTGCGCTCTAAGGAGTGGTTCCAATTGGACGACGAAGACTTCGATCTGTTAAACAAAACTTTGACTTTCGAAACTGAAACTGAAGTTACTTTCAAG
chrXI	104949	2640	ACTGTTGAACCTGTTTATCAAATGCACATCAAAACTTCTAAAGATATAGCTGTCTTGCGCTCTAAGGAGTGGTTCCAATTGGACGACGAAGACTTCGATCTGTTAAACAAAACTTTGACTTTCGAAACTGAAACTGAAGTTACTTTCAAG
chrXI	104949	7530	ACTGTTGAACCTGTTTATCAAATGCACATCAAAACTTCTAAAGATATAGCTGTCTTGCGCTCTAAGGAGTGGTTCCAATTGGACGACGAAGACTTCGATCTGTTAAACAAAACTTTGACTTTCGAAACTGAAACTGAAGTTACTTTCAAG
chrXI	104949	7530	ACTGTTGAACCTGTTTATCAAATGCACATCAAAACTTCTAAAGATATAGCTGTCTTGCGCTCTAAGGAGTGGTTCCAATTGGACGACGAAGACTTCGATCTGTTAAACAAAACTTTGACTTTCGAAACTGAAACTGAAGTTACTTTCAAG
chrXI	104950	70	CTGTTGAACCTGTTTATCAAATGCACATCAAAACTTCTAAAGATATAGCTGTCTTGCGCTCTAAGGAGTGGTTCCAATTGGACGACGAAGACTTCGATCTGTTAAACAAAACTTTGACTTTCGAAACTGAAACTGAAGTTACTTTCAAGAA
chrXI	104950	2640	CTGTTGAACCTGTTTATCAAATGCACATCAAAACTTCTAAAGATATAGCTGTCTTGCGCTCTAAGGAGTGGTTCCAATTGGACGACGAAGACTTCGATCTGTTAAACAAAACTTTGACTTTCTAAACTGAAACTGAAGTTACTTTCAAGAA
chrXI	104952	1410	GTTGAACCTGTTTATCAAATGCACATCAAAACTTCTAAAGATATAGCTGTCTTGCGCTCTAAGGAGTGGTTCCAATTGGACGACGAAGACTTCGATCTGTTAAAC
chrXI	104952	1410	GTTGAACCTGTTTATCAAATGCACATCAAAACTTCTAAAGATATAGCTGTCTTGCGCTCTAAGGAGTGGTTCCAATTGGACGACGAAGACTTCGATCTGTTAAACAAAACTTTGACTTTCGAAACTGAAACTGAAGTTACTTTCAAGAA
chrXI	104952	1410	GTTGAACCTGTTTATCAAATGCACATCAAAACTTCTAAAGATATAGCTGTCTTGCGCTCTAAGGAGTGGTTCCAATTGGACGACGAAGACTTCGATCTGTTAAACAAAACTTTGACTTTCGAAACTGAAACTGAAGTTACTTTCAAGAATG
chrXI	104952	70	GTTGAACCTGTTTATCAAATGCACATCAAAACTTCTAAAGATATAGCTGTCTTGCGCTCTAAGGAGTGGTTCCAATTGGACGACGATGACTTCGATCAGTTATACAAAACTTTGTCTTTCGAAACTGAAACTGAAGTTACTTTCTAGAATG
chrXI	104952	1410	GTTGAACCTGTTTATCAAATGCACATCAAAACTTCTAAAGATATAGCTGTCTTGCGCTCTAAGGAGTGGTTCCAATTGGACGACGAAGACTTCGATCTGTTAAAC
chrXI	104952	1410	GTTGAACCTGTTTATCAAATGCACATCAAAACTTCTAAAGATATAGCTGTCTTGCGCTCTAAGGAGTGGTTCCAATTGGACGACGAAGACTTCGATCTGTTAAACAAAACTTTGACTTTCGAAACTGAAACTGAAGTTACTTTCAAGAATG
chrXI	104956	1410	AACCTGTTTATCAAATGCACATCAAAACTTCTAAAGATATAGCTGTCTTGCGCTCTAAGGAGTGGTTCCAATTGGACGACGAAGACTTCGATCTGTTAAACAAAACTTTGACTTTCGAAACTGAAACTGAAGTTACTTTCAAGAATGCTA
chrXI	104958	5150	CCTGTTTATCAAATGCACATCAAAACTTCTAAAGATATAGCTGTCTTGCGCTCTAAGGAGTGGTTCCAATTGGACGACGAAGACTTCGATCTGTTAAACAAAACTTTGACTTTCGAAACTGAAACTGAAGTTACTTTCAAGAATGCTAACA
chrXI	104960	2640	TGTTTATCAAATGCACATCAAAACTTCTAAAGATATAGCTGTCTTGCGCTCTAAGGAGTGGTTCCAATTGGACGACGAAGACTTCGATC
chrXI	104960	2640	TGTTTATCAAATGCACATCAAAACTTCTAAAGATATAGCTGTCTTGCGCTCTAAGGAGTGGTTCCAATTGGACGACGAAGACTTCGATC
chrXI	104961	1410	GTTTATCAAATGCACATCAAAACTTCTAAAGATATAGCTGTCTTGCGCTCTAAGGAGTGGTTCCAATTGGACGACGAAGACTTCGATCTGTTAAACAAAACTTTGACTTTCGAAACTGAAACTGAAGTTACTTTCAAGAATGCTAACAT
chrXI	104961	70	GTTTATCAAATGCACATCAAAACTTCTAAAGATATAGCTGTCTTGCGCTCTAAGGAGTGGTTCCAATTGGACGACGAAGACTTCGATCTGTTAAACAAAACTTTGACTTTCGAAACTGAAACTGAAGTTACTTTCAAGAATGCTAACAT
chrXI	104961	5150	GTTTATCAAATGCACATCAAAACTTCTAAAGATATAGCTGTCTTGCGCTCTAAGGGGTGGTTCCAATTGGACGACGAAGACTTCGATCTGTTAAACAAAACTTTGACTTTCGAAACTGAAACTGAAGTTACTTTCAAGAATGCTAACATCT
chrXI	104961	10150	GTTTATCAAATGCACATCAAAACTTCTAAAGATATAGCTGTCTTGCGCTCTAAGGAGTGGTTCCAATTGGACGACGAAGACTTCGATCTGTTAAACAAAACTTTGACTTTCGAAACTGAAACTGAAGTTACTTTCAAGAATGCTAACAT
chrXI	104961	5150	GTTTATCAAATGCACATCAAAACTTCTAAAGATATAGCTGTCTTGCGCTCTAAGGAGTGGTTCCAATTGGACGACGAAGACTTCGATCTGTTAAACAAAACTTTGACTTTCGAAACTGAAACTGAAGTTACTTTCAAGAATGCTAACAT
chrXI	104961	2640	GTTTATCAAATGCACATCAAAACTTCTAAAGATATAGCTGTCTTGCGCTCTAAGGAGTGGTTCCAATTGGACGACGAAGACTTCGATCTGTTAAACAAAACTTTGACTTTCGAAACTGAAACTGAAGTTACTTTCAAGAATGCTAACAT
chrXI	104961	2640	GGTTATCAAATGCACATCACAACTTCTAAAGATATACCTGTCTTCCGCTCTAAGGAGTCGTTCCAATTGGACGACGAACAATTCGAGCTTTTAAACAAAACTTTGACTTTCGAAACTGAAACTGCAGTTAATTTCTAGAAT(CATATCTT)
chrXI	104961	7530	GTTTATCAAATGCACATCAAAACTTCTAAAGATATAGCTGTCTTGCGCTCTAAGGAGTGGTTCCAATTGGACGACGAAGACTTCGATCTGTTAAACAAAACTTTGACTTTCGAAACTGAAACTGAAGTTACTTTCAAGAATGCTAACAT
chrXI	104962	7530	TTTATCAAATGCACATCAAAACTTCTAAAGATATAGCTGTCTTGCGCTCTAAGGAGTGGTTCCAATTGGACGACGAAGACTTCGATCTGTTAAACAAAACTTTGACTTTCGAAACTGAAACTGAAGTTACTTTCAAGAATGCTAACATCTT
chrXI	104964	1410	TATCAAATGCACATCAAAACTTCTAAAGATATAGCTGTCTTGCGCTATAAGGAGTGGTTCCAATTGGACGACGAAGACTTCGATCTGTTAAACAAAACTTTGACTTTCGAAACTGAAACTGAAGTTACTTTCAAGAATGCTAACATCTTC
chrXI	104965	2640	ATCAAATGCACATCAAAACTTCTAAAGATATAGCTGTCTTGCGCTCTAAGGAGTGGTTCCAATTGGACGACGAAGACTTCGATCTGTTAAACAAAACTTTGACTTTCGAAACTGAAACTGAAGTTACTTTCAAGAATGCTAACATCTTCT
chrXI	104965	70	ATCAAATGCACATCAAAACGTCTAAAGATATAGCTGTCTTGCGCTCTAAGGAGTGGTTCCAATTGGACGACGAAGACTTCGATCTGTTAAACAAAACTTTGACTTTCGAAACTGAAACTGAAGTTACTTTCAAGAATGCTAACATCTTCTC
chrXI	104965	2640	GTCAAATGCACATCAACACTTCTAAAGATATAGCTGTCTTGCGCTCTAAGGAGTGGTTCCAATTGCACGACGAACACTTCGATCTGTTAATCAAAACTATATCTATCGAAACTGAATCTGAAGTTACTTTCAAGAATGCTAACATCTTCT
chrXI	104965	1410	ATCAAATGCACATCAAAACTTCTAAAGATATAGCTGTCTTGCGCTCTAAGGAGTGGTTCCAATTGGACGACGAAGACTTCGATCTGTTAAACAAAACTTTGACTTTCGAAACTGAAACTGAAGTTACTTTCAAGAATGCTAACATCTTCTC
chrXI	104965	7530	ATCAAATGCACATCAAAACTTCTAAAGATATAGCTGTCTTGCGCTCTAAGGAGTGGTTCCAATTGGACGACGAAGACTTCGATCTGTTAAACAAAACTTTGACTTTCGAAACTGAAACTGAAGTTACTTTCAAGAATGCTAACATCTTCT
chrXI	104965	1410	ATCAAATGCACATCAAAACTTCTAAAGATATAGCTGTCTTGCGCTCTAAGGAGTGGTTCCAATTGGACGACGAAGACTTCGATCTGTTAAACAAAACTTTGACTTTCGAAACTGAAACTGAAGTTACTTTCAAGAATGCTAACATCTTCTC
chrXI	104965	70	ATCAAATGCACATCAAAACTTCTAAAGATATAGCTGTCTTGCGCTCTAAGGAGTGGTTCCAATTGGACGACGAAGACTTCGATCTGTTAAACAAAACTTTGACTTTCGAAACTGAAACTGAAGTTACTTTCAAGAATGCTAACATCTTCTC
chrXI	104966	7530	TCAAATGCACATCAAAACTTCTAAAGATATAGCTGTCTTGCGCTCTAAGGGGTTGTTCCAATTGGACGACGAAGACTTCGATCTGTTAAACAAAACTTTGACTTTCGAAACTGAAACTGAAGTTACTTTCAAGAATGCTAACATCTTCTCT
chrXI	104966	2640	TCAAATGCACATCAAAACTTCTAAAGATATAGCTGTCTTGCGCTCTAAGGAGTGGTTCCAATTGGACGACGAAGACTTCGATCTGTTAAACAAAACTTTGACTTTCGAAACTGAAACTGAAGTTACTTTCAAGAATGCTAACATCTTCT
chrXI	104967	7530	CAACTGCACATCAAAACTTCTAAAGATATAGCTGTCTTGCGCTCTAAGGAGTGGTTCCAATTGGACGACGAAGACTTCGATCTGTTAAACAAAACTTTGACTTTCGAAACTGAAACTGAAGTTACTTTCAAGAATGCTAACATCTTCTCTT
chrXI	104968	1410	AAATGCACATCAAAACTTCTAAAGATATAGCTGTCTTGCGCTCTAAGGAGTGGTTCCAATTGGACGACGAAGACTTCGATCTGTTAAACAAAACTTTGACTTTCGAAACTGAAACTGAAGTTACTTTCAAGAATGCTAACATCTTCTCTTC
chrXI	104968	2640	AAATGCACATCAAAACTTCTAAAGATATAGCTGTCTTGCGCTCTAAGGAGTGGTTCCAATTGGACGACGAAGACTTCGATCTGTTAAACAAAACTTTGACTTTCGAAACTGAAACTGAAGTTACTTTCAAGAATGCTAACATCTTCTCTTC
chrXI	104968	70	AAATGCACATCAAAACTTCTAAAGATATAGCTGTCTTGCGCTCTAAGGAGTGGTTCCAATTGGACGACGAAGACTTCGATCTGTTAAACAAAACTTTGACTTTCGAAACTGAAACTGAAGTTACTTTCAAGAATGCTAACATCTTCTCTTC
chrXI	104975	5150	CATCAAAACTTCTAAAGATATAGCTGTCTTGCGCTCTAAGGAGTGGTTCCAATTGGACGACGAAGACTTCGATCTGTTAAACAAAACTTTGACTTTCGAAACTGAAACTGAAGTTACTTTCAAGAATGCTAACATCTTCTCTTCAGTGAA
chrXI	104975	70	CATCAAAACTTCTAAAGATATAGCTGTCTTGCGCTCTAAGGAGTGGTTCCAATTGGACGACGAAGACTTCGATCTGTTAAACAAAACTTTGACTTTCGAAACTGAAACTGAAGTTACTTTCAAGAATGCTAACATCTTCTCTTCAGTGAAA
chrXI	104978	10150	CAAAACTTCTAAAGATATAGCTGTCTTGCGCTCTAAGGAGTGGTTCCAATTGGACGACGAAGACTTCGATCTGTTAAACAAAACTTTGACTTTCGAAACTGAAACTGAAGTTACTTTCAAGAATGCTAACATCTTCTCTTCAGTGAAATG
chrXI	104978	2640	CAAAACTTCTAAAGATATAGCTGTCTAGCGCTCTAAGGAGTGGTTCCAATAGGACGACGAAGACTTCGATCTGTTAAACAAAACTTTGACTTTCGAAACTGAAACTGAAGTTACTTTCAAGAATGCTAACATCTTCTCTTCAGTGAAATGT
chrXI	104980	7530	AAACTTCTAAAGATATAGCTGTCTTGCGCTCTAAGGAGTGGTTCCAATTGGACGACGAAGACTTCGATCTGTTAAACAAAACTTTGACTTTCGAAACTGAAACTGAAGTTACTTTCAAGAATGCTAACATCTTCTCTTCAGTGAAATGTTT
chrXI	104983	70	CTTCTAAAGATATAGCTGTCTTGCGCTCTAAGGAGTGGTTCCAATTGGACGACGAAGACTTCGATCTGTTAAACAAAACTTTGACTTTCGAAACTGAAACTGAAGTTACTTTCAAGAATGCTAACATCTTCTCTTCAGTGAAATGTTTTGG
chrXI	104983	2640	CTTCTAAAGATATAGCTGTCTTGCGCTCTAAGGAGTGGTTCCAATTGGACGACGAAGACTTCGATCTGTTAAACAAAACTTTGACTTTCGAAACTGAAACTGAAGTTACTTTCAAGAATGCTAACATCTTCTCTTCAGTGAACTGTTTTGG
chrXI	104985	7530	TCTAAAGATATAGCTGACTTGCGCTCTAAGGAGTGGTTCCAATTGGACGACGAAGACTTCGATCTGTTAAACAAAACTTTGACTTTCGAAACTGAAACTGAAGTTACTTTCAAGAATGCTAACATCTTCTCTTCAGTGAAATGTTTTGGCC
chrXI	104985	70	TCTAAAGATATAGCTGTCTTGCGCTCTAAGGAGTGGTTCCAATTGGACGACGAAGACTTCGATCTGTTAAACAAAACTTTGACTTTCGAAACTGAAACTGAAGTTACTTTCAAGAATGCTAACATCTTCTCTTCAGTGAAATGTTTTGGCC
chrXI	104985	7530	TCTAAAGATATAGCTGTCTAGCGCTCTAAGGAGTGGTTCCAATTGGACGACGAAGACTTCGATCTGTTAAACAAAACTTTGACTTTCGAAACTGAAACTGAAGTTACTTTCAAGAATGCTAACATCTTCTCTTCAGTGAAATGTTTTGGCC
chrXI	104986	2640	CTAAAGATATAGCTGTCTTGCGCTCTAAGGAGTGGTTCCAATTGGACGACGAAGACTTCGATCTGATAAACAAAACTTTGACTTTCGAAACTGAAACTGAAGTTACTTTCAAGAATGCTAACATCTACTCTTCAGTGAAATGTTTTGGCCC
chrXI	104988	5150	AAAGATATAGCTGTCTTGCGCTATAAGGGGTGGTTCCAATTGGACGACGAAGACTTCGATCTGTTAAACAAAACTTTGACTTTCGAAACTGAAACTGAAGTTACTTTCAAGAATGCTAACATCTTCTCTTCAGTGAAATGTTTTGGCC
chrXI	104990	5150	AGATATAGCTGTCTTGCGCTCTAAGGAGTGGTTCCAATTGGACGACGAAGACTTCGATCTGTTAAACAAAACTTTGACTTTCGAAACTGAAACTGAAGTTACTTTCAAGAATGCTAACATCTTCTCTTCAGTGAAATGTTTTGGCCCAATT
chrXI	104990	2640	AGATATAGCTGTCTTGCGCTCTAAGGAGTGGTTCCAATTGGACGACGAAGACTTCGATCTGTTAAACAAAACTTTGACTTTCGAAACTGAAACTGAAGTTACTTTCAAGAATGCTAACATCTTCTCTTCAGTGAAATGTTTTGGCCCAATT
chrXI	104990	2640	AGATATAGCTGTCTTGCGCTCTAAGGAGTGGTTCCAATTGGACGACGAAGACTTCGATCTGTTAAACAAAACTTTGACTTTCGAAACTGAAACTGAAGTTACTTTCAAGAATGCTAACATCTTCTCTTCAGTGAAATGTTTTGGCCCAATT
chrXI	104991	1410	GATATAGCTGTCTTGCGCTCTAAGGAGTGGTTCCAATTGGACGACGAAGACTTCGATCTGTTAAACAAAACTTTGACTTTCGAAACTGAAACTGAAGTTACTTTCAAGAATGCTAACATCTTCTCTTCAGTGAAATGTTTTGGCCCAATT
chrXI	104991	2640	GATATAGCTGTCTTGCGCTCTATGGAGTGGTTCCAATTTGACGTCGAAGACTTCGATCTGTTAAACAAAACTTTGACTTTCGAAACTGAAACTGAAGTTACTTTCATGAATGCTATCATCTTCTCTTCAGAGATATGTTTTGGCCCAATTA
chrXI	104991	70	GATATAGCTGTCTTGCGCTCTAAGGAGTGGTTCCAATTGGACGACGAAGACGTCGATCTGTTAAACAAAACTTTGACTTTCGAAACTGAAACTGAAGTTACTTTCAAGAATGCTAACATCTTCTCTTCAGTGAAATGTTTTGGCCCAATTA
chrXI	104991	5150	GATATAGCTGTCTTGCGCTCTAAGGGGTGGTTCCAATTGGACGACGAAGACTTCGATCTGTTAAACAAAACTTTGACTTTCGAAACTGAAACTGAAGTTACTTTCAAGAATGCTAACATCTTCTCTTCAGTGAAATGTTTTGGCCCAATT
chrXI	104991	2640	GATATAGCTGTCTTGCGCTCTAAGGAGTGGTTCCAATTGGACGACGAAGACTTCGATCTGTTAAACAAAACTTTGACTTTCGAAACTGAAACTGAAGTTACTTTCAAGAATGCTAACATCTTCTCTTCAGTGAAATGTTTTGGCCCAATTA
chrXI	104991	10150	GATATAGCTGTCTTGCGCTCTAAGGGGTGGTTCCAATTGGACGACGAAGACTTCGATCTGTTAAACAAAACTTTGACTTTCGAAACTGAAACTGAAGTTACTTTCAAGAATGCTAACATCTTCTCTTCAGTGAAATGTTTTGGCTCAATT
chrXI	104991	2640	GATATAGCTGTCTTGCGCTCTAAGGAGTGGTTCCAATTGGACGACGAAGACTTCGATCTGTTAAACAAAACTTTGACTTTCGAAACTGAAACTGAAGTTACTTTCAAGAATGCTAACATCTTCTCTTCAGTGAAATGTTTTGGCCCAATTA
chrXI	104991	10150	GATATAGCTGTCTTGCGCTCTAAGGGGTGGTTCCAATTGGACGACGAAGACTTCGATCAGTTAAACAAAACTTTGACTTTCGAAACTGAAACTGAAGTTACTTTCAAGAATGCTAACATCTTCTCTTCAGTGAAATGTTATGGCCCAATT
chrXI	104991	2640	GATATAGCTGTCTTGCGCTCTAAGGAGTGGTTCCAATTGGACGACGAAGACTTCGATCTGTTAAACAAAACTTTGACTTTCGAAACTGAAACTGAAGTTACTTTCAAGAATGCTAACATCTTCTCTTCAGTGAAATGTTTTGGCCCAATTA
chrXI	104991	70	GATATAGCTGTCTTGCGCTCTAAGGAGTGGTTCCAATTGGACGACGAAGACTTCGATCTGTTAAACAAAACTTTGACTTTCGAAACTGAAACTGAAGTTACTTTCAAGAATGCTAACATCTTCTCTTCAGTGAAATGTTTTGGCCCAATTA
chrXI	104991	70	GATATAGCTGTCTTGCGCTCTAAGGAGTGGTTCCAATTGGACGACGAAGACTTCGATCTGTTAAACAAAACTTTGACTTTCGAAACTGAAACTGAAGTTACTTTCAAGAATGCTAACATCTTCTCTTCAGTGAAATGTTTTGGCCCAATTA
chrXI	104992	70	ATATAGCTGTCTTGCGCTCTAAGGAGTGGTTCCAATTGGACGACGAATACTTCGATCTGTTAAACAAAACTTTGACTTTCGAAACTGAAACTGAAGTTACTTTCAAGAATTCTAACATCTTCTCTTCAGTGAAATGTTTTGGCCCAATT
chrXI	104992	70	ATATAGCTGTCTTGCGCTCTAAGGAGTGGTTCCAAGTGGACGACGAAGACTTCGATCTGTTAAACAAAACTTTGACTTTCGAAACTGAAACTGAAGTTACTTTCAAGAATGCTAACATCTTCTCTTCAGTGAAATGTTTTGGCCCAATTAA
chrXI	104994	2640	ATAGCTGTCTTGCGCTCTAAGGAGTGGTTCCAATTGGACGACGAAGACTTCGATCTGTTAAACAAAACTTTGACTTTCGAAACTGAAACTGAAGTTACTTTCAAGAATGCTAACATCTTCTCTTCAGTGAAATGTTTTGGCCCAATTAAAG
chrXI	104995	10150	TAGCTGTCTTGCGCTCTAAGGAGTGGTTCCAATTGGACGACGAAGACTTCGATCTGTTAAAC-AAACTTTGACTTTCGAAACTGAAACTGAAGTTACTTTCAAGAATGCTAACATCTTCTCTTCAGTGAAATGTTTTGGCCCAATTAAAGTT
chrXI	104995	7530	TAGCGGTCTTGCGCTCTAAGGGGTGGTTCCAATTGGACGACGAAGACTTCGATCTGTTAAACAAAACTTTGACTTTCGAAACTGAAACTGAAGTTACTTTCAAGAATGCTAACATCTTCTCTTCAGTGAAATGTTTTTGCCCAATTAAAGT
chrXI	104995	2640	TAGCTGTCTTGCGCTCTAAGGAGTGGTTCCAATTGGACGACGAAGACTTCGATCTGTTAAACAAAACTTTGACTTTCGAAACTGAAACTGAAGTTACTTTCAAGAATGCTAACATCTTCTCTTCAGTGAAATGTTTTGGCCCAATTAAAGT
chrXI	104995	10150	TAGCTGTCTTGCGCTCTAAGGAGTGGTTCCAATTGGACGACGAAGACTTCGATCTGTTAAACAAAACTTTGACTTTCGAAACTGAAACTGAAGTTACTTTCAAGAATGCTAACATCTTCTCTTCAGTGAAATGTTTTGGCCCAATTAAAGT
chrXI	104995	70	TAGCTGTCTTGCGCTCTAAGGAGTGGTTCCAATTGGACGACGAAGACTTCGATCTGTTAAACAAAACTTTGACTTTCGAAACTGAAACTGAAGTTACTTTCAAGAATGCTAACATCTTCTC
chrXI	104995	70	TAGCTGTCTTGCGCTCTAAGGAGTGGTTCCAATTGGACGACGAAGACTTCGATCTGTTAAACAAAACTTTGACTTTCGAAACTGAAACTGAAGTTACTTTCAAGAATGCTAACATCTTCTC
chrXI	104996	10150	AGCTGTCTTGCGCTCTAAGGAGTGGTTCCAATTGGACGACGAAGACTTCGATCTGTTAAACAAAACTTTGACTTTCGAAACTGAAACTGAAGTTACTTTCAAGAATGCTAACATCTTCTCTTCAGTGAAATGTTTTGGCCCAATTAAAGT
chrXI	104996	5150	AGCTGTCTTGCGCTCTAAGGGGTGGTTCCAATTGGACGACGAAGACTTCGATCTGTTAAACAAAACTTTGACTTTCGAAACTGAAACTGAAGTTACTTTCAAGAATGCTAACATCTTCTCTTCAGTGAAATGTTTTGGCCCAATTAAAGT
chrXI	104996	10150	AGCTGTCTTGCGCTCTAAGGAGTGGTTCCAATTGGACGACGAAGACTTCGATCTGTTAAACAAAACTTTGACTTTCGAAACTGAAACTGAAGTTACTTTCAAGAATGCTAACATCTTCTCTTCAGTGAAATGTTTTGGCCCAATTAAAGT
chrXI	104996	1410	AGCTGTCTTGCGCTCTAAGGAGTGGTTCCAATTGGACGACGAAGACTTCGATCTGTTAAACAAAACTTTGACTTTCGAAACTGAAACTGAAGTTACTTTCAAGAATGCTAACATCTTCTCTTCAGTGAAATGTTTTGGCCCAATTAAAGT
chrXI	104997	5150	GCTGTCTTGCGCTCTAAGGAGTGGTTCCAATTGGACGACGAAGACTTCGATCTGTTAAACAAAACTTTGACTTTCGAAACTGAAACTGAAGTTACTTTCAAGAATGCTAACATCTTCTCTTCAGTGAAATGTTTTGGCCCAATTAAAGTTG
chrXI	105000	10150	GTCTTGCGCTCTAAGGAGTGGTTCCAATTGGACGACGAAGACTTCGATCTGTTAAACAAAACTTTGACTTTCGAAACTGAAACTGAAGTTACTTTCAAGAATGCTAACATCTTCTCTTC
chrXI	105000	10150	GTCTTGCGCTCTAAGGAGTGGTTCCAATTGGACGACGAAGACTTCGATCTGTTAAACAAAACTTTGACTTTCGAAACTGAAACTGAAGTTACTTTCAAGAATGCTAACATCTTCTCTTC
chrXI	105000	70	GTCTTGCGCTCTAAGGAGTGGTTCCAATTGGACGACGAAGACTTCGATCTGTTAAACAAAACTTTGACTTTCGAAACTGAAACTGAAGTTACTTTCAAGAATGCTAACATCTTCTCTTCAGTGAAATGTTTTGGCCCAATTAAAGTTGAAT
chrXI	105002	1410	CTTGCGCTCTAAGGAGTGGTTCCAATTGGACGACGAAGACTTCGATCTGTTAAACAAAACTTTGACTTTCGAAACTGAAACTGAAGTTACTTTCAAGAATGCTAACATCTTCTCTTCAGTGAAATGTTTTGGCCCAATTAAAGTTGAATTG
chrXI	105006	2640	CGCTCTAAGGAGTGGTTCCAATTGGACGACGAAGACTTCGATCTGTTAAACAAAACTTTGACTTTCGAAACTGAAACTGAAGTTACTTTCAAGAATGCTAACATCTTCTCTTCAGTGAAATGTTTTGGCCCAATTAAAGTTGAATTGCCA
chrXI	105007	70	GCTCTAAGGAGTGGTTCCAATTGGACGACGAAGACTTCGATCTGTTAAACAAAACTTTGACTTTCGAAACTGAAACTGAAGTTACTTTCAAGAATGCTAACATCTTCTCTTCAGTGAAATGTTTTGGCCCAATTAAAGTTGAATTGCCAA
chrXI	105008	2640	CTCTAAGGAGTGGTTCCAATTGGACGACGAAGACTTCGATCTGTTAAACAAAACTTTGACTTTCGAAACTGAAACTGAAGTTACTTTCAAGAATGCTAACATCTTCTCTTCAGTGAAATGTTTTGGCCCAATTAAAGTTGAATTGCCAAC
chrXI	105008	70	GTCTAAGGAGTGGTTCCATTTGGACGACGAAGACTTCGATCTGGGAAACAATAATTATACTTTCGAATCTGTAACTGAAGTTCCTTACAAGACTGCTAACA(ACTCCTATTCAGAGTCATGTTTTGGCCCATATCATGTTGTATTTCCTAA)
chrXI	105008	70	CTCTAAGGAGTGGTTCCAATTGGACGACGAAGACTTCGATCTGTTAAACAAAACTTTGACTTTCGAAACTGAAACTGAAGTTACTTTCAAGAATGCTAACATCTTCTCTTCAGTGAAATGTTTTGGCCCAATTAAAGTTGAATTGCCAAC
chrXI	105008	2640	CTCTAAGGAGTGGTTCCAATTGGACGACGAAGACTTCGATCTGTTAAACAAAACTTTGACTTTCGAAACTGAAACTGAAGTTACTTTCAAGAATGCTAACATCTTCTCTTCAGTGAAATGTTTTGGCCCAATTAAAGTTGAATTGCCAAC
chrXI	105008	7530	CTCTAAGGGGTGGTTCCAATTGGACGACGAAGACTTCGATCTGTTAAACAAAACTTTGACTTTCGAAACTGAAACTGAAGTTACTTTCAAGAATGCTAACATCTTCTCTTCAGTGAAATGTTTTGGCCCAATTAAAGTTGAATTGCCAAC
chrXI	105008	70	CTCTAAGGAGTGGTTCCAATTGGACGACGAAGACTTCGATCTGTTAAACAAAACTTTGACTTTCGAAACTGAAACTGAAGTTACTTTCAAGAATGCTAACATCTTCTCTTCAGTGAAATGTTTTGGCCCAATTAAAGTTGAATTGCCAAC
chrXI	105008	7530	CTCTAAGGGGTGGTTCCAATTGGACGACGAAGACTTCGATCTGTTAAACAAAACTTTGACTTTCGAAACTGAAACTGAAGTTACTTTCAAGAATGCTAACATCTTCTCTTCAGTGAAATGTTTTGGCCCAATTCAAGTTGAATTGCCAAC
chrXI	105009	1410	TCTAAGGAGTGGTTCCAATTGGACGACGAAGACTTCGATCTGTTAAACAAAACTTTGACTTTCGAAACTGAAACTGAAGTTACTTTCAAGAATGCTAACATCTTCTCTTCAGTGAAATGTTTTGGCCCAATTAAAGTTGAATTGCCAACC
chrXI	105010	1410	CTAAGGAGTGGTTCCAATTGGACGACGAAGACTTCGATCTGTTAAACAAAACTTTGACTTTCGAAACTGAAACTGAAGTTACTTTCAAGAATGCTAACATCTTCTCTTCAGTGAAATGTTTTGGCCCAATTAAAGT
chrXI	105010	7530	CTAAGGAGTGGTTCCAATTGGACGACGAAGACTTCGATCTGTTAAACAAAACTTTGACTTTCGAAACTGAAACTGAAGTTACTTTCAAGAATGCTAACATCTTCTCTTCAGTGAAATGTTTTGGCCCAATTAAAGTTGAATTGCCAACCAA
chrXI	105010	2640	CTAAGGAGTGGTTCCAATTGGACGACGAAGACTTCGATCTGTTAAACAAAACTTTGACTTTCGAAACTGAAACTGAAGTTACTTTCAAGAATGCTAACATCTTCTCTTCAGTGAAATGTGTTGGCCCAATTAAAGTTGAATTGCCAACCAA
chrXI	105010	70	CTAAGGAGTGGTTCCAATTGGACGACGAAGACTTCGATCTGTTAAACAAAACTTTGACTTTCGAAACTGAAACTGAAGTTACTTTCAAGAATGCTAACATCTTCTCTTCAGTGAAATGTTTTGGCCCAATTAAAGTTGAATTGCCAACCAA
chrXI	105010	7530	CTAAGGGGTGGTTCCAATTGGACGACGAAGACTTCGATCTGTTAAACAAAACTTTGACTTTCGAAACTGAAACTGAAGTTACTTTCAAGAATGCTAACATCTTCTCTTCAGTGAAATGTTTTGGCCCAATTAAAGTTGAATTGCCAACCAA
chrXI	105010	5150	CTAAGGGGTGGTTCCAATTGGACGACGAAGACTTCGATCTGTTAAACAAAACTTTGACTTTCGAAACTGAAACTGAAATTACTTTCAAGAATGCTAACATCTTCTCTTCAGTGAAATGTTTTGGCCCAATTAAAGTTGAATTGCCAACCA
chrXI	105010	10150	CTAAGGGGTGGTTCCAATTGGACGACAAAGACTTCGATCTGTTAAAC(CTGTCTCTTATACACATCTCCGAGCCCACGAGACTGTTAACTATCTCGTATGCCGTCTTCTGCTTGAAAAAAAAAAGGGGGGGGGGGGGGGGGGGGGGGGGGGG)
chrXI	105010	70	CTAAGGAGTGGTTCCAATTGGACGACGAAGACTTCGATCTGTTAAACAAAACTTTGACTTTCGAAACTGAAACTGAAGTTACTTTCAAGAATGCTAACATCTTCTCTTCAGTGAAATGTTTTGGCCCAATTAAAGTTGAATTGCCAACCAA
chrXI	105010	7530	CTAAGGAGTGGTTCCAATTGGACGACGAAGACTTCGATCTGGTAAACAAAACTTTGACTTTCGAAACTGAAACTGAAGTTACTTTCAAGAATGCTAACATCTTCTCTTCAGTGAAATGTTTTGGCCCAATTAAAGTTGAATTGCACACCAA
chrXI	105010	10150	CTAAGGGGTGGTTCCAATTGGACGACGAAGACTTCGATCTGTTAAACAAAACTTTGACTTTCGAAACTGAAACTGAAGTTACTTTCAAGAATGCTAACATCTTCTCTTCAGTGAAATGTTTTGGCCCAATTAAAGTTGAATTGCCAACCA
chrXI	105010	7530	CTAAGGGGTGGTTCCAATTGGACGACGAAGACTTCGATCTGTTAAACAAAACTTTGACTTTCGAAACTGAAACTGAAGTTACTTTCAAGAATGCTAACATCTTCTCTTCAGTGAAATGTTTTGGCCCAATTAAAGTTGAATTGCCAACCAA
chrXI	105010	2640	CTAAGGAGTGGTTCCAATTGGACGACGAAGACTTCGATCTGTTAAACAAAACTTTGACTTTCGAAACTGAAACTGAAGTTACTTTCAAGAATGCTAACATCTTCTCTTCAGTGAAATGTTTTGGCCCAATTAAAGTTGAATTGCCAACCAA
chrXI	105010	1410	CTAAGGAGTGGTTCCAATTGGACGACGAAGACTTCGATCTGTTAAACAAAACTTTGACTTTCGAAACTGAAACTGAAGTTACTTTCAAGAATGCTAACATCTTCTCTTCAGTGAAATGTTTTGGCCCAATTAAAGT
chrXI	105010	10150	(CCCCCCCCCCCCCCCCCCCCCTCCTTTTTTTTTTAATGATACGGCGACCACCGAGATCTACACTAGATCGCTCGTCGGCAGCGTCAGATGTGTATAAGAGAGAG)CTAAGGGGTGGTTCCAATTGGACGACAAAGACTTCGATCTGTTAAAC
chrXI	105014	10150	GGGGTGGTTCCAATTGGACGACGAAGACTTCGATCTGTTAAACAAAACTTTGACTTTCGAAACTGATACTGAAGTTACTTTCAAGAATGCTAACATCTTCTCTTCAGTGAAATGTTTTGGCCCAATTAAAGTTGAATTGCCAACCAAAGAA
chrXI	105014	2640	TGAGTGGTTCCAATTGGACGACGAAGACTTCGATCTGTTAAACAAAACTTTGACTTTCGAAACTGAAACTGAAGTTACTTTCAAGAATGCTAACATCTTCTCTTCAGTGAAATGTTTTGGCCCAATTAAAGTTGAATTGCCAACCAAAGAA
chrXI	105015	2640	GAGTGGTTCCAATTGGACGACGAAGTCTTCGATCTGTTAAACAAAACTTTGACTTTCGAAACTGAAACTGAAGTTACTTTCAAGAATGCTAACATCTTCTCTTCAGTGAAATGTTTTGGCCCAATTAAAGTTGAATTGCCAACCAAAGAA
chrXI	105015	70	GAGTGGTTCCAATTGGACGACGAAGACTTCGATCTGTTAAACAAAACTTTGACTTTCGAAACTGAAACTGAAGTTACTTTCAAGAATGCTAACATCTTCTCTTCAGTGAAATGTTTTGGCCCAATTAAAGTTGAATTGCCAACCAAAGAC
chrXI	105015	70	GAGTGGTTCCAATTGGACGACGAAGACTTCGATCTGTTAAACAAAACTTTGACTTTCGAAACTGAAACTGAAGTTACTTTCAAGAATGCTAACATCTTCTCTTCAGTGAAATGTTTTGGCCCAATTAAAGTTGAATTGCCAACCAAAGAA
chrXI	105015	2640	GAGCGGTTCCAATTGGACGACGAAGACTTCGATCTGTTAACCACAACTTGGACTTTCGAAACTGAAACTGACGTTACTTTCAAGAATGCTAACATCTTCTCTTCAGTGAAATGTTTTGGCCCAATTAACGTTGAATTGCCAACCAAAGAA
chrXI	231170	7530	CGCGCGGTAGGCGAAAAGCAAAGACAACTACAGTAATATCCAGAAATAGATGCATTTTATGTGCGAAATAAAACTCATGCTGAAAAAAATAGTAATAATTAATAGGGTAACGAATAGAATGCAAACCTTATCACGTGAAAGAGAGAACAAT
chrXI	231170	7530	CGCGCGGTAGGCGAAAAGCAAAGAAAACTCCAGTAATATCCAGAAATAGATGCATTTTATGTGCGAAATAAAACTCATGCTGAAAAAAATAGTAATAATTAATAGGGTAACGAATAGAATGCAAACCTTATCACGTGAAAGAGAGAACAAT
chrXI	231176	10150	GTAGGCGAAAAGCAAAGAAAACTACAGTAATATCCAGAAATAGATGCATTTTATGTGCGAAATAAAACTCATGCTGAAAAAAATAGTAATAATTAATAGGGTAACGAATAGAATGCAAACCTTATCACGTGAAAGAGAGAAGAATCATAAA
chrXI	231176	2640	GTAGGCGAAAAGCAAAGAAAACTACAGTAATATCCAGAAATAGATGCATTTTATGTGCGAAATAAAACTCATGCTGAAAAAAATAGTAATAATTAATAGGGTAACGAATAGAATGCAAACCTTATCACGTGAAAGAGAGAACAATCATTA
chrXI	231177	7530	TAGGCGACAAGCAAAGAAAACTACAGTAATATCCAGAAATAGATGCATTTTATGTGCGAAATAAAACTCATGCTGAAAAAAATAGTAATTATTACTATGGTAAGGAATAGAATGCAAACCTTATCACGTGTAAGAGAGAAGAATCATAAAT
chrXI	231177	70	TAGGCGAAAAGCTAAGAAAACTACAGTAATATCCAGTAATAGATGCAATTTATGTGCGTAATAAAACTCATGCTGATATAAATAGTATTATTTATTTTGGTTACGTATATATTGCAAACCTTATCACGTGATAGAGTGATCAATCATAACT
chrXI	231178	1410	AGGCGAAAAGCAAAGAAAACTACAGTAATATCCAGAAATAGATGCATTTTATGTGCGAAATAAAACTCATGCTGAAAAAAATAGTAATAATTAATAGGGTAACGAATAGAATGCAAACCTTATCACGTGAAAGAGAGAACAATCATAAATG
chrXI	231180	70	GCGAAAAGCAAAGTACACTACAGTAATCTCCAGAAATAGATGCATTTTATGTTCGAAATAAAACTCATGCTGAAAAAAATAGTAATAATTAATAGGGTAACGAATAGAATGCAAACCTTATCACGTGAAAGAGAGAACAATCATAAATG
chrXI	231183	2640	AAAAGCAAAGAAAACTACAGTAATATCCAGAAATAGATGCATTTTATGTGCGAAATAAAACTCATGCTGAAAAAAATAGTAATAATTAATAGGGTAACGAATAGAATGCAAACCTTATCACGTGAAAGAGAGAACAATCATAAATGATTT
chrXI	231183	10150	AAAAGCAAAGAAAACTACAGTAATATCCAGAAATAGATGCATTTTATGTGCGAAATAAAACTCATGCTG-AAAAAATAGTAATAATTAATAGGGTAACGAATAGAATGCAAACCTTATCACGTGAAAGAGAGAAGAATCATAAATGATTTAG
chrXI	231183	2640	AAAAGCAAAGAAAACTACAGTAATATCCAGAAATAGATGCATTTTATGTGCGAAATAAAACTCATGCTGAAAAAAATAGTAATAATTAATAGGGTAACGAATAGAATGCAAACCTTATCACGTGAAAGAGAGAACAATCATAAATGATTT
chrXI	231184	2640	AAAGCAAAGAAAACTACAGTAATATCCAGAAATAGATGCATTTTATGTGCGAAATAAAACTCATGCTGAAAAAAATAGTAATAATTAATAGGGTAACGAATAGAATGCAAACCTTATCACGTGAAAGAGAGAACAATCATAAATGATTTAG
chrXI	231187	70	GCAAAGAAAACTACAGTAATATCCAGAAATAGATGCATTTTATGTGCGAAATAAAACTCATGCTGAAAAAAATAGTAATAATTAATAGGGTAACGAATAGAATGCAAACCGTATCACGTGAAAGAGAGAACAATCATAAATGATTTAGTG
chrXI	231188	7530	CAAAGAAAACTACAGTAATATCCAGAAAGAGATGCATTTTATGTGCGAAATAAAACTCATGCTGAAAAAAATAGTAATAATTAATAGGGTAACGAATAGAATGCAAACCTTATCACGTGAAAGAGAGAAGAATCATAAATGATTTAGTG
chrXI	231188	2640	CAAAGAAAACTACAGTAATATCCAGAAATAGATGCATTTTATGTGCGAAATAAAACTCATGCTGAAAAAAATAGTAATAATTAATAGGGTAACGAATAGAATGCAAACCTTATCACGTGAAAGAGAGAACAATCATAAATGATTTAGTG
chrXI	231192	70	GAAAACTACAGTAATATCCAGAAATAGATGCATTTTATGTGCGAAATAAAACTCATGCTGAAAAAAATAGTAATAATTAATAGGGTAACGAATAGAATGCAAACCTTATCACGTGAAAGAGAGAACAATCATAAATGATTTAGTGCGTAGG
chrXI	231193	70	AAAACTACAGTAATATCCAGAAATAGATGCATTTTATGTGCGAAATAAAACTCATGCTGAAAAAAATAGTAATAATTAATAGGGTAACGAATAGAATGCAAACCTTATCACGTGAAAGAGAGAACAATCATAAATGATTTAGTGCGTAGG
chrXI	231197	5150	CTACAGTAATATCCAGAAATAGATGCATTTTATGTGCGAAATAAAACTCATGCTGAAAAAAATAGTAATAATTAATAGGGTAACGAATAGAATGCAAACCTTATCACGTGAAAGAGAGAACAATCATAAATGATTTAGTGCGTAGGTCC
chrXI	231197	5150	CTACAGTAATATCCAGAAATAGATGCATTTTATGTGCGAAATAAAACTCATGCTGAAAAAAATAGTAATAATTAATAGGGTAACGAATAGAATGCAAACCTTATCACGTGAAAGAGAGAACAATCATAAATGATTTAGTGCGTAGGTCC
chrXI	231197	70	CTACAGTAATATCCAGAAATAGATGCATTTTATGTGCGAAATAAAACTCATGCTGAAAAAAATAGTAATAATTAATAGGGTAACGAATAGAATGCAAACCTTATCACGTGAAAGAGAGAACAATCATAAATGATTAAGTGCGTAGGTCCAG
chrXI	231197	7530	CTACAGTAATATCCAGAAATAGATGCATTTTATGTGCGAAATAAAACTCATGCTGAAAAAAATAGTAATAATTAATAGGGTAACGAATAGAATGCAAACCTTATCACGTGAAAGAGAGAACAATCAAAAATGATATAGTGCGTAGGTCCAG
chrXI	231197	2640	CTACAGTAATATCCAGAAATAGATGCATTTTATGTGCGAAATAAAACTCATGCTGAAAAAAATAGTAATAATTAATAGGGTAACGAATAGAATGCAAACCTTATCACGTGAAATAGAGAACAATCATAAATGATTTAGAGCGTAGGTCCAG
chrXI	231197	10150	CTACAGTAATATCCAGAAATAGATGCATTTTATGTGCGAAATAAAACTCATGCTGAAAAAAATAGTAATAATTAATAGGGTAACGAATAGAATGCAAACCTTATCACGTGAAAGAGAGAAGAATCATAAATGATTTAGTGCGTAGGTCC
chrXI	231199	5150	ACAGTAATATCCAGAAATAGATGCATTTTATGTGCGAAATAAAACTCATGCTGAAAAAAATAGTAATAATTAATAGGGTAACGAATAGAATGCAAACCTTATCACGTGAAAGAGAGAACAATCATAAATGATTTAGTGCGTAGGGCCAGAT
chrXI	231199	1410	ACAGTAATATCCAGAAATAGATGCATTTTATGTGCGAAATAAAACTCATGCTGAAAAAAATAGTAATAATTAATAGGGTAACGAATAGAATGCAAACCTTATCACGTGAAAGAGAGAACAATCATAAATGATTTAGTGCGTAGGTCC
chrXI	231199	1410	ACAGTAATATCCAGAAATAGATGCATTTTATGTGCGAAATAAAACTCATGCTGAAAAAAATAGTAATAATTAATAGGGTAACGAATAGAATGCAAACCTTATCACGTGAAAGAGAGAACAATCATAAATGATTTAGTGCGTAGGTCCAGAT
chrXI	231199	2640	(ATCAAAGAAATAG)ACAGTAATATCCAGAAATAGATGCATTTTATGTGAGAAATAAAACTCCTGCTGAAAAAAATAGTAATAATTAAGAGGGTGACGAATAGAATGCAAACCTTATCACGTGAAAGAGGGAACAATCATAAATGATTTAGTG
chrXI	231200	1410	CAGTAATATCCAGAAATAGATGCATTTTATGTGCGAAATAAAACTCATGCTGAAAAAAATAGTAATAATTAATAGGGTAACGAATAGAATGCAAACCTTATCACGTGAAAGAGAGAACAATCATAAATGATTTAGTGCGTAGGTCCAGATT
chrXI	231200	7530	CCGTAACATCCAGAAATAGATGCATTTTATGTGCGAAATAAAACTCATGCTGAAAAAAATAGTAATAATTAATAGGGTAACGAATAGAATGCAAACCTTATCACGTGAAAGAGAGAAGAATCATAAATGATTTAGTGCGTAGGTCCAGATT
chrXI	231200	5150	CAGTAATATCCAGAAATAGATGCATTTTATGTGCGAAATAAAACTCATGCTGAAAAAAATAGTAATAATTAATAGGGTAACGAATAGAATGCAAACCTTATCACGTGAAAGAGAGAAGAATCATAAATGATTTAGTGCGTAGGTCCAGATT
chrXI	231202	70	GTAATATCCAGAAATAGATGCATTTTATGTGCGAAATAAAACTCATGCTGAAAAAAATAGTAATAATTAATAGGGTAACGAATAGAATGCAAACCTTATCTCGTGAAAGTGAGAACAATCATAAATGATTTAGTGCGTCGGTCCAGATTTG
chrXI	231202	70	GTAATATCCAGAAATAGTTGCATTTTATGGGCGAAATAAAACTCATGCTGAAAAAAATAGAAATAATTAATAGGGTCACGAATAGAATGCAAACCTTATCACGGGAAAGAGAGAACAATCATAAATGATTTAGTGCGTAGGTCCTGATTTG
chrXI	231202	7530	GTAATATCCAGAAATAGATGCATTTTATGTGCGAAATAAAACTCATGCTGAAAAAAATAGTAATAATTAATAGGGTAACGAATAGAATGCAAACCGTATCACGTGATAGAGAGAACTATCTTAATTGATTTGGTGCGTAGGTCCAGATTTG
chrXI	231202	2640	GTAATATCCAGAAATAGATGCATTTTATGTGCGAAATAAAACTCATGCTGAAAAAAATAGTAATAATTAATAGGGTAACGAATAGAATGCAAACCTTATCACGTGAAAGAGAGAACAATCATAAATGATTTAGTGCGTAGGTCCAGATTTG
chrXI	231202	70	GTAATATCCAGAAATAGATGCATTTTATGTGCGAAATAAAACTCATGCTGAAAAAAATAGTAATAATTAATAGGGGAACGAATAGAATGCAAACCTTATCACGTGAATGAGAGAACAATCATAAATGATGTAGTGCGTAGGTCCAGATTTG
chrXI	231202	2640	GTAATATCCAGAAATAGATGCATTTTATGTGCGAAATAAAACTCATGCTGAAAAAAATAGTAATAATTAATAGGGTAACGAATAGAATGCAAACCTTATCACGTGAAAGAGAGAACAATCATAAATGATTTAGTGCGTAGGTCCAGATTTG
chrXI	231202	7530	GTAATATCCAGAAATAGATGCATTTTATGTGCGAAATAAAACTCATGCTGAAAAAAATAGTAATAATTAATAGGGTAACGAATAGAATGCAAACCTTATCACGTGAAAGAGAGAAGAATCATAAATGATTTAGTGCGTAGGTCCAGATTTG
chrXI	231202	10150	GTAATATCCAGAAATAGATGCATTTTATGTGCGAAATAAAACTCATGCTGAAAAAAATAGTAATAATTAATAGGGTAACGAATAGAATGCAAACCTTATCACGTGAAAGAGAGAACAATCATAAATGATTTAGTGCGTAGGTCCAGATTTG
chrXI	231203	7530	TAATATCCAGAAATAGATGCATTTTATGTGCGAAATAAAACTCATGCTGAAAAAAATAGTAATAATTAATAGGGTAACGAATAGAATGCAAACCTTATCACGTGAAAGAGAGAAGAATCATAAATGATTTAGTGCGTAGGTCCAGATT
chrXI	231203	7530	TAATATCCAGAAATAGATGCATTTTATGTGCGAAATAAAACTCATGCTGAAAAAAATAGTAATAATTAATAGGGTAACGAATAGAATGCAAACCTTATCACGTGAAAGAGAGAACAATCATAAATGATTTAGTGCGTAGGTCCAGAT
chrXI	231203	2640	TAATATCCAGAAATAGATGCATTTTATGTGCGAAATAAAACTCATGCTGAAAAAAATAGTAATAATTAATAGGGTAACGAATAGAATGCAAACCTTATCACGTGAAAGAGAGAACAATCATAAATGATTTAGTGCGTAGGTCCAGAT
chrXI	231203	7530	TAATATCCAGAAATAGATGCATTTTATGTGCGAAATAAAACTCATGCTGAAAAAAATAGTAATAATTAATAGGGTAACGAATAGAATGCAAACCTTATCACGTGAAAGAGAGAACAATCATAAATGATTTAGTGCGTAGGTCCAGAT
chrXI	231203	7530	TAATATCCAGAAAGAGATGCATTTTATGTGCGAAATAAAACTCATGCTGAAAAAAATAGTAATAATTAATAGGGTAACGAATAGAATGCAAACCTTATCACGTGAAAGAGAGAACAATCATAAATGATTTAGTGCGTAGGTCCAGATT
chrXI	231203	2640	TTATATCCAGAAATAGATGCATTTTAGGTGCGAAATAAAACTCATGCTGAAAAAAATAGTAATAATTAATAGGGTAACGAATAGAATGCAAACCTTATCACGTGAAAGAGAGAACAATCATAAATGATTTAGTGCGTAGGTCCAGAT
chrXI	231203	2640	TAATATCCAGAAATAGATGCATTTTATGTGCGAAATAAAACTCATGCTGAAAAAAATAGTAATAATTAATAGGGTAACGAATAGAATGCAAACCTTATCACGTGAAAGAGAGAACAATCATAAATGATTTAGTGCGTAGGTCCAGATT
chrXI	231204	70	AATATCCAGAAATAGATGCATTTTATGTGCGAAATAAAACTCATGCTGAAAAAAATAGTAATAATTAATAGGGTAACGAATAGAATGCAAACCTTATCACGTGAAAGAGAGAACAATCATAAATGATTTAGTGCGTAGGTCCAGATTTGCG
chrXI	231205	2640	ATATCCAGAAATAGATGCATTTTATGTGCGAAATAAAACTCATGCTGAAAAAAATAGTAATAAGTAATAGGGTAACGAATAGAATGCAAACCTGCTCACGTGAAAGAGAGAACAATCATAAATGAGGTAGTGCGTAGGTCCAGATTTGCGA
chrXI	231207	70	ATCCAGAAATAGATGCATTTTATGTGCGAAATAAAACTCATGCTGAAAAAAATAGTAATAATTAATAGGGTAACGAATAGAATGCAAACCTTATCACGTGAAAGAGAGAACAATCATCAATGAGTTAGTGCGTAGGTCCAGATTTGCGAAA
chrXI	231207	70	ATCCAGAAATAGATGCATTTTATGTGCGAAAAAAAACTCATGCTGAAAAAAATAGTAATAATTAATAGGGTAACGAATAGAATGCAAACCTTATCACGTGAAAGAGAGAACAATCATAAATGATTTAGTGCGTAGGTCCAGATTTGCGAAA
chrXI	231207	5150	ATCCAGAAATAGATGCATTTTATGTGCGAAATAAAACTCATGCTGAAAAAAATAGTAATAATTAATAGGGTAACGAATAGAATGCAAACCTTATCACGTGAAAGAGAGAACAATCATAAATGATTTAGTGCGTAGGTCCAGATTTGCGAA
chrXI	231207	70	ATCCAGAAATAGATGCATTTTATGTGGGAAATAAAACTCATGCTTTAATAAATAGTAATAATTAAAAGTGTAAAGAATAGAATGCAAACCTTATCAAGTGTAATAGAGAACAAGCATAAATGATTTAGTGAGTAGGTCCAGATTTGCGAAA
chrXI	231207	70	ATCCAGAAATAGATGCATTTTATGTGCGAAATAAAACTCATGCTGAAAAAAATAGTAATAATTAATAGCTTACAGTAAAGAATGCAAACATTATCACCTGAAACAGAGAACAATCATAATTGATTTAGTGCGTAGGTACAGATTTTCGAAA
chrXI	231208	70	TCCAGAAATAGATGCATTTTATGTGCGAAATAAAACTCATGCTGAAAAAAATAGTACTAATTAATAGGGTAACGAATAGAATGCAAACCTTATCACGTGAAAGAGAGAACAATCATAAATGATTTAGTGCGTAGGTCCAGATTTGCGAAA
chrXI	231208	2640	TCCAGAAATAGATGCATTTTATGTGCGAAATAAAACTCATGCTGAAAAAAATAGTAATAATTAATAGGGTAACGAATAGAATGCAAACCTTATCACGTGAAAGAGAGAACAATCATAAATGATTTAGTGCGTAGGTCCAGATTTGCGAAA
chrXI	231208	5150	TCCAGAAATAGATGCATTTTATGTGCGAAATAAAACTCATGCTGAAAAAAATAGTAATAATTAATAGGGTAACGAATAGAATGCAAACCTTATCACGTGAAAGAGAGAACAATCATAAATGATTTAGTGCGTAGGTCCAGATTTGCGAAAC
chrXI	231208	70	TCCAGAAATAGATGCATTTTATGTGCGAAATAAAACTCATGCTGAAAAAAATAGTAAGAATTAATAGGGTAACGAATAGAATGCAAACCTTATCACGTGGAAGAGAGAACAATCATAAATGATTTAGGGCGTAGGTCCAGATTTGCGAAA
chrXI	231209	5150	CCAGAAATAGATGCATTTTATGTGCGAAATAAAACTCATGCTGAAAAAAATAGTAATAATTAATAGGGTAACGAATAGAATGCAAACCTTATCACGTGAAAGAGAGAACAATCATAAATGATTTAGTGCGTAGGTCCAGATTTGCGAAAC
chrXI	231209	5150	CCAGAAATAGATGCATTTTATGTGCGAAATAAAACTCATGCTGAAAAAAATAGTAATAATTAATAGGGTAACGAATAGAATGCAAACCTTATCACGTGAAAGAGAGAACAATCATAAATGATTTAGTGCGTAGGTCCAGATTTGCGAAAC
chrXI	231212	2640	GAAATAGATGCATTTTATGTGCGAAATAAAACTCATGCTGAAAAAAATAGTAATAATTAATAGGGTAACGAATAGAATGCAAACCTTATCACGTGAAAGAGAGAACAATCATAAATGATTTAGTGCGTAGGTCCAGATTTGCGAAACA
chrXI	231212	70	GAAATAGATGCATTTTATGTGCGAAATAAAACTCATGCTGAAAAAAATAGTAATAATTACTAGGGTCACGACTAGAATGCAAACCTTATCACGTGAAAGAGAGAACAATCATACTTGATTTAGTGCGTAGGTCCAGAGTTGCGAAACA
chrXI	231213	7530	AAATAGATGCATTTTATGTGCGAAATAAAACTCATGCTGAAAAAAATAGTAATAATTAATAGGGTAACGAATAGAATGCAAACCTTATCACGTGAAAGAGAGAACAATCATAAATGATTTAGTGCGTAGGTCCAGATTTGCGAAACAC
chrXI	231213	70	AAATAGATTCATTTTATGTGCGTAATAAAACTCATGCTGAAAAAAATAGTAATAATTAATAGGGTAACGAATAGAATGCAAACCTTATCACGTGAAAGAGAGAACAATCATAAATGATTTAGTGCGTAGGTCCAGATTTGCGAAACACTGC
chrXI	231216	7530	TAGATGCATTTTATGTGCGAAATAAAACTCATGCTGAAAAAAATAGTAATAATTAATAGGGTAACGAATAGAATGCACACCTTATCACGTGAATGAGAGAACAATCATAAATGATTTAGTGCGTAGGTCCAGATTTGCGATACACTGCGGA
chrXI	231216	2640	TAGATGCATTTTATGTGCGAAATAAAACTCATGCTGAAAAAAATAGTAATAATTAATAGGGTAACGAATAGAATGCAAACCTTATCACGTGAAAGAGAGAACAATCATAAATGATTTAGTGCGTAGGTCCAGATTTGCGAAACACTGCGGA
chrXI	231216	70	TAGATGCATTTTATGTGCGAAATAAAACTCATGCTGAAAAAAATAGTAATAATTAATAGGGTAACGAATAGAATGCAAACCTTATCACGTGAAAGAGAGAACAATCATAAATGATTTAGTGCGTAGGTCCAGATTTGCGAAACACTGCGGA
chrXI	231217	2640	AGATGCATTTTATTTGCGAAATAAAACTCATGCTGAAAAAAATAGGAATAATTAATAGGGTAACGAATAGAATGCAAACATTATCACGTGAAAGAGAGAACAATCATAAATGATTTAGTGCGTAGGTCCAGATTTGCGAAACACTGCGGA
chrXI	231218	2640	GATGCATTTTATGTGCGAAATAAAACTCATGCTGAAAAAAATAGTAATAATTAATAGGGTAACGAATAGAATGCAAACCTTATCACGTGAAAGAGATAACAATCATAAATGATTTAGTGCGTAGGTCCAGAGTTGCGAAACACTGCGGAAG
chrXI	231219	7530	ATTCATTTTATGTGCGATATAAAACTCATGCTGAAATAAATTGTTATAATTAATAGGGTAACGACTAGAATGCTAACCGTATCACGTGAAAGAGAGAAGAATCATAAATGATTTAGTGCGTAGGTCCAGATTTGCGAAACACTGCGGAA
chrXI	231219	10150	ATGCATTTTATGTGCGAAATAAAACTCATGCTGAAAAAAATAGTAATAATTAATAGGGTAACGAATAGAATGCAAACCTTATCACGTGAAAGAGAGAAGAATCATAAATGATTTAGTGCGTAGGTCCAGATTTGCGAAACACTGCGGAAGG
chrXI	231219	70	ATGCATTTTATGTGCGAAATAAAACTCATGCTGAAAAAAATAGTAATAATTAATAGGGTAACGAATAGAATGCAAACCTGATCACGTGAAAGAGAGAACAATCATAAATGATTTAGTGCGTAGGTCCAGATTTGCGAAACACTGCGGAAG
chrXI	231219	2640	ATGCATTTTATGTGCGAAATAAAACTCATGCTGAAAAAAATAGTAATAATTAATAGGGTAACGAATAGAATGCAAACCTTATCACGTGAAAGAGAGAACAATCATAAATGATTTAGTGCGTAGGTCCAGATTTGCGAAACACTGCGGAA
chrXI	231219	70	ATGCATTTTATGTGCGAAATAAAACTCATGCTGAAAAAAATAGTAATAATTAATAGGGTAACGAATAGAATGCAAACCTTATCACGTGAAAGAGAGAACAATCATAAATGATTTAGTGCGTAGGTCCAGATTTGCGAAACACTGCGGAA
chrXI	231219	7530	CTGCATTTTATGTGCGAAATAAAACTCATGCTGAAAAAAATAGTAATAATTAATAGTGTAACGAATAGAATGCAAACCTTATCACGTGAAAGAGAGAAGAATCATAAATGATTTAGTGCGTAGGTCCAGATTTGCGAAACACTGCGGAAG
chrXI	231219	7530	ATGCATTTTATGTGCGAAATAAAACTCATGCTGAAAAAAATAGTAATAATTAATAGGGTAACGAATAGAATGCAAACCTTATCACGTGAAAGAGAGAACAATCATAAATGATTTAGTGCGTAGGTCCAGATTTGCGAAACACTGCGGAA
chrXI	231221	70	GCATTTTATGTGCGAAATAAAACTCATGCTGAAAAAAATATTAATAATTAATAGTGAAACGAATAGAATGAAAAAATTATCAAGTGAAAGAGAGAACAAACATAAATGATATAGTGCCAAGGACCAGAATTGCGAAACAATGCGGAAGTC
chrXI	231221	2640	GCATTTTATGTGCGAAATAAAACTCATGCTGAAAAAAATAGTAATAATTAATAGGGTAACGAATAGAATGCAAACCTTATCACGTGAAAGAGAGAACAATCATAAATGATTTAGTGCGTAGGTCCAGATTTGCGAAACACTGCGGAAGGCG
chrXI	231222	70	CATTTTATGTGCGAAATAAAACTCATGCTGAAAAAAATAGTAATAATTAATAGGGTAACGAATAGAATGCAAACCTTATCACGTGAAAGAGAGAACAATCATAAATGAGTTAGTGCGGAGGTCCAGATTTGCGAAACACTGCGGACGGCGA
chrXI	231226	7530	TTATGTGCGAAATAAAACTCATGCTGAAAAAAATAGTAATAATTAATCGGGTAACGAATAGAATGCAAACCTTAGCACGTGACAGAGAGAACAATCATAAATGATTTAGTGCGTAGGTCCAGATTTGCGAAACACTGCGGAAGGCGAGAAA
chrXI	231226	7530	TTATGTGCGAAATAAAACTCCTGCTGAAAAAAATAGTAAGAATTAATAGGGTAACGAATAGAATGCAAACCTTATCACGTGAAAGAGAGAACAATCATAAATGATTTAGTGCGTAGGTCCAGATTTGCGAAACACTGCGGAAGGCGAGAAA
chrXI	231230	10150	GTGCGAAATAAAACTCATGCTGAAAAAAATAGTAATAATTAATAGGGTAACGAATAGAATGCAAACCTTATCACGTGAAAGAGAGAACAATCATAAATGATTTAGTGCGTAGGTCCAGATTTGCGAAACACTGCGGAAGGCGAGAAAAGAA
chrXI	231231	7530	TGCGAAATAAAACTCATGCTGAAAAAAATAGTAATAATTAATAGGGTAACGAATAGAATGCAAACCTTATCACGTGAAAGAGAGAACAATCATAAATGATTTAGTGCGTAGGTCCAGATTTGCGAAACACTGCGGAAGGCGAGAAAAGAA
chrXI	231235	5150	AAATAAAACTCATGCTGAAAAAAATAGTAATAATTAATAGGGTAACGAATAGAATGCAAACCTTATCACGTGAAAGAGAGAACAATCATAAATGATTTAGTGCGTAGGTCCAGATTTGCGAAACACTGCGGAAGGCGAGAAAAGAATTCG
chrXI	231235	70	AAATAAAACTCATGCTGAAAAAAATAGTAATAATTAATAGGGTAACGAATAGAATGCAAACCTTATCACGTGAAAGAGAGAACAATCATAAATGATTTAGTGCGTAGGTCCAGATTTGCGAAACACTGCGGAAGGCGAGAAAAGAATTCGA
chrXI	231235	70	AAATAAAACTCATGCTGAAAAAAATAGTAATAATTAATAGGGTAACGAATAGAATGCAAACCTTATCACGTGAAAGAGAGAACAATCATAAATGATTTAGTGCGTAGGTCCAGATTTGCGAAACACTGCGGAAGGCGAGAAAAGAATTCGA
chrXI	231235	70	AAATAAAACTCATGCTGAAAAAAATAGTAATAATTAATAGGGTCCCGAATAGAATGCAAACCTTATCACGTGAAAGAGAGAACAATCATAAATGATTTAGTGCGTAGGTCCAGATTTGCGAAACACTGCGGAAGGCGAGACAAGAATTCGA
chrXI	231235	7530	AAATAAAACTCATGCTGAAAAAAATAGTAATAATTAATAGGGTAACGAATAGAATGCAAACCTTATCACGTGAAAGAGAGAACAATCATAAATGATTTAGTGCGTAGGTCCAGATTTGCGAAACACTGCGGAAGGCGAGAAAAGAATTCGA
chrXI	231235	7530	AAATAAAACTCATGCTGAAAAAAATAGTAATAATTAATAGGGTAACGAATAGAATGCAAACCATATCACGTGAAAGAGAGAACAATCATAAATGATTTAGTGCGTAGGTCCAGATTTGCGAAACACTGCGGAAGGCGAGAAAAGAATTCGA
chrXI	231235	2640	AAATAAAACTCATGCTGAAAAAAATAGTAATAATTAATAGGGTAACGAATAGAATGCAAACCTTATCACGTGAAAGAGAGAACAATCATAAATGATTTAGTGCGTAGGTCCAGATTTGCGAAACACTGCGGAAGGCGAGAAAAGAATTCGA
chrXI	231236	7530	AATAAAACTCATGCTGAAAAAAATAGTAATAATTAATAGGGTAACGAATAGAATGCAAACCTTATCACGTGAAAGAGAGAAGAATCATAAATGATTTAGTGCGTAGGTCCAGATTTGCGAAACACTGCGGAAGGCGAGAAAAGAATTCGAA
chrXI	231236	5150	AATAAAACTCATGCTGAAAAAAATAGTAATAATTAATAGGGTAACGAATAGAATGCAAACCTTATCACGTGAAAGAGAGAACAATCATAAATGATTTAGTGAGTAGGTCCAGATTTGCGAAACACTGCGGAAGGCGAGAAAAGAATTCGAA
chrXI	231236	2640	AATAAAACTCATGCTGAAAAATATAGTAATTATTAATTGGGTAAGGAATAGAATGCAAACCTTATCACGTGAAAGAGAGAACAATGATAAATGATTTAGTGCGTAGGTCCAGATTTGCGAAACACTGCGGAAGGCGAGAAAATACTTCGAA
chrXI	231237	70	ATAAAACTCATGCTGAAAAAAATAGTAATAATTAATAGGGTAACGAATAGAATGCAAACCTTATCACGTGAAAGAGAGAACAATCATAAATGATTTAGTGCGTAGGTCCAGATTTGCGAAACTCTGCGGAAGGCGAGAAAAGAAATCGAAT
chrXI	231237	2640	ATAAAACTCATGCTGAAAAAAATAGTAATAATTAATAGGGTAACGAATAGAATGCAAACCTTATCACGTGAAAGAGAGAACAATCATAAATGATTTAGTGCGTAGGTCCAGATTTGCGAAACACTGCGGAAGGCGAGAAAAGAATTCGAAT
chrXI	231237	2640	ATAAAACTCATGCTGAAAAAAATAGTAATAATTAATAGGGTAACGAATAGAATGCAAACCTTATCACGTGAAAGAGAGAACAATCATAAATGATTTAGTGCGTAGGTCCAGATTTGCGAAACACTGCGGAAGGCGAGACAAGAATTCGAAT
chrXI	231242	2640	(TAGAAC)ACTCATGCTGAAAAAAATAGTAATAATTAATCGGGTCACGAATAGAATGCAAACCTTATCACGTGAAAGAGAGAACTATCATAAAGGATTTAGTGCGTAGGTCCAGATTTGCGAAACACTGCGGAAGGCGAGAATAGAATTCGAA
chrXI	231243	7530	CTCATGCTGAAAAAAATAGTAAGAATTAATAGGGGAACGAATAGAATGCAAACCTTATCACGTGAAAGAGAGAACACTCATAAATGATTTAGTGCGTAGGTCCAGATTTGCGAAACACGGCGGAAGGCGAGAAAAGAATTCGAATATGAAG
chrXI	231243	2640	CTCATGCTGAAAAAAATAGTAATAATTAATAGGGTAACGAATAGAATGCAAACCTTATCACGTGAAAGAGAGAACAATCATAAATGATTTAGTGCGTAGGTCCAGATTTGCGAAACACTGCGGAAGGCGAGAAAAGAATTCGAATATGAAG
chrXI	231243	70	CTCATGCTGAAAAAAATAGTAATAATTACTAGGGTAACGAATAGAATGCAAACCTTATCACGTGAAAGAGAGAACAATCAGAAATGATTTAGTGCGTAGGCCCAGATTTGCGAAACACTGCGGAAGGCGAGAAAAGAATTCGAATATGAAG
chrXI	231243	7530	CTCATGCTGAAAAAAATAGTAATACTTAATAGGGTAACGAATAGAATGCAAACCTTATCCCGTGAAAGAGAGAACAATCATAAATGATTTAGTGCGTAGGTCCAGATTTGCGAAACACTGCGGAAGGCGAGAAAAGAATTCGAATATGAAG
chrXI	231243	2640	CTCATGCTGAAAAAAATAGTAATAATTAATAGGGTAACGAATAGAATGCAAACCTTATCACGTGAAAGAGAGAACAATCATAAATGATTTAGTGCGTAGGTCCAGATTTGCGAAACACTGCGGAAGGCGAGAAAAGAATTCGAATATGAAG
chrXI	231244	70	TCATGCTGAAAAAAATAGTAATAATTAATAGGGTAACGAATAGAATGCAAACCTTATCACGTGAAAGAGAGAACAATCATAAATGATTTAGTGCGTAGGTCCAGATTTGCGAAACACTGCGGAAGGCGAGAAAAGAATTCGAATATGAAGT
chrXI	231244	70	TCATGCTGAAAAAAATAGTAATAATTAATAGGGTAACGAATAGAATGCAAACCTTATCACGTGAAAGAGAGAACAATCATAAATGATTTAGTGCGTAGGTCCAGATTTGCGAAACACTGCGGAAGGCGAGAAAAGAATTCGAATATGAAGT
chrXI	231245	1410	CATGCTGAAAAAAATAGTAATAATTAATAGGGTAACGAATAGAATGCAAACCTTATCACGTGAAAGAGAGAACAATCATAAATGATTTAGTGCGTAGGTCCAGATTTGCGAAACACTGCGGAAGGCGAGAAAAGAATTCGAATATGAAG
chrXI	231248	10150	GCTGAAAAAAATAGTAATAATTAATAGGGTAACGAATAGAATGCAAACCTTATCACGTGAAAGAGAGAACAATCATAAATGATTTAGTGCGTAGGTCCAGATTTGCGAAACACTGCGGAAGGCGAGAAAAGAATTCGAATATGAAGTAGGT
chrXI	231248	10150	GCTGAAAAAAATAGTAATAATTAATAGGGTAACGAATAGAATGCAAACCTTATCACGTGAAAGAGAGAACAATCATAAATGATTTAGTGCGTAGGTCCAGATTTGCGAAACACTGCGGAAGGCGAGAAAAGAATTCGAATATGAAGTAGGT
chrXI	231249	70	CTGAAAAAAATAGTAATAATTAATAGGGTAACGAAGAGAATGCAAACCTTATCACGTGAAAGAGAGAACAATCATAAATGATTTAGTGCGTAGGTCCAGATTTGCGAAACACTGCGGAAGGCGAGAAAAGAATTCGAATATGAAGTAGGT
chrXI	231249	7530	CTGAAAAAAATAGTAATAATTAAGAGGGTCACGAATAGAATGCAAACCTTATCACGTGAAAGAGAGAACAATCATAAATGATTTAGTGCGTAGGTCCAGATTTGCGAAACACTGCGGAAGGCGAGAAAAGAATTCGAATATGAAGTAGGT
chrXI	231249	70	CTGAAAAAATTAGTAATAATTAATAGGGTAACGAATAGAATGCAAACCTTATCACGTGAAAGAGAGAACAATCATAAATGATTTAGTGCGTAGGTCCAGATTTGCGAAACACTGCGGAAGGCGAGAAAAGAATTCGAATATGAAGTAGGT
chrXI	231251	2640	GAAAAAAATAGTAATAATTAATAGGGTAACGAATAGAATGCAAACCTTATCACGTGAAATAGAGAACAATCATAAATGATTTAGTGCGTAGGTCCAGATTTGCGAAACACTGCGGAAGGCGAGAAAAGAATTCGAATATGAAGTAGGTAGA
chrXI	231251	2640	GAAAAAAATAGTAATAATTAATAGGGTAACGAATAGAATGCAAACCTTATCACGTGAAAGAGAGAACAATCATAAATGATTTAGTGCGTAGGTCCAGATTTGCGAAACACTGCGGAAGGCGAGAAAAGAATTCGAATATGAAGTAGGTAGA
chrXI	231251	2640	GAAAAAAATAGTAATAATTAATAGGGTAACGAATAGAATGCAAACCTTATCACGTGAAAGAGAGAACAATCATAAATGATTTAGTGCGTAGGTCCAGATTTGCGAAACACTGCGGAAGGCGAGAAAAGAATTCGAATATGAAGTAGGTAGA
chrXI	231251	1410	GAAAAAAATAGTAATAATTAATAGGGTAACGAATAGAATGCAAACCTTATCACGTGAAAGAGAGAACAATCATAAATGATTTAGTGCGTAGGTCCAGATTTGCGAAACACTGCGGAAGGCGAGAAAAGAATTCGAATATGAAGTAGGTAGA
chrXI	231252	2640	AAAAAAATAGTAATAATTAATAGGGTAACGAATAGAATGCAAACCTTATCACGTGAAAGAGAGAACAATCATAAATGATTTAGTGCGTAGGTCCAGATTTGCGAAACACTGCGGAAGGCGAGAAAAGAATTCGAATATGAAGTAGGTAGA
chrXI	231254	70	AAAAATAGTAATAATTAATAGGGTAACGAATAGAATGCAAACCTTATCACGTGAAAGAGAGAACAATCATAAATGATTTAGTGCGTAGGTCCAGATTTGCGAAACACTGCGGAAGGCGAGAAAAGAATTCGAATATGAAGTAGGTAGAAGC
chrXI	231254	2640	AAAAATAGTAATAATTAATAGGGTAACGAATAGAATGCAAACCTTATCACGTGAAAGAGAGAACAATCATAAATGATTTAGTGCGTAGGTCCAGATTTGCGAAACACTGCGGAAGGCGAGAAAAGAATTCGAATATGAAGTAGGTAGAAGC
chrXI	231254	1410	AAAAATAGTAATAATTAATAGGGTAACGAATAGAATGCAAACCTTATCACGTGAAAGAGAGAACAATCATAAATGATTTAGTGCGTAGGTCCAGATTTGCGAAACACTGCGGAAGGCGAGAAAAGAATTCGAATATGAAGTAGGTAGAAGC
chrXI	231254	7530	AAAAATAGTAATAATTAATAGGGTAACGAATAGAATGCAAACCTTATCACGTGAAAGAGAGAACAATCATAAATGATTTAGTGCGTAGGTCCAGATTTGCGAAACACTGCGGAAGGCGAGAAAAGAATTCGAATATGAAGTAGGTAGAAGC
chrXI	231254	7530	AAAAATAGTAATAATTAATAGGGTAACGAATAGAATGCAAACCTTATCACGTGAAAGAGAGAACAATCATAAATGATTTAGTGCGTAGGTCCAGATTTGCGAAACACTGCGGAAGGCGAGAAAAGAATTCGAATATGAAGTAGGTAGAAGC
chrXI	231254	2640	AAAAATAGTAATAATTAATAGGGTAACGAATAGAATGCAAACCTTATCACGTGAAAGAGAGAACAATCATAAATGATTTAGTGCGTAGGTCCAGATTTGCGAAACACTGCGGAAGGCGAGAAAAGAATTCGAATATGAAGTAGGTAGAAGC
chrXI	231255	10150	AAAATAGTAATAATTAATAGGGTAACGAATAGAATGCAAACCTTATCACGTGAAAGAGAGAACAATCATAAATGATTTAGTGCGTAGGTCCAGATTTGCGAAACACTGCGGAAGGCGAGAAAAGAATTCGAATATGAAGTAGGTAGAAGCA
chrXI	231259	70	TAGTAATAATTTATAGGGTTACGAATAGAATGCAAACCTTATCACGTGAAAGAGAGAACAATCATAAATGATTTAGTGCGTAGGTCCAGATTTGCGAAACACTGCGGAAGGCGAGAAAAGAATTCGAATATGAAGTAGGTAGAAGCAGAGG
chrXI	231259	2640	TAGTAATAATTAATAGGGTAACGAATAGAATGCAAACCTTATCACGTGAAAGAGAGAACACTCATAAATGATTTAGTGCGTAGGTCCAGATTTGCGAAACACTGCGGAAGGCGAGAAAAGAATTCGAATATGAAGTAGGTAGAAGCAGAGG
chrXI	231259	7530	TAGTAATAATTAATAGGGTAACGAATAGAATGCAAACCTTATCACGTGAAAGAGAGAACAATCATAAATGATTTAGTGCGTAGGTCCAGATTTGCGAAACACTGCGGAAGGCGAGAAAAGAATTCGAATATGAAGTAGGTAGAAACAGAGG
chrXI	231261	1410	GTAATAATTAATAGGGTAACGAATAGAATGCAAACCTTATCACGTGAAAGAGAGAACAATCATAAATGATTTAGTGCGTAGGTCCAGATTTGCGAAACACTGCGGAAGGCGAGAAAAGAATTCGAATATGAAGTAGGTAGAAGCAGAGGTA
chrXI	231262	2640	TAATAATTAAGAGGGTAACGAATAGAATGCAAACCTTATCACGTGAAAGAGAGAACAATCATACATGATTTAGTGCGTAGGTCCAGATTTGCGAAACACTGCGGAAGGCGAGAAAAGAATTCGAATATGTAGTAGGTAGAAGCAGAGGT
chrXI	231262	2640	TAATAATTAATAGGGTAACGAATAGAATGCAAACCTTATCACGTGAAAGAGAGAACAATCATAAATGATTTAGTGCGTAGGTCCAGATTTGCGAAACACTGCGGAAGGCGAGAAAAGAATTCGAATAGGAAGTAGGTAGAAGCAGAGGTAG
chrXI	231263	70	AATAATTAATAGGGTAACGAATAGAATGCAAACCTTATCACGTGAAAGAGAGAACAATCATAAATGATTTAGTGCGTAGGTCCAGATTTGCGAAACACTGCGGAAGGCGAGAAAAGAATTCGAATATGAAGTAGGTAGAAGCAGAGGTAGG
chrXI	231263	70	AATAATTAATAGGGTAACGAATAGAATGCAAACCTTATAACGTGAAAGAGAGAACAATCATAAATGATTTAGTGCGTAGGTCCAGATTTGAGAAACACTGCGGAAGGCGAGAAAAGAATTCGAATATGAAGTAGGTAGAAGCAGAGGTAGG
chrXI	231263	70	AATAATTAATAGGGTAACGAATAGAATGCAAACCTTATCACGTGAAAGAGAGAACAATCATAAATGATTTAGTGCGTAGGTCCAGATTTGCGAAACACTGCGGAAGGCGAGAAAAGAATTCGAATATGAAGTAGGTAGAAGCAGAGGTAGG
chrXI	231264	5150	ATAATTAATAGGGTAACGAATAGAATGCAAACCTTATCACGTGAAAGAGAGAACAATCATAAATGATTTAGTGCGTAGGTCCAGATTTGCGAAACACTGCGGAAGGCGAGAAAAGAATTCGAATATGAAGTAGGTAGAAGCAGAGGTAGGG
chrXI	231264	10150	ATAATTAATAGGGTAACGAATAGAATGCAAACCTTATCACGTGAAAGAGAGAAGAATCATAAATGATTTAGTGCGTAGGTCCAGATTTGCGAAACACTGCGGAAGGCGAGAAAAGAATTCGAATATGAAGTAGGTAGAAGCAGAGGTAGGG
chrXI	231264	1410	ATAATTAATAGGGTAACGAATAGAATGCAAACCTTATCACGTGAAAGAGAGAACAATCATAAATGATTTAGTGCGAAGGTCCAGATTTGCGAAACACTGCGGAAGGCGAGAAAAGAATTCGAATATGAAGTAGGTAGAAGCAGAGGTAGGG
chrXI	231264	2640	ATAATTAATAGGGTAACGAATAGAATGCAAACCTTATCACGTGAAAGAGAGAACAATCATAAATGATTTAGTGCGTAGGTCCAGATTTGCGAAACACTGCGGAAGGCGAGAAAAGAATTCGAATATGAAGTAGGTAGAAGCAGAGGTAGGG
chrXI	231265	1410	TAATTAATAGGGTAACGAATAGAATGCAAACCTTATCACGTGAAAGAGAGAACAATCATAAATGATTTAGTGCGTAGGTCCAGATTTGCGAAACACTGCGGAAGGCGAGAAAAGAATTCGAATATGAAGTAGGTAGAAGCAGAGGTAGGGC
chrXI	231265	70	TAATTAATAGGGTAACGAATAGAATGCAAACCTTATCACGTGAAAGAGAGAACAATCATAAATGATTTAGTGCGTAGGTCCAGATTTGCGAAACACTGCGGAAGGCGAGAAAAGAATTCGAATATGAAGTAGGTAGAAGCAGAGGTAGGG
chrXI	231265	2640	TAATTAATAGGGTAACGAATAGAATGCAAACCTTATCACGTGAAAGAGAGAACAATCATAAATGATTTAGTGCGTAGGTCCAGATTTGCGAAACACTGCGGACGGCGAGAAAAGAATTCGAATATGAAGTAGGTAGAAGCAGAGGTAGGG
chrXI	231265	2640	TAATTAAGAGGGTAACGAATAGAATGCAAACCTTATCACGTGAAAGAGAGAACAATCATAAATGATTTAGTGCGTAGGTCCAGATTTGCGAAACACTGCGGAAGGCGAGAAAAGAATTCGAATATGAAGTAGGTAGAAGCAGAGGTAGGG
chrXI	231265	10150	TAATTAATAGGGTAACGAATAGAATGCAAACCTTATCACGTGAAAGAGAGAAGAATCATAAATGATTTAGTGCGTAGGTCCAGATTTGCGAAACACTGCGGAAGGCGAGAAAAGAATTCGAATATGAAGTAGGTAGAAGCAGAGGTAGGGC
chrXI	231265	70	TAATTAATAGGGTACCGAATAGAATGCAAACCTTATCACGTGAAAGAGAGAACAATCATAAATGATTTAGTGCGTAGGTCCAGATTTGCGAAACACTGCGGAAGGCGAGAAAAGACTTCGAATATGAAGTAGGTAGAAGCAGAGGTAGTG
chrXI	231265	7530	TAATTAATAGGGTAACGAATAGAATGCAAACCTTATCACGTGAAAGAGAGAACAATCATAAATGATTTAGTGCGTAGGTCCAGATTTGCGAAACACTGCGGAAGGCGAGAAAAGAATTCGAATATGAAGTAGGTAGAAGCAGAGGTAGGGC
chrXI	231265	1410	TAATTAATAGGGTAACGAATAGAATGCAAACCTTATCACGTGAAAGAGAGAACAATCATAAATGATTTAGTGCGTAGGTCCAGATTTGCGAAACACTGCGGAAGGCGAGAAAAGAATTCGAATATGAAGTAGGTAGAAGCAGAGGTAGGGC
chrXI	231266	70	AATTAATAGGGTAACGAATAGAATGCAAACCTTATCACGTGAAAGAGAGAACAATCATAAATGATTTAGTGCGTAGGTCCAGATTTGCGAAACACTGCGGAAGGCGAGACAAGAATTCGAATATGAAGTAGGTAGAAGCAGAGGTAGGGC
chrXI	231266	1410	AATTAATAGGGTAACGAATAGAATGCAAACCTTATCACGTGAAAGAGAGAACAATCATAAATGATTTAGTGCGTAGGTCCAGATTTGCGAAACACTGCGGAAGGCGAGAAAAGAATTCGAATATGAAGTAGGTAGAAGCAGAGGTAGGGC
chrXI	231266	1410	AATTAATAGGGTAACGAATAGAATGCAAACCTTATCACGTGAAAGAGAGAACAATCATAAATGATTTAGTGCGTAGGTCCAGATTTGCGAAACACTGCGGAAGGCGAGAAAAGAATTCGAATATGAAGTAGGTAGAAGCAGAGGTAGGGC
chrXI	231266	5150	AATTAATAGGGTAACGAATAGAATGCAAACCTTATCACGTGAAAGAGAGAACAATCATAAATGATTTAGTGCGTAGGTCCAGATTTGCGAAACACTGCGGAAGGCGAGAAAAGAATTCGAATATGAAGTAGGTAGAAGCAGAGGTAGGGCC
chrXI	231266	2640	AATTAATAGGGTAACGAATAGAATGCAAACCTTATCACGTGAAAGAGAGAACAATCATAAATGATTTAGTGCGTAGGTCCAGATTTGCGAAACACTGCGGAAGGCGAGAAAAGAATTCGAATATGAAGTAGGTAGAAGCAGAGGTAGGG
chrXI	231266	7530	AATTAATAGGGTAACGAATAGAATGCAAACCTTATCACGTGAAAGAGAGAAGAATCATAAATGATTTAGTGCGTAGGTCCAGATTTGCGAAACACTGCGGAAGGCGAGAAAAGAATTCGAATATGAAGTAGGTAGAAGCAGAGGTAGGGC
chrXI	231266	5150	AATTAATAGGGTAACGAATAGAATGCAAACCTTATCACGTGAAAGAGAGAACAATCATAAATGATTTAGTGCGTAGGTCCAGATTTGCGAAACACTGCGGAAGGCGAGAAAAGAATTCGAATATGAAGTAGGTAGAAGCAGAGGTAGGGCC
chrXI	231266	2640	AATTAATAGGGTAACGAATAGAATGCAAACCTTATCACGTGAAAGAGAGAACAATCATAAATGATTTAGTGCGTAGGTCCAGATTTGCGAAACACTGCGGAAGGCGAGAAAAGAATTCGAATATGAAGTAGGTAGAAGCAGAGGTAGGG
chrXI	231266	70	AATTAATAGGGTAACGAATAGAATGCAAACCTTATCACGTGAAAGAGAGAACAATCATAAATGATTTAGTGCGTAGGTCCAGATTTGCGAAACACTGCGGAAGGCGAGAAAAGAATTCGAATATGAAGTAGGTAGAAGCAGAGGTAGGGC
chrXI	231268	70	(GATTAC)TTAATAGGGTTACGAAGAGAAAGCAAACCTTATGTCGGGTAAGAGTGATCAATCATAAATGTGTTTGTGGGTAGGTCGAGTTTTGCGTAACACTGCTGAAGGCGAGAAAAGAATTCGACTATGAAGTAGGTAGAAGCAGAGGT
chrXI	231268	2640	TTAATAGGGTAACGAATAGAATGCAAACCTTATCACGTGAAAGAGAGAACAATCATAAATGATTTAGTGCGTAGGTCCAGATTTGCGAAACACTGCGGAAGGCGAGAAAAGAATTCGAATATGAAGTAGGTAGAAGCAGAGGTAGGGCCG
chrXI	231268	7530	TTAATAGGGTAACGAATAGAATGCAAACCTTATCACGTGAAAGAGAGAACAATCATAAATGATTTAGTGCGTAGGTCCAGATTTGCGATACACTGCGGAAGGAGAGAAAAGAATACGAATATGAAGTAGGTAGAACCAGAGGTAGGGCCG
chrXI	231269	5150	TAATAGGGTAACGAATAGAATGCAAACCTTATCACGTGAAAGAGAGAACAATCATAAATGATTTAGTGCGTAGGTCCAGA(TT)TTTGCGAAACACTGCGGAAGGCGAGAAAAGAATTCGAATATGAAGTAGGTAGAAGCAGAGGTAGGGCC
chrXI	231274	1410	GGGTAACGAATAGAATGCAAACCTTATCACGTGAAAGAGAGAACAATCATAAATGATTTAGTGCGTAGGTCCAGATTTGCGAAACACTGCGGAAGGCG
chrXI	231274	1410	GGGTAACGAATAGAATGCAAACCTTATCACGTGAAAGAGAGAACAATCATAAATGATTTAGTGCGTAGGTCCAGATTTGCGAAACACTGCGGAAGGCG
chrXI	231275	10150	GGTAACGAATAGAATGCAAACCTTATCACGTGAAAGAGAGAAGAATCATAAATGATTTAGTGCGTAGGTCCAGATTTGCGAAACACTGCGGAAG
chrXI	231275	10150	GGTAACGAATAGAATGCAAACCTTATCACGTGAAAGAGAGAAGAATCATAAATGATTTAGTGCGTAGGTCCAGATTTGCGAAACACTGCGGAAG
chrXI	231276	10150	GTAACGAATAGAATGCAAACCTTATCACGTGAAAGAGAGAAGAATCATAAATGATTTAGTGCGTAGGTCCAGATTTGCGAAACACTGCGGAAGGCGAGAAAAGAATTCGAATATGAAGTAGGTAGAAGCAGAGGTAGGGCCGCTATTTAA
chrXI	231278	2640	AACGAATAGAATGCAAACCTTATCACGTGAAAGAGAGAACAATCATAAATGATTTAGTGCGTAGGTCCAGATTTGCGAAACACTGCGGAAGGCGAGAAAAGAATTCGAATATGAAGTAGGTAGAAGCAGAGGTAGGGCCGCTATTTAAAGA
chrXI	231278	70	AACGAAAAGAATGCAAACCTTATCACGTGAAAGAGAGAACAATCATAAATGATTTAGTGCGTAGGTCCAGATTTGCGAAACACTGCGGAAGGCGAGAAAAGAATTCGAATATGAAGTAGGTAGAAGCAGAGGTAGGGCCGCTATTTAAAGA
chrXI	231278	2640	AACGAATAGAATGCAAACCTTATCACGTGAAAGAGAGAACAATCATAAATGATTTAGTGCGTAGGTCCAGATTTGCGAAACACTGCGGAAGGCGAGAAAAGAATTCGAATATGAAGTAGGTAGAAGCAGAGGTAGGGCCGCTATTTAAAGA
chrXI	231278	1410	AACGAATAGAATGCAAACCTTATCACGTGAAAGAGAGAACAATCATAAATGATTTAGTGCGTAGGTCCAGATTTGCGAAACACTGCGGAAGGCGAGAAAAGAATTCGAATATGAAGTAGGTAGAAGCAGAGGTAGGGCCGCTATTTAA
chrXI	231278	7530	ACCGAATAGAATGCAAACCTTATCACGTGAAAGAGAGAACAATCATAAATGATTTAGTGCGTAGGTCCAGATTTGCGAAACACTGCGGAAGGCGAGAAAAGAATTCGAAGATGAAGTAGGTAGAAGCAGAGGTAGGGCCGCTATTTAAAGA
chrXI	231278	10150	AACGAATAGAATGCAAACCTTATCACGTGAAAGAGAGAAGAATCATAAATGATTTAGTGCGTAGGTCCAGATTTGCGAAACACTGCGGAAGGCGAGAAAAGAATTCGAATATGAAGTAGGTAGAAGCAGAGGTAGGGCCGCTATTTAAAGA
chrXI	231278	70	AACGAATAGAATGCAAACCTTATCACGTGAAAGAGAGAACAATCATAAATGATTTAGTGCGTAGGTCCAGATTTGCGAAACACTGCGGAAGGCGAGAAAAGAATTCGAATATGAAGTAGGTAGAAGCAGAGGTAGGGCCGCTATTTAAAGA
chrXI	231278	5150	AACGAATAGAATGCAAACCTTATCACGTGAAAGAGAGAACAATCATAAATGATTTAGTGCGTAGGTCCAGATTTGCGAAACACTGCGGAAGGCGAGAAAAGAATTCGAATATGAAGTAGGTAGAAGCAGAGGTAGGGCCGCTATTTAA
chrXI	231278	5150	AACGAATAGAATGCAAACCTTATCACGTGAAAGAGAGAACAATCATAAATGATTTAGTGCGTAGGTCCAGATTTGCGAAACACTGCGGAAGGCGAGAAAAGAATTCGAATATGAAGTAGGTAGAAGCAGAGGTAGGGCCGCTATTTAA
chrXI	231278	2640	AACGAATAGAATGCAAACCTTATCACGTGAAAGAGAGAACAATCATAAATGATTTAGTGCGTAGGTCCAGATTTGCGAAACACCGCGGAAGGCGAGAAAAGAATTCGAATATGAAGTAGGTAGAAGCAGAGGTAGGGCCGCTATTTAAAGA
chrXI	231278	1410	AACGAATAGAATGCAAACCTTATCACGTGAAAGAGAGAACAATCATAAATGATTTAGTGCGTAGGTCCAGATTTGCGAAACACTGCGGAAGGCGAGAAAAGAATTCGAATATGAAGTAGGTAGAAGCAGAGGTAGGGCCGCTATTTAA
chrXI	231278	1410	AACGAATAGAATGCAAACCTTATCACGTGAAAGAGAGAACAATCATAAATGATTTAGTGCGTAGGTCCAGATTTGCGAAACACTGCGGAAGGCGAGAAAAGAATTCGAATATGAAGTAGGTAGAAGCAGAGGTAGGGCCGCTATTTAAAGA
chrXI	231278	1410	AACGAATAGAATGCAAACCTTATCACGTGAAAGAGAGAACAATCATAAATGATTTAGTGCGTAGGTCCAGATTTGCGAAACACTGCGGAAGGCGAGAAAAGAATTCGAATATGAAGTAGGTAGAAGCAGAGGTAGGGCCGCTATTTAAAGA
chrXI	231278	70	AACGAATAGAATGCAAACCTTATCACTTGAAAGAGAGAACAATCAAAAATGATTTAGTGCGTAGGTCCAGATTTGCGAAACACTTCGGAAGGCGAGAAAAGAATTCGAATATGAAGTAGGTAGAAGCAGAGGTAGGGCCGCTATTTAAAGA
chrXI	231279	2640	ACGAATAGAATGCAAACCTTATCACGTTAAAGAGAGAACAATCATAAATGATTTAGTGCGTAGGTACAGATTTGCGAAACACTGCTGAAGGCGAGAAAAGAATTCGAATATGAAGTAGGTAGAATCATAGGTAGGGCAGCTCTTTAAAGAT
chrXI	231279	1410	ACGAATAGAATGCAAACCTTATCACGTGAAAGAGAGAACAATCATAAATGATTTAGTGCGTAGGTCCAGATTTGCGAAACACTGCGGAAGGCGAGAAAAGAATTCGAATATGAAGTAGGTAGAAGCAGAGGTAGGGCCGCTATTTAAAGAT
chrXI	231283	5150	ATAGAATGCAAACCTTATCACGTGAAAGAGAGAACAATCATAAATGATTTAGTGCGTAGGTCCAGATTTGCGAAACACTGCGGAAGGCGAGAAAAGAATTCGAATATGAAGTAGGTAGAAGCAGAGGTAGGGCCGCTATTTAAAGATATAC
chrXI	231283	7530	(ACGT)ATAGAAGGCAAAGCTTATCACGTGATAGAGAGAAGAATCATATATGTTTTTGTGGGAAGGTCCAGTTTTGCGAAACACTCCGGATGGCGAGATATGAATTCGAATATGTCGTAGGTTGATGCAGTGGTAGGGCCGATATTTAAAGAT
chrXI	231283	70	ATAGAATGCAAACCTTATCACGTGAAAGAGAGAACAATCATAAATGATTTAGTGCGTAGGTCCAGATTTGCGAAACACTGCGGAAGGCGAGAAAAGAATTCGAATATGAAGTAGGTAGAAGCAGAGGTAGGGCCGCTATTTAAAGATATAC
chrXI	231283	70	ATAGAATGCAAACCTTATCACGTGAAAGAGAGAACAATCATAAATGATTTAGTGCGTAGGTCCAGATTTGCGAAACACTGCGGAAGGCGACACAAGAATTCGAATAGGAAGTAGGTAGAAGCAGAGGTAGGGCCGCTATTTAAAGATCTA
chrXI	231284	70	TAGAATGCAAACCTTATCACGTGAAAGAGAGAACACTCATAAATGATTTAGTGCGTAGGTCCAGCTTTGCGAAACACTGCGGAAGGCGAGAAAAGAATTCGAATATGAAGTAGGTAGAAGCAGAGGTAGGGCCGCTATTTAAAGATATACT
chrXI	231286	1410	GAATGCAAACCTTATCACGTGAAAGAGAGAACAATCATAAATGATTTAGTGCGTAGGTCCAGATTTGCGAAACCCTGCGGAAGGCGAGAAAAGAATTCGAATATGAAGTAGGTAGAAGCAGAGGTAGGGCCGCTATTTAAAGATATACTTT
chrXI	231287	7530	ACTGCACACCTTATCACGTGAAAGAGAGAACAATCATAAATGATTTAGTGCGTAGGTCCAGATTTGCGAAACACTGCGGAAGGCGAGAAAAGAATTCGAATATGAAGTAGGTAGAAGCAGAGGTAGGGCCGCTATTTAAAGATATACTT
chrXI	231288	10150	ATGCAAACCTTATCACGTGAAAGAGAGAAGAATCATAAATGATTTAGTGCGTAGGTCCAGATTTGCGAAACACTGCGGAAGGCGAGAAAAGAATTCGAATATGAAGTAGGTAGAAGCAGAGGTAGGGCCGCTATTTAAAGATATACTTTTT
chrXI	231288	2640	ATGCAAACCTTATCACGTGAAAGAGAGAACAATCATAAATGATTTAGTGCGTAGGTCCAGATTTGCGAAACACTGCGGAAGGCGAGAAAAGAATTCGAATATGAAGTAGGTAGAAGCAGAGGTAGGGCCGCTATTTAAAGATATACTTTTT
chrXI	231288	2640	ATGCAAACCTTATCACGTGAAAGAGAGAACAATCATAAATGATTTAGTGCGTAGGTCCAGATTTGCGAAACACTGCGGAAGGCGAGAACAGAATTCGAATATGAAGTAGGTAGAAGCAGAGGTAGGGCCGCTATTTAAAGATATACTTTTT
chrXI	231288	2640	ATGCAAACCTTATCACGTGAAAGAGAGAACAATCATAAATGATTTAGTGCGTAGGTCCAGATTTGCGAAACACTGCGGAAGGCGAGAAAAGAATTCGAATATGAAGTAGGTAGAAGCAGAGGTAGGGCCGCTATTTAAAGATATACTTTTT
chrXI	231289	2640	TGCAAACCTTATCACGTGAAAGAGAGAACAATCATAAATGATTTAGTGCGTAGGTCCAGATTTGCGAAACACTGCGGAAGGCGAGAAAAGAATTCGAATATGAAGTAGGTAGAAGCAGAGGTAGGGCCGCTATTTAAAGATCTACTT(CTGT)
chrXI	231289	2640	TGCAAACCTTATCACGTGAAAGAGAGAACAATCATAAATGATTTAGTGCGTAGGTCCAGATTTGCGAAACACTGCGGAAGGCGAGAAAAGAATTCGAATATGAAGTAGGTAGAAGCAGAGGTAGGGCCGCTATTTAAAGATATACTTTTTC
chrXI	231289	70	TGCAAACCTTATCACGTGAAATAGAGAACAATCATAAATGATTTAGTGCGTAGGTCCAGATTTGCGAAACACTGCGGAAGGCGAGAAAAGAATTCGAATATTAAGTAGGTAGAAGCAGAGGTAGGGCCGCTATTTAAAGATATACTTTTTC
chrXI	231290	1410	GCAAACCTTATCACGTGAAAGAGAGAACAATCATAAATGATTTAGTGCGTAGGTCCAGATTTGCGAAACACTGCGGAAGGCGAGAAAAGAATTCGAATATGAAGTAGGTAGAAGCAGAGGTAGGGCCGCTATTTAAAGATATACTTTTTC
chrXI	231290	1410	GCAAACCTTATCACGTGAAAGAGAGAACAATCATAAATGATTTAGTGCGTAGGTCCAGATTTGCGAAACACTGCGGAAGGCGAGAAAAGAATTCGAATATGAAGTAGGTAGAAGCAGAGGTAGGGCCGCTATTTAAAGATATACTTTTTC
chrXI	231291	1410	CAAACCTTATCACGTGAAAGAGAGAACAATCATAAATGATTTAGTGCGTAGGTCCAGATTTGCGAAACACTGCGGAAGGCGAGAAAAGAATTCGAATATGAAGTAGGTAGAAGCAGAGGTAGGGCCGCTATTTAAAGATATACTTTTTCTG
chrXI	231294	2640	ACCTTATCACGTGAAAGAGAGAACAATCATAAATGATTTAGTGCGTAGGTCCAGATTTGCGAAACACTGCGGAAGGCGAGAAAAGAATTCGAATATGAAGTAGGTAGAAGCAGAGGTAGGGCCGCTATTTAAAGATATACTTTTTCTGTA
chrXI	231294	2640	ACCTTATCACGTGAAAGAGAGAACAATCATAAATGATTTAGTGCGTAGGTCCAGATTTGCGAAACACTGCGGAAGGCGAGAAAAGAATTCGAATATGAAGTAGGTAGAAGCAGAGGTAGGGCCGCTATTTAAAGATATACTTTTTCTGTAC
chrXI	231294	2640	ACCTTATCACGTGAAAGAGAGAACAATCATAAATGATTTAGTGCGTAGGTCCAGATTTGCGAAACACTGCGGAAGGCGAGAAAAGAATTCGAATATGAAGTAGGTAGAAGCAGAGGTAGGGCCGCTATTTAAAGATATACTTTTTCTGTAC
chrXI	231295	5150	CCTTATCACGTGAAAGAGAGAACAATCATAAATGATTTAGTGCGTAGGTCCAGATTTGCGAAACACTGCGGAAGGCGAGAAAAGAATTCGAATATGAAGTAGGTAGAAGCAGAGGTAGGGCCGCTATTTAAAGATATACTTTTTCTGTACG
chrXI	231295	70	CCTTATCACGTGAAAGAGTGAACAATCATAAATGATTTAGTGCGTAGGTCCAGATTTGCGATACACTGCGGAAGGCGTGAAAAGTATTCGAATATGAAGTAGGTAGAAGCAGAGGTAGGGCCGCTATTTAAAGATATACTTTTTCTGTACG
chrXI	231295	7530	CCTTATCACGTGAAAGAGAGAATAATCATAAATGATTTAGTGCGTAGGTCCAGATTTGCGAAACACTGCGGAAGGCGAGAAAAGAATTCGAATATGAAGTAGGTAGAAGCAGAGGTAGGGCCGCTATTTAAAGATATACTTTTTCTGTACG
chrXI	231295	70	CCTTATCACGTGAAAGAGAGAACAATCATAAATGATTTAGTGCGTAGGTCCAGATTTGCGAAACACTGCGGAAGGCGAGAAAAGAATTCGAATATGAAGTAGGTAGAAGCAGAGGTAGGGCCGCTATTTAAAGATATACTTTTTCTGTACG
chrXI	231296	2640	CTTATCACGTGAAAGAGAGAACAATCATAAATGATTTAGTGCGTAGGTCCAGATTTGCGAAACACTGCGGAAGGCGAGAAAAGAATTCGAATATGAAGTAGGTAGAAGCAGAGGTAGGGCCGCTATTTAAAGATATAC
chrXI	231296	2640	CTTATCACGTGAAAGAGAGAACAATCATAAATGATTTAGTGCGTAGGTCCAGATTTGCGAAACACTGCGGAAGGCGAGAAAAGAATTCGAATATGAAGTAGGTAGAAGCAGAGGTAGGGCCGCTATTTAAAGATATAC
chrXI	231297	7530	(CTCATGCTGAAAAAAATAGTTCTATATTCTTCGGTAACGATTTGTATCCATTCA)TTATCTCGTGAAAGTGAGAACTATCATTAATGATTTTGTTCGTAGGTCCAGATTTGCGATACACTGCGGAAGGCTAGAAA(TGTATTCGATTATGTAC)
chrXI	231300	5150	TCACGTGAAAGAGAGAACAATCATAAATGATTTAGTGCGTAGGTCCAGATTTGCGAAACACTGCGGAAGGCGAGAAAAGAATTCGAATATGAAGTAGGTAGAAGCAGAGGTAGGGCCGCTATTTAAAGATATACTTTTTCTGTACGGGCCG
chrXI	231303	70	CGTGAAAGAGAGAACAATCATAAATGATTTAGTGCGTAGGTCCAGATTTGCGAAACACTGCGGAAGGCGAGAAAAGAATTCGAATATGAAGTAGGTAGAAGCAGAGGTAGGGCCGCTATTTAAAGATATACTTTTTCTGTACGGGCCGGTG
chrXI	231303	5150	CGTGAAAGAGAGAACAATCATAAATGATTTAGTGCGTAGGTCCAGATTTGCGAAACACTGCGGAAGGCGAGAAAAGAATTCGAATATGAAGTAGGTAGAAGCAGAGGTAGGGCCGCTATTTAAAGATATACTTTTTCTGTACGGGCCGGTG
chrXI	231303	70	CGTGAAAGAGAGAACAATCATAAATGATTTAGTGCGTAGGTCCAGAATTGCGACACACTGCTGAAGGCGAGACAAGAATTCGAAGATGAAGAAGGTCGAAGCCGAGGAAGAGACGCGATTTAAAGAAATACTGTATCTGTACGGGCCGGTG
chrXI	231303	5150	CGTGAAAGAGAGAACAATCATAAATGATTTAGTGCGTAGGTCCAGATTTGCGAAACACTGCGGAAGGCGAGAAAAGAATTCGAATATGAAGTAGGTAGAAGC
chrXI	231303	5150	CGTGAAAGAGAGAACAATCATAAATGATTTAGTGCGTAGGTCCAGATTTGCGAAACACTGCGGAAGGCGAGAAAAGAATTCGAATATGAAGTAGGTAGAAGC
chrXI	231303	7530	CGTGAAAGAGAGAACAATCATAAATGATTTAGTGCGTAGGTCCAGAGTTGCGAAACACTGCGGAAGGCGAGAAAAGAATTCGAATATGAAGTAGGTAGAAGCAGAGGTAGGGCCGCTATTTAAAGATATACTTTTTCTGTACGGGCCGGTG
chrXI	231304	2640	GTGAAAGAGAGAACAATCATAAATGATTTAGTGCGTAGGTCCAGATTTGCGAAACACTGCGGAAGGCGAGAAAAGAATTCGAATATGAAGTAGGTAGAAGCAGAGGTAGGGCCGCTATTTAAAGATATACTTTTTCTGTACGGGCCGGTGA
chrXI	231304	7530	GTGAAAGAGAGAAGAATCATAAATGATTTAGTGCGTAGGTCCAGATTTGCGAAACACTGCGGAAGGCGAGAAAAGAATTCGAATATGAAGTAGGTAGAAGCAGAGGTAGGGCCGCTATTTAAAGATATACTTTTTCTGTACGGGCCGGTGA
chrXI	231304	1410	GTGAAAGAGAGAACAATCATAAATGATTTAGTGCGTAGGTCCAGATTTGCGAAACACTGCGGAAGGCGAGAAAAGAATTCGAATATGAAGTAGGTAGAAGCAGAGGTAGGGCCGCTATTTAAAGATATACTTTTTCTGTACGGGCCGGTG
chrXI	231304	70	GTGAAAGAGAGAACAATCATAAATGATTTAGTGCGTAGGTCCAGATTTGCGAAACACTGCGGAAGGCGAGAAAAGAATTCGAATATGAAGGAGGTAGAAGCAGAGGTAGGGCCGCTATTTAAAGATATACTTTTTCTGTACGGGCCGGTGA
chrXI	231305	70	TGACAGAGAGAACATTCATAAATGATTTAGTGCGGAGGTCCCGATGTGCGACACTCGGCGGACGGCGAGAAAAGAATTCGACTAGGAAGTAGGTAGCAGCAGAGGTAGGGCCGCTATTGACAGATATACTTTTTCTGTACGGGCCGGTGA
chrXI	231305	70	TGAAAGAGAGAACAATCATAAATGATTTAGTGCGTAGGTCCAGATTTGCGAAACACTGCGGAAGGCGAGAAAAGAATTCGAATATGAAGTAGGTAGAAGCAGAGGTAGGGCCGCTATTTAAAGATATACTTTTTCTGTACGGGCCGGTGAC
chrXI	231305	2640	TGAAAGAGAGAACAATCATAAATGATTTAGTGCGTAGGTCCAGATTTGCGAAACACTGCGGAAGGCGAGAAAAGAATTCGAATATGAAGTAGGTAGAAGCAGAGGTAGGGCCGCTATTTAAAGATATACTTTTTCTGTACGGGCCGGTGA
chrXI	231306	1410	GAAAGAGAGAACAATCATAAATGATTTAGTGCGTAGGTCCAGATTTGCGAAACACTGCGGAAGGCGAGAAAAGAATTCGAATATGAAGTAGGTAGAAGCAGAGGTAGGGCCGCTATTTAAAGATATACTTTTTCTGTACGGGCCGGTGAC
chrXI	231306	1410	GAAAGAGAGAACAATCATAAATGATTTAGTGCGTAGGTCCAGATTTGCGAAACACTGCGGAAGGCGAGAAAAGAATTCGAATATGAAGTAGGTAGAAGCAGAGGTAGGGCCGCTATTTAAAGATATACTTTTTCTGTACGGGCCGGTGAC
chrXI	231307	70	AAAGAGAGTACAATCATAAATGATTTTGAGCGAAGGTCAATATTTGCTAAACACTGCGGAAGGAGTGAAAAGAAT(ACGACTATGTAGTTGGTTTAAGCAGATGTAGATCAGCTATTTCAAGAAATACTTGTTATGTACGGGACGCTGACTT)
chrXI	231307	2640	AAAGAGAGAACAATCATAAATGATTTAGTGCGTAGGTCCAGATTTGCGAAACACTGCGGAAGGCGAGAAAAGAATTCGAATATGAAGTAGGTAGAAGCAGAGGTAGGGCCGCTATTTAAAGATATACTTTTTCTGTACGGGCCGGTGACTT
chrXI	231309	7530	AGAGAGAACAATCATAAATGATTTAGTGCGTAGGTCCAGATTTGCGAAACACTGCGGAAGGCGAGAAAAGAATTCGAATCTGAAGTAGGTAGAAGCAGAGGTAGGGCCGCTATTTAAAGATATACTTTTTCTGTACGGGCCGGTGTCTTCG
chrXI	231311	10150	AGAGAAGAATCATAAATGATTTAGTGCGTAGGTCCAGATTTGCGAAACACTGCGGAAGGCGAGAAAAGAATTCGAATATGAAGTAGGTAGAAGCAGAGGTAGGGCCGCTATTTAAAGATATACTTTTTCTGTACGGGCCGGTGACTTCGCA
chrXI	231314	2640	GAACAATCATAAATGATTTAGTGCGTAGGTCCAGATTTGCGAAACACTGCGGAAGGCGAGAAAAGAATTCGAATATGAAGTAGGTAGAAGCAGAGGTAGGGCCGCTATTTAAAGATATACTTTTTCTGTACGGGCCGGTGACTTCGCAGTA
chrXI	231314	1410	GAACAATCATAAATGATTTAGTGCGTAGGTCCAGATTTGCGAAACACTGCGGAAGGCGAGAAAAGAATTCGAATATGAAGTAGGTAGAAGCAGAGGTAGGGCCGCTATTTAAAGATATACTTTTTCTGTACGGGCCGGTGACTTCGCAGT
chrXI	231315	2640	AACAATCATAAATGATTTAGTGCGTAGGTCCAGATTTGCGAAACACTGCGGAAGGCGAGAAAAGAATTCGAATATGAAGTAGGTAGAAGCAGAGGTAGGGCCGCTATTTAAAGATATACTTTTTCTGTACGGGCCGGTGACTTCGCAGTAG
chrXI	231315	2640	AACAATCATAAATGATTTAGTGCGTAGGTCCAGATTTGCGAAACACTGCGGAAGGCGAGAAAAGAATTCGAATATGAAGTAGGTAGAAGCAGAGGTAGGGCCGCTATTTAAAGATATACTTTCTCTGTACGGGCCGGTGACTTCGCAGTAG
chrXI	231315	70	AACAATCATAAATGATTTAGTGCGTAGGTCCAGATTTGCGAAACACTGCGGAAGGCGAGAAAAGAATTCGAATATGAAGTAGGTAGAAGCAGAGGTAGGGCCGCTATTTAAAGATATACTTTTTCTGTACGGGCCGGTGACTTCGCAGTAG
chrXI	231315	2640	AACAATCATAAATGATTTAGTGCGTAGGTCCAGATTTGCGAAACACTGCGGAAGGCGAGAAAAGAATTCGAATATGAAGTAGGTAGAAGCAGAGGTAGGGCCGCTATTTAAAGATATACTTTTTCTGTACGGGCCGGTGACTTCGCAGTAG
chrXI	231315	2640	AACAATCATAAATGATTTAGTGCGTAGGTCCAGATTTGCGAAACACTGCGGAAGGCGAGAAAAGAATTCGAATATGAAGTAGGTAGAAGCAGAGGTAGGGCCGCTATTTAAAGATATACTTTTTCTGTACGGGCCGGTGACTTCGCAGT
chrXI	231316	70	ACAATCATAAATGATTTAGTGCGTAGGTCCAGATTTGCGAAACACTGCGGAAGGCGAGAAAAGAATTCGAATATGAAGTAGGTAGAAGCAGAGGTAGGGCCGCTATTTAAAGATATACTTTTTCTGTACGGGCCGGTGACTTCGCAGTAGT
chrXI	231317	2640	CAATCATAAATGATTTAGTGCGTAGGTCCAGATTTGCGAAACACTGCGGAAGGCGAGAAAAGAATTCGAATATGAAGTAGGTAGAAGCAGAGGTAGGGCCGCTATTTAAAGATATACTTTTTCTGTACGGGCCGGTGACTTCGCAGTAGTG
chrXI	245788	2640	ATTGCTTATTTGGCCCTGATAACTATATAAGAAAAGAAATACAGTTATTCCTTGTTTATGCTGGCTTTTTGTCCACTTTTTCTCAACTATATAACTATGATGTTGGAAAGGACACCGGTTCTGTAACTTTGCAGTGAAAATAAGTGTGATG
chrXI	245789	7530	TTGATTATTTGGCCCTGATAACTATATAATAAAAGAAATAGAGTTATTCCTTGTTTATGATTGCTTTTTGTCCACTTTTTCTCAACTATATAACTATGATGTTTGAAAGGACACCGGTTATGTAACTTTGCAGTGAAAATAAGTGTGATGG
chrXI	245790	5150	TGCTTATTTGGACCTGATAACTATATAAGAAAAGAAATACAGTTATTCCTTGTTTATGCTGGCTTTTTGTCCACTTTTTCTCAACTATATAACTATGATGTTGGAAAGGACACCGGTTCTGTAACTTTGCAGTGAAAATAAGTGTGATGG
chrXI	245790	7530	TGCTTATTTGGCCCTGATAACTATATAAGAAAAGAAATACAGTTATTCCTTGTTTATGCTGGCTTTTTGTCCACTTTTTCTCAACTATATAACTATGATGTTGGAAAGGACACCGGTTCTGTAACTTTGCAGTGAAAATAAGTGTGATGGA
chrXI	245792	70	CTTATTTGGCCCTGATAACTATATAAGAAAAGAAATACAGTTATTCCTTGTTTATGCTGGCTTTTTGTCCACTTTTTCTCAACTATATAACTATGATGTTGGAAAGGACACCGGTTCTGTAACTTTGCAGTGAAAATAAGTGTGATGGATG
chrXI	245792	2640	CTTATTTGGCCCTGATAACTATATAAGAAAAGAAATACAGTTATTCCTTGTTTATGCTGGCTTTTTGTCCACTTTTTCTCAACTATATAACTATGATGTTGGAAAGGACACCGGTTCTGTAACTTTGCAGTGAAAATAAGTGTGATGGAT
chrXI	245792	2640	CTTATTTGGCCCTGATAACTATATAAGAAAAGAAATACAGTTATTCCTTGATTATGCTGGCTTTTTGTCCACTTTTTCTCAACTATATAACTATGATGTTGGAAAGGACACCGGTTCTGTAACTTTGCAGTGAAAATAAGTGTGATGGAT
chrXI	245794	70	TATTTGGCCCTGATAACTATATAAGAAAAGAAATACAGTTATTCCTTGTTTATGCTGGCTTTTTGTCCACTTTTTCTCAACTCTATAACTATGATGTTGGAAAGGACACCGGTTTTGTAACTTTGCAGTGAAAATAAGTGTGATGGATGA
chrXI	245794	2640	TATTTGGCCCTGATAACTATATAAGAAAAGAAATACAGTTATTCCTTGTTTATGCTGGCTTTTTGTCCACTTTTTCTCAACTATATAACTATGATGTTGGAAAGGACACCGGTTCTGTAACTTTGCAGTGAAAATAAGTGTGATGGATGAC
chrXI	245794	70	TATTTGGCCCTGATAACTATATAAGAAAAGAACTACAGTTATTCCTTGTTTATGCTGGCTTTTTGTCCACTTTTTCTCAACTATATAACTATGATGTTGGAAAGGACACCGGTTCTGTAACTTTGCAGTGAAAATAAGTGTGATGGATGAC
chrXI	245795	5150	ATTTGGCCCTGATAACTATATAAGAAAAGAAATACAGTTATTCCTTGTTTATGCTGGCTTTTTGTCCACTTTTTCTCAACTATATAACTATGATGTTGGAAAGGACACCGGTTCTGTAACTTTGCAGTGAAAATAAGTGTGATGGATGACT
chrXI	245795	70	ATTTGGCCCTGATAACTATATAAGAAAAGAAATACAGTTATTCCTTGTTTATGCTGGCTTTTTGTCCACTTTTTCTCAACTATATAACTATGATGTTGGAAAGGACACCGGTTCTGTAACTTTGCAGTGAAAATAAGTGTGATGGATGA
chrXI	245795	1410	ATTTGGCCCTGATAACTATATAAGAAAAGAAATACAGTTATTCCTTGTTTATGCTGGCTTTTTGTCCACTTTTTCTCAACTATATAACTATGATGTTGGAAAGGACACCGGTTCTGTAACTTTGCAGTGAAAATAAGTGTGATGGATGACT
chrXI	245795	10150	ATTTGGCCCTGATAACTATATAAGAAAAGAAATACAGTTATTCCTTGTTTATGCTGGCTTTTTGTCCACTTTTTCTCAACTATATAACTATGATGTTGGAAAGGACACCGGTTCTGTAACTTTGCAGTGAAAATAAGTGTGATGGATGAC
chrXI	245796	7530	TTTGGCCCTGATAACTATCTAAGAAAAGAAATACAGTTATTCCTTGTTTATGCTGGCTTTTTGTCCACTTTTTCTCAACTATATAACTATGATGTTGGAAAGGACACCGGTTCTGTAACTTTGCAGTGAAAATAAGTGTGATGGATGACTG
chrXI	245796	7530	TTTGGCCCTGATAACTATATAAGAAAAGAAATACAGTTATTCCTTGTTTATGCTGGCTTTTTGTCCACTTTTTCTCAACTATATAACTATGATGTTGGAAAGGACACCGGTTCTGTAACTTTGCAGTGAAAATAAGTGTGATGGATGACTG
chrXI	245796	7530	TTTGGCCCTGATAACTATATCAGAAAAGAAATACAGTTATTCCTTGTTTATGCTGGCTTTTTGTCCAATTTTTCTCAACTATATAACTATGATGTTGGAAAGGACTCCGGTTCTGTAACTTTGCAGTGAAAATAAGTGTGATGGATGACTG
chrXI	245798	70	TGGCCCTGATAACTATATAAGAAAAGAAATACAGTTATTCCGTGTTTATGCTGGCTGTTTGTCCACTTTTTCTCAACTATATAACTATGATGTTGGAAAGGACACCGGTTCTGTAACTTTGCAGTTAAAATAAGTGTGATGGATGACTGAG
chrXI	245798	7530	TGGCCCTGATAACTATATAAGAAAAGAAATACAGTTATTCCTTGTTTATGCTGGCTTTTTGTCCACTTTTTCTCAACTATATAACTATGATGTTGGAAAGGACACCGGTTCTGTAACTTTGCAGTGAAAATAAGTGTGATGGATGACTGAG
chrXI	245799	10150	GGCCCTGATAACTATATAAGAAAAGAAATACAGTTATTCCTTGTTTATGCTGGCTTTTTGTCCACTTTTTCTCAACTATATAACTATGATGTTGGAAAGGACACCGGTTCTGTAACTTTGCAGTGAAAATAAGTGTGATGGATGACTGAG
chrXI	245800	70	GCCCTGATAACTATATAAGAAAAGAAATACAGTTATTCCTTGTTTATGCTGGCTTTTTGTCCACTTTTTCTCAACTATATAACTATGATGTTGGAAAGGACACCGGTTCTGTAACTTTGCAGTGAAAATAAGTGTGATGGATGACTGAGAA
chrXI	245802	70	CCTGATAACTATATAAGAAAAGAAATACAGTTATTCCTTGTTTATGCTGGCTTTTTGTCCACTTTTTCTCAACTATATAACTATGATGTTGGAAAGGACACCGGTTCTGTAACTTTGCAGTGAAAATAAGGGTGATGGATGACTGAGAATG
chrXI	245802	5150	CCTGATAACTATATAAGAAAAGAAATACAGTTATTCCTTGTTTATGCTGGCTTTTTGTCCACTTTTTCTCAACTATATAACTATGATGTTGGAAAGGACACCGGTTCTGTAACTTTGCAGTGAAAATAAGTGTGATGGATGACTGAGAATG
chrXI	245802	2640	CCTGATAACTATATAAGAAAAGAAATACAGTTATTCCTTGTTTATGCTGGCTTTTTGTCCACTTTTTCTCAACTATATAACTATGATGTTGGAAAGGACACCGGTTCTGTAACTTTGCAGTGAAAATAAGTGTGATGGATGACTGAGAATG
chrXI	245802	2640	CCTGATAACTATATAAGAAAAGAAATACAGTTATTCCTTGTTTATGCTGGCTTTTTGTCCACTTTTTCTCAACTATATAACTATGATGTTGGAAAGGACACCGGTTCTGTAACTTTGCAGTGAAAATAAGTGTGATGGATGACTGAGAATG
chrXI	245803	1410	CTGATAACTATATAAGAAAAGAAATACAGTTATTCCTTGTTTATGCTGGCTTTTTGTCCACTTTTTCTCAACTATATAACTATGATGTTGGAAAGGACACCGGTTCTGTAACTTTGCAGTGAAAATAAGTGTGATGGATGACTGAGAATGC
chrXI	245803	70	CTGATAACTATATAAGAAAAGAAATACAGTTATTCCTTGTTTATGCTGGCTTTTTGTCCACTTTTTCTCAACTATATAACTATGATGTTGGAAAGGACACCGGTTCTGTAACTTTGCAGTGAAAATAAGTGTGATGGATGACTGAGAATG
chrXI	245804	70	TGATAACTATATAAGAAAAGAAATACCGTTATTCCTTGTTTATGCTGGCTTTTTGTCCACTTTTTCTCAACTAGATAACTATGATGTTGGAAAGGACACCGGTTCTGTAACTTTGCAGTGAAAATAAGTGTGATGGATGACTGAGAATGCT
chrXI	245804	7530	TGATAACTATATAAGAAAAGAAATACAGTTATTCCTTGTTTATGCTGGCTTTTTGTCCACTTTTTCTCAACTATATAACTATGATGTTGGAAAGGACACCGGTTCTGTAACTTTGCAGTGAAAATAAGTGTGATGGATGACTGAGAATGCT
chrXI	245805	7530	GATAACTATATAAGAAAAGAAATACAGTTATTCCTTGTTTATGCTGGCTTTTTGTCCACTTTTTCTCAACTATATAACTATGATGTTGGAAAGGACACCGGTTCTGTAACTTTGCAGTGAAAATAAGTGTGATGGATGACTGCGAATGCTT
chrXI	245805	70	GATAACTATATAAGAAAAGAAATACAGTTATTCCTTGTTTATGCTGGCTTTTTGTCCACTTTTTCTCAACTATATAACTATGATGTTGGAAAGGACACCGGTTCTGTAACTTTGCAGTGAAAATAAGTGTGATGGATGACTGAGAATGCTT
chrXI	245805	5150	GATAACTATATAAGAAAAGAAATACAGTTATTCCTTGTTTATGCTGGCTTTTTGTCCACTTTTTCTCAACTATATAACTATGATGTTGGAAAGGACACCGGTTCTGTAACTTTGCAGTGAAAATAAGTGTGATGGATGACTGAGAATGCTT
chrXI	245805	1410	GATAACTATATAAGAAAAGAAATACAGTTATTCCTTGTTTATGCTGGCTTTTTGTCCACTTTTTCTCAACTATATAACTATGATGTTGGAAAGGACACCGGTTCTGTAACTTTGCAGTGAAAATAAGTGTGATGGATGACTGAGAATGCT
chrXI	245805	2640	GATAACTATATAAGAAAAGAAATACAGTTATTCCTTGTTTATGCTGGCTTTTTGTCCACTTTTTCTCAACTATATAACTATGATGTTGGAAAGGACACCGGTTCTGTAACTTTGCAGTGCAAATAAGTGTGATGGATGACTGAGAATGCTT
chrXI	245805	7530	GATAACTATATAAGAAAAGAAATACAGTTATTCCTTGTTTATGCTGGCTTTTTGTCCACTTTTTCTCAACTATATAACTATGATGTTGGAAAGGACACCGGTTCTGTAACTTTGCAGTGAAAATAAGTGTGATGGATGACTGAGAATGCTT
chrXI	245806	7530	ATAACTATATAAGAAAAGAAATACAGTTATTCCTTGTTTATGCTGGCTTTTTGTCCACTTTTTCTCAACTATATAACTATGATGTTGGAAAGGACACCGGTTCTGTAACTTTGCAGTGAAAATAAGTGTGATGGATGACTGAGAATGCTTT
chrXI	245807	7530	TAACTATATAAGAAAAGAAATACAGTTATTCCTTGTTTATGCTGGCTTTTTGTCCACTTTTTCTCAACTATATAACTCTGATGTTGGAAAGGACACCGGTTCTGTAACTTTGCAGTGAAAATAAGTGTGATGGATGACTGAGAATGCTTT
chrXI	245807	70	TAACTATATAAGAAAAGAAATTCAGTTATTCCTTGTTGATGCTGGCTTTTTGTCCACTTTTTCTCAACTATATAACTATGATGTTGGAAAGGACACCGGTTCTGTAACTTTGCAGTGAAAATAAGTGTGATGGATGACTGAGAATGCTTTC
chrXI	245807	70	TAACTATATTAGAAAAGAAATACCGTTATTCCTTGTTTATGCTGGGTTTTTGTCCACTTTTTCTCAACGATATACCGATGATGTTGGACAGGACACCGGTTCTGTAACTTTGCAGTGAAAATAAGTGTGATGGATGACTGAGACTGCTTTC
chrXI	245810	70	CTATATAAGAAAAGAAATACAGTTATTCCTTGGTTATGCTGGCTTTTTGTCCACTTTTTCTCAACTATATAACTATGATGTTGGAAAGGACACCGGTTCTGTAACTTTGCAGTGAAAATAAGGGTGATGGATGACTGAGAATGCTTTCTTG
chrXI	245810	2640	CTATATAAGAAAAGAAATACAGTTATTCCTTGTTTATGCTGGCTTTTTGTCCACTTTTTCTCAACTATATAACTATGATGTTGGAAAGGACACCGGTTCTGTAACTTTGCAGTGAAAATAAGTGTGATGGATGACTGAGAATGCTTTCTTG
chrXI	245810	70	CTATATAAGAAAAGAAATACAGTTATTCCTTGTTTATGCTGGCTTTTTGTCCACTTTTTCTCAACTATATAACTATGATGTTGGAAAGGACACCGGTTCTGTAACTTTGCAGTGAAAATAAGTGTGATGGATGACTGAGAATGCTTTCTTG
chrXI	245810	70	CTATATAAGAAAAGAAATACAGTTATTCCTTGTTTATGCTGGCTTTTTGTCCACTTTTTCTCAACTATATAACTATGATGTTGGAAAGGACACCGGTTCTGTAACTTTGCAGTGAAAATAAGTGTGATGGATGACTGAGAATGCTTTCTTG
chrXI	245810	70	CTATATAAGAAAAGAAATACAGTTATTCCTTGTTTATGCTGGCTTTTTGTCCACTTTTTCTAAACTATAAAAATATGATGTTGGAAAGGACAACGGTTCTGTAACTTTGCAGTGAAAATAAGTGTGATGGATGACTGAGAGTGCTTTCTTG
chrXI	245810	1410	CTATATAAGAAAAGAAATACAGTTATTCCTTGTTTATGCTGGCTTTTTGTCCACTTTTTCTCAACTATATAACTATGATGTTGGAAAGGACACCGGTTCTGTAACTTTGCAGTGAAAATAAGTGTGATGGATGACTGAGAATGCTTTCTTG
chrXI	245810	1410	CTATATAAGAAAAGAAATACAGTTATTCCTTGTTTATGCTGGCTTTTTGTCCACTTTTTCTCAACTATATAACTATGATGTTGGAAAGGACACCGGTTCTGTAACTTTGCAGTGAAAATAAGTGTGATGGATGACTGAGAATGCTTTCTTG
chrXI	245810	70	CTATATAAGAAAAGAAATACAGTTATTCCTTGTTTATGCTGGCTTTTTGTCCACTTTTTCTCAACTATATAACTATGATGTTGGAAAGGACACCGGTTCTGTAACTTTGCAGTGAAAATAAGTGTGATGGATGACTGAGAATGCTTTCTTG
chrXI	245810	2640	CTATATAAGAAAAGAAATACAGTTATTCCTTGTTTATGCTGGCTTTTTGTCCACTTTTTCTCAACTATATAACTATGATGTTGGAAAGGACACCGGTTCTGTAACTTTGCAGTGAAAATAAGTGTGATGGATGACTGAGAATGCTTTCTTG
chrXI	245810	70	CTATATAAGAAAAGAAATACAGTTATTCCTTGTTTATGCTGGCTTTTTGTCCACTTTTTCTCAACTATATAACTATGATGTTGGAAAGGACACCGGTTCTGTAACTTTGCAGTGAAAATAAGTGTGATGGATGACTGAGAATGCTTTCTTG
chrXI	245810	5150	CTATATAAGAAAAGAAATACAGTTATTCCTTGTTTATGCTGGCTTTTTGTCCACTTTTTCTCAACTATATAACTATGATGTTGGAAAGGACACCGGTTCTGTAACTTTGCAGTGAAAATAAGTGTGATGGATGACTG
chrXI	245810	5150	CTATATAAGAAAAGAAATACAGTTATTCCTTGTTTATGCTGGCTTTTTGTCCACTTTTTCTCAACTATATAACTATGATGTTGGAAAGGACACCGGTTCTGTAACTTTGCAGTGAAAATAAGTGTGATGGATGACTG
chrXI	245812	5150	ATATAAGAAAAGAAATACAGTTATTCCTTGTTTATGCTGGCTTTTTGTCCACTTTTTCTCAACTATATAACTATGATGTTGGAAAGGACACCGGTTCTGTAACTTTGCAGTGAAAATAAGTGTGATGGATGACTGAGAATGCTTTCTTG
chrXI	245813	7530	TATAAGAAAAGAAATACAGTTATTCCTTGTTTATGCTGGCTTTTTGTCCACTTTTTCTCAACTATATAACTATGATGTTGGAAAGGACACCGGTTCTGTAACTTTGCAGTGAAAATAAGTGTGATGGATGACTGAGAATGCTTTCTTGTAA
chrXI	245815	7530	TAAGAAAAGAAATACCGTTATTCCGTGTTTATGCTGGCTTTTTGTCCACTTTTTCTCAACTATATAACTATGATGTTGGAAAGGACACCGGTTCTGTAACTTTGCAGTGAAAATAAGTGTGATGGATGACTGAGAATGCTTTCTTGTAAGC
chrXI	245821	7530	AAGAAATACAGTTATTCCTTGTTTAAGCTGGCTTTTTGTCCACTTTTTCTCAACTATATAACTATGATGTTGGAAAGGACACCCGTTCTGTAACTTTGCAGTGAAAATAAGTGGGATGGATGACTGAGAATGCTTTCTTGTAAGCGAATAG
chrXI	245821	2640	AAGAAATACAGTTATTCCTTGTTTATGCTGGCTTTTTGTCCACTTTTTCTCAACTATATAACGATGATGTTGGAAAGGACACCGGTTCTGTAACTTTGCAGTGAAAATAATTGTGATGGATGACTGAGAATGCTTTCTTGTAAGCGAAAAG
chrXI	245821	2640	AAGAAATACAGTTATTCCTTGTTTATGCTGGCTTTTTGTCCACTTTTTCTCAACTATATAACTATGATGTTGGAAAGGACACCGGTTCTGTAACTTTGCAGTGAAAATAAGTGTGATGGATGACTGAGAATGCTTTCTTGTAAGCGAAAAG
chrXI	245823	5150	GAAATACAGTTATTCCTTGTTTATGCTGGCTTTTTGTCCACTTTTTCTCAACTATATAACTATGATGTTGGAAAGGACACCGGTTCTGTAACTTTGCAGTGAAAATAAGTGTGATGGATGACTGAGAATGCTTTCTTGTAAGCGAAAAGA
chrXI	245823	5150	GAAATACAGTTATTCCTTGTTTATGCTGGCTTTTTGTCCACTTTTTCTCAACTATATAACTATGATGTTGGAAAGGACACCGGTTCTGTAACTTTGCAGTGAAAATAAGTGTGATGGATGACTGAGAATGCTTTCTTGTAAGCGAAAAGA
chrXI	245823	10150	GAAATACAGTTATTCCTTGTTTATGCTGGCTTTTTGTCCACTTTTTCTCAACTATATAACTATGATGTTGGAAAGGACACCGGTTCTGTAACTTTGCAGTGAAAATAAGTGTGATGGATGACTGAGAATGCTTTCTTGTAAGCGAAAAGA
chrXI	245823	7530	GAAATACAGTTATTCCTTGTTTATGCTGGCTTTTTGTCCACTTTTTCTCAACTATATAACTATGATGTTGGAAAGGACACCGGTTCTGTAACTTTGCAGTGAAAATAAGTGTGATGGATGACTGAGAATGCTTTCTTGTAAGCGAAAAGAA
chrXI	245828	2640	(TTTTGGCCTGAGAACTCTTTTAGAACAGTAAG)ACAGTTATTCTTTGTATATGCTGGCTTTTTGTCCTCTTTTTCTCTACATTATAACTATGATGTTGGAAAGGACACCGGTTCTGGAACTTTGCAGTGAAAATATGTGTGATGGATGACTG
chrXI	245829	10150	CAGTTATTCCTTGTTTATGCTGGCTTTTTGTCCACTTTTTCTCAACTATATAACTATGATGTTGGAAAGGACACCGGTTCTGTAACTTTGCAGTGAAAATAAGTGTGATGGATGACTGAGAATGCTTTCTTGTAAGCGAAAAGAAGTACGT
chrXI	245829	10150	CAGTTATTCCTTGTTTATGCTGGCTTTTTGTCCACTTTTTCTCAACTATATAACTATGATGTTGGAAAGGACACCGGTTCTGTAACTTTGCAGTGAAAATAAGTGTGATGGATGACTGAGAATGCTTTCTTGTAAGCGAAAAGAAGTACGT
chrXI	245829	1410	CAGTTATTCCTTGTTTATGCTGGCTTTTTGTCCACTTTTTCTCAACTATATAACTATGATGTTGGAAAGGACACCGGTTCTGTAACTTTGCAGTGAAAATAAGTGTGGTGGATGACTGAGAATGCTTTCTTGTAAGCGAAAAGAAGTACGT
chrXI	245829	70	CAGTTATTCCTTGTTTATGCTGGCTTTTTGTCCAC-TTTTCTCAACTATATAACTATGATGTTGGAAAGGACACCGGTTCTGTAACTTTGCAGTGAAAATAAGTGTGATGGAGGACTGAGAATGCTTTCTTGTAAGCGAAAAGAAGTACGTG
chrXI	245829	5150	CAGTTATTCCTTGTTTATGCTGGCTTTTTGTCCACTTTTTCTCAACTATATAACTATGATGTTGGAAAGGACACCGGTTCTGTAACTTTGCAGTGAAAATAAGTGTGATGGATGCCTGAGAATGCTTTCTTGTAAGCGAAAAGAAGTACGT
chrXI	245830	1410	AGTTATTCCTTGTTTATGCTGGCTTTTTGTCCACTTTTTCTCAACTATATAACTATGATGTTGGAAAGGACACCGGTTCTGTAACTTTGCAGTGAAAATAAGTGTGATGGATGACTGAGAATGCTTTCTTGTAAGCGAAAAGAAGTACGTG
chrXI	245830	70	AGTTATTCCTTGTTTATGCTGGCTTTTTGTCCACTTTTTCTCAACTATATAACTATGATGTTGGAAAGGACACCGGTTCTGTAACTTTGCAGTGAAAATAAGTGTGATGGATGACTGAGAATGCTTTCTTGTAAGCGAAAAGAAGTACGTG
chrXI	245831	7530	GTTATTCCTTGTTTATGCTGGCTTTTTGTCCACTTTTTCTCAACTATATAACTATGATGTTGGAAAGGACACCGGTTCTGTAACTTTGCAGTGAAAATAAGTGTGATGGATGACTGAGAATGCTTTCTTGTAAGCGAAAAGAAGTACGTGT
chrXI	245832	2640	TTATTCCTTGTTTATGCTGGCTTTTTGTCCACTTTTTCTCAACTATATAACTATGATGTTGGAAAGGACACCGGTTCTGTAACTTTGCAGTGAAAATAAGTGTGATGGATGACTGAGAATGCTTTCTTGTAAGCGAAAAGAAGTACGT
chrXI	245832	2640	TTATTCCTTGTTGATGCTGGCTTTTTGTCCACTTTTTCTCAACTATATAACTATGATGTTGGAAAGGACACCGGTTCTGTAACTTTGCAGTGAAAATAAGTGTGATGGATGACTGAGAATGCTTTCTTGTAAGCGAAAAGAAGTACGTG
chrXI	245832	2640	TTAGTCCTTGTTTATGCTGGCTTTTTGTCCACTTTTTCTCAACTATATAACTATGATGTGGGAAAGGACACCGGTTCTGTATCTTTGCAGTGAAAATAAGTGTGATGGATGACTGAGAATGCTTTCTTGTAAGCGAAAAGAAGTACGT
chrXI	245834	5150	ATTCCTTGTTTATGCTGGCTTTTTGTCCACTTTTTCTCAACTATATAACTATGATGTTGGAAAGGACACCGGTTCTGTAACTTTGCAGTGAAAATAAGTGTGATGGATGACTGAGAATGCTTTCTTGTAAGCGAAAAGAAGTACGTGTTC
chrXI	245834	1410	ATTCCTTGTTTATGCTGGCTTTTTGTCCACTTTTTCTCAACTATATAACTATGATGTTGGAAAGGACACCGGTTCTGTAACTTTGCAGTGAAAATAAGTGTGATGGATGACTGAGAATGCTTTCTTGTAAGCGAAAAGAAGTACGTGTTCC
chrXI	245834	7530	ATTCCTTGTTTATGCTGGCTTTTTGTCCACTTTTTCTCAACTATATAACTATTATGTTGGAAAGGACACCGGTTCTGTAACTTTGCAGTGAAAATAAGTGTGATGGATGACTGAGAATGCTTTCTTGTAAGCGAAATGAAGTACGTGTTC
chrXI	245834	70	ATTCCTTGTTTATGCTGGCTTTTTGTCCACTTTTTCTCAACTATATAACTATGATGTTGGAAAGGACACCGGTTCTGTAACTTTGCAGTGAAAATAAGTGTGATGGATGACTGAGAATGCTTGCTTGTAAGCGAAAAGAAGTACGTGTTC
chrXI	245835	1410	TTCCTTGTTTATGCTGGCTTTTTGTCCACTTTTTCTCAACTATATAACTATGATGTTGGAAAGGACACCGGTTCTGTAACTTTGCAGTGAAAATAAGTGTGATGGATGACTGAGAATGCTTTCTTGTAAGCGAAAAGAAGTACGTGTTCC
chrXI	245835	1410	TTCCTTGTTTATGCTGGCTTTTTGTCCACTTTTTCTCAACTATATAACTATGATGTTGGAAAGGACACCGGTTCTGTAACTTTGCAGTGAAAATAAGTGTGATGGATGACTGAGAATGCTTTCTTGTAAGCGAAAAGAAGTACGTGTTCC
chrXI	245837	2640	CCTTGTTTATGCTGGCTTTTTGTCCACTTTTTCTCAACTATATAACTATGATGTTGGAAAGGACACCGGTTCTGTAACTTTGCAGTGAAAATAAGTGTGATGGATGACTGAGAATGCTTTCTTGTAAGCGAAAAGAAGTACGTGTTCCAAA
chrXI	245840	2640	TGTTTATGCTGGCTTTTTGTCCACTTTTTCTCAACTATATAACTATGATGTTGGAAAGGACACCGGTTCTGTAACTTTGCAGTGAAAATAAGTGTGATGGATGACTGAGAATGCTTTCTTGTAAGCGAAAAGAAGTACGTGTTCCAAAAAT
chrXI	245840	2640	TGTTTATGCTGGCTTTTTGTCCACTTTTTCTCAACTATATAACTATGATGTTGGAAAGGACACCGGTTCTGTAACTTTGCAGTGAAAATAAGTGTGATGGATGACTGAGAATGCTTTCTTGTAAGCGAAAAGAAGTACGTGTTCCAAAAAT
chrXI	245840	70	TGTTTATGCTGGCTTTTTGTCCACTTTTTCTCAACTATATAACTATGATGTTGGAAAGGACACCGGTTCTGTAACTTTGCAGTGAAAATAAGTGTGATGGATGACTGAGAATGCTTTCTTGTAAGCGAAAAGAAGTACGTGTTCCAAAAAT
chrXI	245840	2640	TGTTTATGCTGGCTTTTTGTCCACTTTTTCTCAACTATATAACTATGATGTTGGAAAGGACACCGGTTCTGTAACTTTGCAGTGAAAATAAGTGTGATGGATGACTGAGAATGCTTTCTTGTAAGCGAAAAGAAGTACGTGTTCCAAAAAT
chrXI	245840	7530	TGTTTATGCTTGCTTTTTGTCCACTTTTTATCAAATATATAACTATGATGTTGGAAAGTACACCGGTTCAGTAACTTTCCAGTGAAAATAAGAGTGATGGATGACTGAGAATGCTTTATTGTGATAGAAATGAAGTAATTGTTCCAAAAAT
chrXI	245840	7530	TGTTTATGCTGGCTTTTTGTCCACTTTTTCTCAACTATATAACTATGATGTTGGAAAGGACACCGGTTCTGTAACTTTGCAGTGAAAATAAGTGTGATGGATGACTGAGAATGCTTTCTTGTAAGCGAAAAGAAGTACGTGTTCCAAAAAT
chrXI	245840	7530	TGTTTATGCTGGCTTTTTGTCCACTTTTTCTCAACTATATAACTATGATGTTGGAAAGGACACCGGTTCTGTAACTTTGCAGTGAAAATAAGTGTGATGGATGACTGAGAATGCTTTCTTGTAAGCGAAAAGAAGTACGTGTTCCAAAAAT
chrXI	245841	70	GTTTATGCTGGCTTTTTGTCCACTTTTTCTCAACTATATAACTATGATGTTGGAAAGGACACCGGTTCTGTAACTTTGCAGTGAAAATAAGGGTGATGGATGACTGAGAATGCTTTCTTGTAAGCGCAAAGAAGTACGTGTTCCACAAATA
chrXI	245845	70	(TATCGTGCTATGATCCGCAATCGAGTTAGTCGGTGTTG)ATGCTGGCTTTTTGTGCACAGTTTCTCAACTATATATCTCTGCTGTTGGAATGGAGACCGGTTCTGTAACTTTGCAGTGAAAATACGTGTGATGGATGACTGAGAATGCTTTC
chrXI	245846	2640	(AAGATATACAGTTTTTCCTTTGTGT)TGCTGTCTTTTTGTCCACGTATACTCCACTATATAACTATGATGGTGGAAAGGACACGGGTTCAGGAACTTTGCTTTGAAAATTAGTGAGATGGATGACTGAGAATGCTTTCTTGTAAGCGAAAAG
chrXI	245847	1410	GCTGGCTTTTTGTCCACTTTTTCTCAACTATATAACTATGATGTTGGAAAGGACACCGGTTCTGTAACTTTGCAGTGAAAATAAGTGTGATGGATGACTGAGAATGCTTTCTTGTAAGCGAAAAGAAGTACGTGTTCCAAAAATAAAGCAG
chrXI	245848	2640	CTGGCTTTTTGTCCACTTTTTCTCAACTATATAACTATGATGTTGGAAAGGACACCGGTTCTGTAACTTTGCAGTGAAAATAAGTGTGATGGATGACTGAGAATGCTTTCTTGTAAGCGAAAAGAAGTACGTGTTCCAAAAATAAAGCAG
chrXI	245850	2640	GGCTTTTTGTCCACTTTTTCTCAACTATATAACTATGATGTTGGAAAGGACACCGGTTCTGTAACTTTGCAGTGAAAATAAGTGTGATGGATGACTGAGAATGCTTTCTTGTAAGCGAAAAGAAGTACGTGTTCCAAAAATAAAGCAGAAA
chrXI	245851	70	GCTTTTTGTCCACTTTTTCTCAACTATATACCTATGATGTTGGAAAGGACACCGGTTCTGTAACTTTGCAGTGAAAATAAGTGTGATGGATGACTGAGAATGCTTTCTTGTAAGCGAAAAGAAGTACGTGTTCCAAAAATAAAGCAGAAA
chrXI	245855	70	TTTGTCCACTTTTTCTCAACTATATAACTATGATGTTGGAAAGGACACCGGTTCTGTAACTTTGCAGTGAAAATAAGTGTGATGGATGACTGAGAATGCTTTCTTGTAAGCGAAAAGAAGTACGTGTTCCAAAAATAAAGCAGAAAGGCGA
chrXI	245858	7530	GTCCACTTTTTCTCAACTATATAACTATGATGTTGGAAAGGACACCGGTTCTGTAACTTTGCAGTGAAAATAAGTGTGATGGATGACTGAGAATGCTTTCTTGTAAGCGAAAAGAAGTACGTGTTCCAAAAATAAAGCAGAAAGGCGAAAA
chrXI	245858	2640	GTCCACTTTTTCTCAACTATATAACTATGATGTTGGAAAGGACACCGGTTCTGTAACTTTGCAGTGAAAATAAGTGTGATGGATGACTGAGAATGCTTTCTTGTAAGCGAAAAGAAGTACGTGTTCCAAAAATAAAGCAGAAAGGCGAAAA
chrXI	245859	2640	TCCACTTGTTCTCACCTATATAACTACGATGATGGAAAGGACACCGGTTCTGGAACTTTGCAGTGAAAATAAGTGTGATGGATGACTGAGAATGCTTTCTTGTAAGCGAAAAGAAGTACGTGTTCCAAAAATAAAGCAGAAAGGCGAAAAG
chrXI	245860	1410	CCACTTTTTCTCAACTATATAACTATGATGTTGGAAAGGACACCGGTTCTGTAACTTTGCAGTGAAAATAAGTGTGATGGATGACTGAGAATGCTTTCTTGTAAGCGAAAAGAAGTACGTGTTCCAAAAATAAAGCAGAAAGGCGAAAAG
chrXI	245866	5150	TTTCTCAACTATATAACTATGATGTTGGAAAGGACACCGGTTCTGTAACTTTGCAGTGAAAATAAGTGTGATGGATGACTGAGAATGCTTTCTTGTAAGCGAAAAGAAGTACGTGTTCCAAAAATAAAGCAGAAAGGCGAAAAGGGTCGA
chrXI	245866	70	TTTCTCAACTATATAACTATGATGTTGGAAAGGACACCGGTTCTGTAACTTTGCAGTGAAAATAAGTGTGATGGATGACTGAGAATGCTTTCTTGTAAGCGAAAAGAAGTACGTGTTCCAAAAATAAAGCAGAAAGGCGAAAAGGGTCGAA
chrXI	245866	1410	TTTCTCAACTATATAACTATGATGTTGGAAAGGACACCGGTTCTGTAACTTTGCAGTGAAAATAAGTGTGATGGATGACTGAGAATGCTTTCTTGTAAGCGAAAAGAAGTACGTGTTCCAAAAATAAAGCAGAAAGGCGAAAAGGGTCGA
chrXI	245866	2640	TTTCTCAACTATATAACTATGATGTTGGAAAGGACACCGGTTCTGTAACTTTGCAGTGAAAATAAGTGTGGTGGATGACTGAGAATGCTTTCTTGTAAGCGAAAAGAAGTACGTGTTCCAAAAATAAAGCAGAAAGGCGAAAAGGGTCGAA
chrXI	245868	70	TCTCAACTATATAACTATGATGTTGGAAAGGACACCGGTTCTGTAACTTTGCAGTGAAAATAAGTGTGATGGATGACTGAGAATGCTTTCTTGTAAGCGAAAAGAAGTACGTGTTCCAAAAATAAAGCAGAAAGGCGAAAAGGGTCGAATG
chrXI	245871	1410	CAACTATATAACTATGATGTTGGAAAGGACACCGGTTCTGTAACTTTGCAGTGAAAATAAGTGTGATGGATGACTGAGAATGCTTTCTTGTAAGCGAAAAGAAGTACTTGTTCCAAAAATAAAGCAGAAAGGCGAAAAGGGTCGAATG
chrXI	245871	2640	CAACTATATAACTATGATGTTGGAAAGGACACCGGTTCTGTAACTTTGCAGTGAAAATAAGTGTGATGGATGACTGAGAATGCTTTCTTGTAAGCGAAAAGAAGTACGTGTTCCAAAAATAAAGCAGAAAGGCGAAAAGGGTCGAATGTAA
chrXI	245873	70	ACTATATAACTATGATGTTGGAAAGGACACCGGTTCTGTAACTTTGCAGTGAAAATAAGTGTGATGGATGACGGAGAATGCTTTCTTGTAAGCGAAAAGAAGTACGTGTTCCAAAAATAAAGCAGAAAGGCGAAAAGGGTCGAATGTAAGA
chrXI	245873	2640	ACTATATAACTATGATGTTGGAAAGGACCCCGGTTCTGTAACTTTGCAGTGAAAATAAGTGTGATGGATGACTGAGAATGCTTTCTTGTAAGCGAAAAGAAGTACGTGTTCCAAAAATAAAGCAGAAAGGCGAAAAGGGTCGAATGTAAGA
chrXI	245873	1410	ACTATATAACTATGATGTTGGAAAGGACACCGGTTCTGTAACTTTGCAGTGAAAATAAGTGTGATGGATGACTGAGAATGCTTTCTTGTAAGCGAAAAGAAGTACGTGTTCCAAAAATAAAGCAGAAAGGCGAAAAGGGTCGAATGTAAGA
chrXI	245873	2640	ACTATATAACTATGATGTTGGAAAGGACACCGGTTCTGTAACTTTGCAGTGAAAATAAGTGTGATGGATGACTGAGAATGCTTTCTTGTAAGCGAAAAGAAGTACGTGTTCCAAAAATAAAGCAGAAAGGCG-AAAGGGTCGAATGTAAGAC
chrXI	245873	5150	ACTATATAACTATGATGTTGGAAAGGACACCGGTTCTGTAACTTTGCAGTGAAAATAAGTGTGATGGATGACTGAGAATGCTTTCTTGTAAGCGAAAAGAAGTACGTGTTCCAAAAATAAAGCAGAAAGGCGAAAAGGGTCGAATGTA
chrXI	245874	7530	CTATATAACTATGATGTTGGAAAGGACACCGGTTCTGTAACTTTGCAGTGAAAATAAGTGTGATGGATGACTGAGAATGCTTTCTTGTAAGCGAAAAGAAGTACGTGTTCCAAAAATAAAGCAGAAAGGCGAAAAGGGTCGAATGTAAGAC
chrXI	245874	1410	CTATATAACTATGATGTTGGAAAGGACACCGGTTCTGTAACTTTGCAGTGAAAATAAGTGTGATGGATGACTGAGAATGCTTTCTTGTAAGCGAAAAGAAGTACGTGTTCCAAAAATAAAGCAGAAAGGCGAAAAGGGTCGAATGTAAGAC
chrXI	245874	1410	CTATATAACTATGATGTTGGAAAGGACACCGGTTCTGTAACTTTGCAGTGAAAATAAGTGTGATGGATGACTGAGAATGCTTTCTTGTAAGCGAAAAGAAGTACGTGTTCCAAAAATAAAGCAGAAAGGCGAAAAGGGTCGAATGTAAGAC
chrXI	245874	7530	CTATATAACTATGATGTTGGAAAGGACACCGGTTCTGTAACTTTGCAGTGAAAATAAGTGTGATGGATGACTGAGAATGCTTTCTTGTAAGCGAAAAGAAGTACGTGTTCCAAAAATAAAGCAGAAAGGCGAAAAGGGTCGAATGTAAGAC
chrXI	245874	7530	CTATATAACTATGATGTTGGAAAGGACACCGGTTCTGTAACTGTGCAGTGAAAATAAGTGTGATGGATGACTGAGAATGCTTTCTGGTACGCGAAAAGAAGTACGTGTTCCCAAAATAAAGCTGAAAGGCGAAAAGGGTCGACTGTAAGA
chrXI	245874	1410	CTATATAACTATGATGTTGGAAAGGACACCGGTTCTGTAACTTTGCAGTGAAAATAAGTGTGATGGATGACTGAGAATGCTTTCTTGTAAGCGAAAAGAAGTACGTGTTCCAAAAATAAAGCAGAAAGGCGAAAAGGGTCGAATGTAAGAC
chrXI	245874	10150	CTATATAACTATGATGTTGGAAAGGACACCGGTTCTGTAACTTTGCAGTGAAAATAAGTGTGATGGATGACTGAGAATGCTTTCTTGTAAGCGAAAAGAAGTACGTGTTCCAAAAATAAAGCAGAAAGGCGAAAAGGGTCGAATGTAAGAC
chrXI	245874	70	CTATAGAACTATGATGTTGGAAAGGACACCGGTTCTGTAACTTTGCAGTGAAAATAAGTTTGATGGATGACTGAGAATGCTTTCTTGTAAGCTAAAAGAAGTACGTGTTCCAAAAATAAAGCAGAAAGGCGAAAAGGGTCGAATGTAAGAC
chrXI	245874	7530	CTATATAACTATGATGTTGGAAAGGACACCGGTTCTGTAACTTTGCAGTGAAAATAAGTGTGATGGATGACTGAGAATGCTTTCTTGTAAGCGAAAAGAAGTACGTGTTCCAAAAATAAAGCAGAAAGGCGAAAAGGGTCGAATGTAAGAC
chrXI	245874	2640	CTCTAGAACTCTGATGTTGGAAAGGACACCGGTTCTGTAACTTTGCAGTGAAAATAAGTGTGATGGATGACTGAGAATGCTTTCTTGTAAGCGAAAAGAAGTACGTGTTCCAAAAATAAAGCAGAAAGGCGAAAAGGGTCGAATGTAAGAC
chrXI	245874	70	CTATATAACTATGATGTTGGAAAGGACACCGGTTCTGTAACTTTGCAGTGAAAATAAGTGTGATGGATGACTGAGAATGCTTTCTTGTAAGCGAAAAGAAGTACGTGTTCCAAAAATAAAGCAGAAAGGCGAAAAGGGTCGAATGTAAGA
chrXI	245874	7530	CTATATAACTATGATGTTGGAAAGGACACCGGTTCTGTAACTTTGCAGTGAAAATAAGTGTGATGGATGACTGAGAATGCTTTCTTGTAAGCGAAAAGAAGTACGTGTTCCAAAAATAAAGCAGAAAGGCGAAAAGGGTCGAATGTAAGAC
chrXI	245874	70	CTCTATAACTATGATGTTGGAAAGGACACCGGTTCTGTACCGTTGCAGTGAAAATAAGGGTGATGGATGACTGAGAATGCTTTCTTGTAAGCGAAAAGAAGGACGAGTTCCAAAAATAAAGAAGAAAGGCGAAAAGGGTCGAATGTAAGA
chrXI	245874	70	CTATATAACTCTGATGTTGGAAAGGACACCGGTTCTGTAACTTTGCAGTGAAAATAAGTGTGATGGATGACTGAGAATGCTTTCTTGTAAGCGAAAAGAAGTACGTGTTCCAAAAATAAAGCAGAAAGGCGAAAAGGGTCGAATGTAAGA
chrXI	245874	5150	CTATATAACTATGATGTTGGAAAGGACACCGGTTCTGTAACTTTGCAGTGAAAATAAGTGTGATGGATGACTGAGAATGCTTTCTTGTAAGCGAAAAGAAGTACGTGTTCCAAAAATAAAGCAGAAAGGCGAAAAGGGTCGAATGTAAGAC
chrXI	245874	70	CTATAGAACTATGATGTTGGAAAGGACACCGGTTCTGTAACTTTGCAGTGAAAATAAGTGTGATGGATGACTGAGAATGCTTTCTTGTAAGCGAAAAGAAGTACGTGTTCCAAAAATAAAGCAGAAAGGCGAAAAGGGTCGAATGTAAGAC
chrXI	245874	5150	CTATATAACTATGATGTTGGAAAGGACACCGGTTCTGTAACTTTGCAGTGAAAATAAGTGTGATGGATGACTGAGAATGCTTTCTTGTAAGCGAAAAGAAGTACGTGTTCCAAAAATAAAGCAGAAAGGCGAAAAGGGTCGAATGTAAGAC
chrXI	245874	2640	CTATATAACTATGATGTTGGAAAGGACACCGGTTCTGTAACTTTGCAGTGAAAATAAGTGTGATGGATGACTGAGAATGCTTTCTTGTAAGCGAAAAGAAGTACGTGTTCCAAAAATAAAGCAGAAAGGCGAAAAGGGTCGAATGTAAGA
chrXI	245874	70	CTATATAACTATGATGTTGGAAAGGACACCGGTTCTGTAACTTTGCAGTGAAAATAAGTGTGATGGATGACTGAGAATGCTTTCTTGTAAGCGAAATGAAGTACGTGTTCCAAAAATAAAGCAGAAAGGCGAAAAGGGTCGAATGTAAGA
chrXI	245874	7530	CTATATAACTATGATGTTGGAAAGGACACCGGTTCTGTAACTTTGCAGTGAAAATAAGTGTGATGGATGACTGAGAATGCTTTCTTGTAAGCGAAAAGAAGTACGTGTTCCAAAAATAAAGCAGAAAGGCGAACTGGGTCGAATGTAAGA
chrXI	245874	70	CTATATAACTATGATGTTGGAAAGGACACCGGTTCTGTAACTTTGCAGTGAAAATAAGTGTGATGGATGACTGAGAATGCTTTCTTGTAAGCGAAAAGAAGTACGTGTTCCAAAAATAAAGCAGAAAGGCGAAAAGGGTCGAATGTAAGA
chrXI	245874	2640	CTATATAACTATGATGTTGGAAAGGACACCGGTTCTGTAACTTTGCAGTGAAAATAAGTGTGGTGGATGACTGAGAATGCTTTCTTGTAAGCGAAAAGAAGTACGTGTTCCAAAAATAAAGCAGAAAGGCGAAAAGGGTCGAATGTAAGA
chrXI	245874	7530	CTATATAACTATGATGTTGGAAAGGACACCGGTTCTGTAACTTTGCAGTGAAAATAAGTGTGATGGATGACTGAGAATGCTTTCTTGTAAGCGAAAAGAAGTACGTGTTCCAAAAATAAAGCAGAAAGGCGAAAAGGGTCGAATGTAAGA
chrXI	245874	10150	CTATATAACTATGATGTTGGAAAGGACACCGGTTCTGTAACTTTGCAGTGAAAATAAGTGTGATGGATGACTGAGAATGCTTTCTTGTAAGCGAAAAGAAGTACGTGTTCCAAAAATAAAGCAGAAAGGCGAAAAGGGTCGAATGTAAGAC
chrXI	245874	70	CTAGATAACTTTGATGTTTGAAAGGACACAGTTTCTGTAACTTTTCAGTGAAAATAATTGAGATGGATGACTGAGAATGCTTTCTTGTAAGCGAAAAGAAGTTCGTGTTTCAAAAATAAAGCAGAAAGGCGAAAAGGGTCGAATGTATGAC
chrXI	245874	7530	CTATATTACTATTATGTTGGAAAGGACACCGGTTCTGTATCTTTGCAGTGAATTTAAGTGTGATGGATGACTGAGAATGCTTTCTTGTTTGCGTTAAGAAGTACGTGTTCGAAAAATAAAGCAGAAAGGCGAAAAGGGTCGAATGTAAGAC
chrXI	245874	2640	CTATATAACTATGATGTTGGAAAGGACACCGGTTCTGTAACTTTGCAGTGAAAATAAGTGTGGTGGATGACTGAGAATGCTTTCTTGTAAGCGAAAAGAAGTACGTGTTCCAAAAATAAAGCAGAAAGGCGAAAAGGGTCGAATGTAAGA
chrXI	245874	7530	CTATATAACTATGATGTTGGAAAGGACACCGGTTCTGTAACTTTGCAGTGAAAATAAGTGTGATGGATGACTGAGAATGCTTTCTTGTAAGCGAAAAGAAGTACGTGTTCCAAAAATAAAGCAGAAAGGCGAAAAGGGTCGAATGTAAGAC
chrXI	245874	70	CTATATAACTATGATGTTGGAAAGGACACCGGTTCTGTAACTTTGCAGTGAAAATAAGTGTGATGGATGACTGAGAATGCTTTCTTGTAAGCGAAAAGAAGTACGTGTTCCAAAAATAAAGCAGAAAGGCGAAAAGGGTCGAATGTAAGAC
chrXI	245874	5150	CTATATAACTATGATGTTGGAAAGGACACCGGTTCTGTAACTTTGCAGTGAAAATAAGTGTGATGGATGACTGAGAATGCTTTCTTGTAAGCGAAAAGAAGTACGTGTTCCAAAAATAAAGCAGAAAGGCGAAAAGGGTCGAATGTAAGAC
chrXI	245876	10150	ATATAACTATGATGTTGGAAAGGACACCGGTTCTGTAACTTTGCAGTGAAAATAAGTGTGATGGATGACTGAGAATGCTTTCTTGTAAGCGAAAAGAAGTACGTGTTCCAAAAATAAAGCAGAAAGGCGAAAAGGGTCGAATGTAAGACAC
chrXI	245876	70	ATATAACTATGATGTTGGAAAGGACACCGGTTCTGTAACTTTGCAGTGAAAATAAGTGTGATGGATGACTGAGAATGCTTTCTTGTAAGCGAAAAGAAGTACGTGTTCCAAAAATAAAGCAGAAAGGCGAAAAGGGTCGAATGTAAGACA
chrXI	245876	7530	ATATAACTATGATGTTGGAAAGGACACCGGTTCTGTAACTTAGCAGTGAAAATAAGTGAGAAGGAGGACTGAGAATGCTTTCTTGTAAGCTAAAAGAAGTACGTGTTCAAAAAATAAAGCAGAAAGACGAAAAGGGTCTAATGTAAGACA
chrXI	245876	1410	ATATAACTATGATGTTGGAAAGGACACCGGTTCTGTAACTTTGCAGTGAAAATAAGTGTGATGCATGACTGAGAATGCTTTCTTGTAAGCGAAAAGAAGTACGTGTTCCAAAAAAAAAGCAGAAAGGCGAAAACGGTCGAATGTAAGACAC
chrXI	245876	10150	ATATAACTATGATGTTGGAAAGGACACCGGTTCTGTAACTTTGCAGTGAAAATAAGTGTGATGGATGACTGAGAATGCTTTCTTGTAAGCGAAAAGAAGTACGTGTTCCAAAAATAAAGCAGAAAGGCGAAAAGGGTCGAATGTAAGACAC
chrXI	245876	70	ATATAACTATGATGTTGGAAAGGACACCGGTTCTGTAACTTTGCAGTGAAAATAAGTGTGATGGATGACTGAGAATGCTTTCTTGTAAGCGAAAAGAAGTACGTGTTCCAAAAATAAAGCAGAAAGGCGAAAAGGGTCGAATGTAAGACA
chrXI	245876	7530	ATATAACTATGATGGTGGAAAGGACACCGGTTGTGTAACTATGCAGTGAAAATAAGTGAGATGGATTACGGAGAATGCTTTCTAGTAAGCGAAAAGAAGTACGTGTTCCCAAAATAAAGCAGTAAGTCGAAAAGGGGCGAAGGAAAGACA
chrXI	245876	2640	ATATAACTATGATGTTGGAAAGGACACCGGTTCTGTAACTTTGCAGTGAAAATAAGTGTGGTGGATGACTGAGAATGCTTTCTTGTAAGCGAAAAGAAGTACGTGTTC
chrXI	245876	7530	ATATAACTATGATGTTGGATAGGACACCGGTTCTGTAACTTTGCAGTGTAAATAAGTGTGATGGATGACTGAGAATGCTTTCTTGTAAGCGTAAAGAAGTACGTGTTCCAAAAGTAAAGCAGAAAGGCGAAAAGGGTAGAATGTTAGACAG
chrXI	245876	70	ATATAACTATGATGTTGGAAAGGACACCGGTTCTGTAACTTTGCAGTGAAAATAAGTGTGATGGATGACTGAGAATGCTTTCTTGTAAGCGAAAAGAAGTACGTGTTCCAAAAATAAAGCAGAAAGGCGAAAAGGGTCGAATGTAAGACA
chrXI	245876	70	ATATAACTATGATGTTGGAAAGGACACCGGTTCTGTAACTTTGCAGTGAAAATAAGTGTGATGGATGACTGAGAATGCTTTCTTGTAAGCGAAAAGAAGTACGTGTTCCAAAAATAAAGCAGAAAGGCGAAAAGGGTCGAATGTAAGACA
chrXI	245876	7530	ATATAACTATGATGTTGGAAAGGACACCGGTTCTGTAACTTTGCAGTGAAAATAAGTGTGATGGATGACTGAGAATGCTTTCTTGTAAGCGAAAAGAAGTACGTGTTCCAAAAATAAAGCAGAAAGGCGAAAAGTGTCGAATGTAAGACA
chrXI	245876	5150	ATATAACTATGATGTTGGAAAGGACACCGGTTCTGTAACTTTGCAGTGAAAATAAGTGTGATGGATGACTGAGAATGCTTTCTTGTAAGCGAAAAGAAGTACGTGTTCCAAAAATAAAGCAGAAAGGCGAAAAGGGTCGAATGTAAGAC
chrXI	245876	2640	AAATAACTATGATGTTGGAAAGGACACCGGTTCTGTAACTTTGCAGTGAAAATAAGTGTGATGGATGACTGAGAATGCTTTCTTGTAAGCGAAAAGAAGTACGTGTTCCAAAAATAAAGCAGAAAGGCGAAAAGGGTCGAATGTAAGACAC
chrXI	245876	2640	ATATAACTATGATGTTGGAAAGGACACCGGTTCTGTAACTTTGCAGTGAAAATAAGTGTGATGGATGACTGAGAATGCTTTCTTGTAAGCGAAAAGAAGTACGTGTTCCAAAAATAAAGCAGAAAGGCGAAAAGGGTCGAATGTAAGACA
chrXI	245876	1410	ATATAACTATGATGTTGGAAAGGACACCGGTTCTGTAACTTTGCAGTGAAAATAAGTGTGATGGATGACTGAGAATGCTTTCTTGTAAGCGAAAAGAAGTACGTGTTCCAAAAATAAAGCAGAAAGGCGAAAAGGGTCGAATGTAAGACAC
chrXI	245876	5150	ATATAACTATGATGTTGGAAAGGACACCGGTTCTGTAACTTTGCAGTGAAAATAAGTGTGATGGATGACTGAGAATGCTTTCTTGTAAGCGAAAAGAAGTACGTGTTCCAAAAATAAAGCAGAAAGGCGAAAAGGGTCGAATGTAAGAC
chrXI	245876	7530	ATATAACTATGATGTTGGAAAGGACACAGGTACTGTAACTTTGCATTTAAAATAAGTGTTATGGATGACTGATAATCCTTTCTTGTAAGCGAAAAGAATTACGTGTTCCAAAAATAAATCAGAAAGGCGAAAAGGGTCGAATGTAAGACA
chrXI	245876	1410	ATATAACTATGATGTTGGAAAGGACACCGGTTCTGTAACTTTGCAGTGAAAATAAGTGTGATGGATGACTGAGAATGCTTTCTTGTAAGCGAAAAGAAGTACGTGTTCCAAAAATAAAGCAGAAAGGCGAAAAGGGTCGAATGTAAGAC
chrXI	245876	2640	ATATAACTATGATGTTGGAAAGGACACGGGTTCTGTAACTTACCAGTCAAAAAATCAGTGATGGAAGACTGAGAATGCTTTCTACTATGCGAAAAGAAGAACGACTTCCAAAAATAAAGCAGAAAGGAGAAATGGGTCGAATGTAAGACA
chrXI	245876	1410	ATATAACTATGATGTTGGAAAGGACACCGGTTCTGTAACTTTGCAGTGAAAATAAGTGTGATGGATGACTGAGAATGCTTTCTTGTAAGCGAAAAGAAGTACGTGTTCCAAAAATAAAGCAGAAAGGCGAAAAGGGTCGAATGTAAGACAC
chrXI	245876	7530	ATATAACTATGATGTTGGAAAGGACACCGGTTCTGTAACTTTGCAGTGAAAATAAGTGTGATGGATGACTGAGAATGCTTTCTTGTAAGCGAAAAGAAGTACGTGTTCCAAAAATAAAGCAGAAAGGCGAAAAGGGTCGAATGTAAGACA
chrXI	245876	2640	ATATAACTATGATGTTGGAAAGGACACCGGTTCTGTAACTTTGCAGTGAAAATAAGTGTGGTGGATGACTGAGAATGCTTTCTTGTAAGCGAAAAGAAGTACGTGTTCCAAAAATAAAGCAGAAAGGCGAAAAGGGTCGAATGTAAGACA
chrXI	245876	1410	ATATAACTATGATGTTGGAAAGGACACCGGTTCTGTAACTTTGCAGTGAAAATAAGTGTGATGGATGACTGAGAATGCTTTCTTGTAAGCGAAAAGAAGTACGTGTTCCAAAAATAAAGCAGAAAGGCGAAAAGGGGCGAATGTAAGAC
chrXI	245876	1410	ATATAACTATGATGTTGGAAAGGACACCGGTTCTGTAACTTTGCAGTGAAAATAAGTGTGATGGATGACTGAGAATGCTTTCTTGTAAGCGAAAAGAAGTACGTGTTCCAAAAATAAAGCAGAAAGGCGAAAAGGGTCGAATGTAAGACAC
chrXI	245876	2640	ATATAACTATGATGTTGGAAAGGACACCGGTTCTGTAACTTTGCAGTGAAAATAAGTGTGGTGGATGACTGAGAATGCTTTCTTGTAAGCGAAAAGAAGTACGTGTTC
chrXI	245876	70	AAATAACTATGATGTTGGAAAGGACACCGGTTCTGTAACTTTGCAGTGAAAATAAGTTTGATGGATGACTGAGAATGCTTTCTTTTAAGCGAAAAGAAGTACGTGTTCAAAAAATAAAGCATAAAGGCGAAAAGGGTCGAATGTAAGACA
chrXI	245876	1410	ATATAACTATGATGTTGGAAAGGACACCGGTTCTGTAACTTTGCAGTGAAAATAAGTGTGATGGATGACTGAGAATGCTTTCTTGTAAGCGAAAAGAAGTACGTGTTCCAAAAATAAAGCAGAAAGGCGAAAAGGGTCGAATGTAAGACAC
chrXI	245876	5150	ATATAACTATGATGTTGGAAAGGACACCGGTTCTGTAACTTTGCAGTGAAAATAAGTGTGATGGATGACTGAGAATGCTTTCTTGTAAGCGAAAAGAAGTACGTGTTCCAAAAATAAAGCAGAAAGGCGAAAAGGGTCGAATGTAAGACAC
chrXI	245878	70	ATAACTATGATGTTGGAAAGGACACCGGTTCTGTAACTTTGCAGTGAAAATAAGTGTGATGGATGACTGAGAATGCTTTCTTGTAAGCGAAAAGAAGTACGTGTTCCAAAAATAAAGCAGAAAGGCGAAAAGGGTCGAATGTAAGACACTA
chrXI	245879	5150	TAACTATGATGTTGGAAAGGACACCGGTTCTGTAACTTTGCAGTGAAAATAAGTGTGATGGATGACTGAGAATGCTTTCTTGTAAGCGAAAAGAAGTACGTGTTCCAAAAATAAAGCAGAAAGGCGAAAAGGGTCGAATGTAAGACACTA
chrXI	245879	70	(GGG)TAACTATGATGTTGGAAAGGAACCCGGTTCTGTAACTTTGCAGTGAAAATAAGAGAGAAGGATGCCGGAGAATGCATACTTGTACGCGAAAAGAAGTACGTGTAGCCAAAATAAAGCAGAAACGCGAAAA(CGAACGAAGAAAAGACA)
chrXI	245880	1410	AACTATGATGTTGGAAAGGACACCGGTTCTGTAACTTTGCAGTGAAAATAAGTTTGATTGATGACTGAGAATGCTTTCTTGTAAGCGAAAAGAAGTACGTGTTAAAAAAATAAAGAAGAAAGGCGAAAAGGGTCGAATGTAAGACACTAA
chrXI	245880	1410	AACTATGATGTTGGAAAGGACACCGGTTCTGTAACTTTGCAGTGAAAATAAGTGTGATGGATGACTGAGAATGCTTTCTTGTAAGCGAAAAGAAGTACGTGTTCCAAAAATAAAGCAGAAAGGCGAAAAGGGTCGAATGTAAGACACTAA
chrXI	245880	7530	AACTATGATGTTGGAAAGGACACCGGTTCTGTAACTTTGCAGTGAAAATAAGTGTGATGGATGACTGAGAATGCTTTCTTGTAAGCGAAAAGAAGTACGTGTTCCAAAAATAAAGCAGAAAGGCGAAAAGGGTCGAATGTAAGACACTAAA
chrXI	245881	2640	ACTATGATGTTGGAAAGGACACCGGTTCTGTAACTTTGCTGTGAAAATAAGTGTGTTGGATGACTGAGAATGCTTTCTTGTAAGCGAATAGAAGTACGTGTTCCAAAAATAAAGCAGAAAGGCGAAATGGGTCGAATGTAAGACACTAAAT
chrXI	245881	2640	ACTATGATGTTGGAAAGGACTCCGGTTCTGTAACTTTGCAGTGAAAATAAGTGTGATGGATGACTGAGAATGCTTTGTTGTAAGCTAAAAGAAGTACGTGTTCCACAAATAAAGCAGAAAGGCGAAAAGGGTCGAATGAAAGACACTAAAT
chrXI	245881	2640	ACTATGATGTTGGAAAGGACACCGGTTCTGTAACTTTGCAGTGAAAATAAGTGTGATGGATGACTGAGAATGCTTTCTTGTAAGCGAAAAGAAGTACGTGTTCCAAAAATAAAGCAGAAAGGCGAAAAGGGTCGAATGTAAGACACTAAAT
chrXI	245881	7530	ACTATGATGTTGGAAAGGACACCGGTTCTGTAACTTTGCAGTGAAAATAAGTGTGATGGATGACTGAGAATGCTTTCTTGTAAGCGAAAAGAAGTACGTGTTCCAAAAATAAAGCAGAAAGGCGAAAAGGGTCGAATGTAAGACACTAAAT
chrXI	245881	1410	ACTATGATGTTGGAAAGGACACCGGTTCTGTAACTTTGCAGTGAAAATAAGTGTGATGGATGACTGAGAATGCTTTCTTGTAAGCGAAAAGAAGTACGTGTTCCAAAAATAAAGCAGAAAGGCGAAAGGGGTCGAATGTAAGACACTAAAT
chrXI	245881	70	ACTATGATGTTGGAAAGGACACCGGTTCTGTAACTTTGCAGTGAAAATAAGTGTGATGGATGACTGAGAATGCTTTCTTGTAAGCGAACAGAAGGACGTGTTCCAAAAATAAAGCAGAAAGGCGAAAAGGGTCGAATGTAAGACACTAAAT
chrXI	245881	7530	ACTATGATGTTGGAAAGGACACCGGTTCTGTAACTTTGCAGTGAAAATAAGTGTGATGGATGACTGAGAATGCTTTCTTGTAAGCGAAAAGAAGTACGTGTTCCAAAAATAAAGCAGAAAGTCGAAAAGGGTCGAATGTAAGACACTAAAT
chrXI	245881	10150	ACTATGATGTTGGAAAGGACACCGGTTCTGTAACTTTGCAGTGAAAATAAGTGTGATGGATGACTGAGAATGCTTTCTTGTAAGCGAAAAGAAGTACGTG
chrXI	245881	10150	ACTATGATGTTGGAAAGGACACCGGTTCTGTAACTTTGCAGTGAAAATAAGTGTGATGGATGACTGAGAATGCTTTCTTGTAAGCGAAAAGAAGTACGTG
chrXI	245882	70	CTATGATGTTGGAAAGGACACCGGTTCTGTAACTTTGCAGTGAAAATAAGTGTGATGGATGACTGAGAATGCTTTCTTGTAAGCGAAAAGAAGTACGTGTTCCAAAAATAAAGCAGAAAGGCGAAAAGGGTCGACTGTAAGAC
chrXI	245882	2640	CTATGATGTTGGAAAGGACACCGGTTCTGTAACTTTGCAGTGAAAATAAGTGTGGTGGATGACTGAGAATGCTTTCTTGTAAGCGAAAAGAAGTACGTGTTCCAAAAATAAAGCAGAAAGGCGAAAAGGGTCGAATGTAAGACACTAAATA
chrXI	245882	70	CTATGATGTTGGAAAGGACACCGGTTCTGTAACTTTGCAGTGAAAATAAGTGTGATGGATGACTGAGAATGCTTTCTTGTAAGCGAAAAGAAGTACGTGTTCCAAAAATAAAGCAGAAAGGCGAAAAGGGTCGAATGTAAGAC
chrXI	245882	7530	CTATGATGTTGGAAAGGACACCGGTTCTGTAACTTTGCAGTGAAAATAAGTGTGATGGATGACTGAGAATGCTTTCTTGTAAGCGAAAAGAAGTACGTGTTCCAAAAATAAAGCAGAAAGGCGAAAAGGGTCGAATGTAAGACACTAAATA
chrXI	245884	2640	ATGATGTTGGATAGGACACCGGTTCTGTAACTTTGCAGTGAAAATAAGTGTGGTGGATGACTGAGAATGCTTTCTTGTAAGCGAAAAGAAGTACGTGGTCCAAAAATAAAGCAGAAAGGCGAAAAGGGTCGACTGTAAGACACTAAATAAA
chrXI	245885	7530	TGATGTTGGAAAGGAGAAGGGTTCTTTTACTTTGCACTGATATTAAGTGTGATTGATGTCTTAGAATGCTATCTTGTAAGCGAAAAGAAGGACGTGTTAGAATAATTAAGCAGATAGGCGAATAGGGTCGTATGTAAGACACTATATAAAT
chrXI	245887	2640	ATGTTGGAAAGGACACCGGTTCTGTAACTTTGCAGTGAAAATAAGTGTGATGGATGACTGAGAATGCTTTCTTGTAAGCGAAAAGAAGTACGTGTTCCAAAAATAAAGCAGAAAGGCGAAAAGGGTCGAATGTAAGACACTAAATAAATA
chrXI	245887	10150	ATGTTGGAAAGGACACCGGTTCTGTAACTTTGCAGTGAAAATAAGTGTGATGGATGACTGAGAATGCTTTC
chrXI	245887	10150	ATGTTGGAAAGGACACCGGTTCTGTAACTTTGCAGTGAAAATAAGTGTGATGGATGACTGAGAATGCTTTC
chrXI	245887	70	ATGTTGGAAAGGACACCGGTTCTGTAACTTTGCAGTGAAAATAAGTGTGATGGATGACTGAGAATGCTTTCTTGTAAGCGAAAAGAAGTACGTGTTCCAAAAATAAAGCAGAAAGGCGAAAAGGGTCGAATGTAAGACACTAAATAAATAT
chrXI	245887	70	ATGTTGGAAAGGACACCGGTTCTGTAACTTTGCAGTGAAAATAAGTGTGATGGATGACTGAGAATGCTTTCTTGTAAGCGAAAAGAAGTACGTGTTCCAAAAATAAAGCAGAAAGGCGAAAAGGGTCGAATGTAAGACACTAAATAAATAT
chrXI	245887	5150	ATGTTGGAAAGGACACCGGTTCTGTAACTTTGCAGTGAAAATAAGTGTGATGGATGACTGAGAATGCTTTCTTGTAAGCGAAAAGAAGTACGTGTTCCAAAAATAAAGCAGAAAGGCGAAAAGGGTCGAATGTAAGACACTAAATAAATAT
chrXI	245887	7530	ATGTAGGAAAGGACACCGGTTCTGTAACTTTGCAGTGAAAATAAGTGTGATGGATGACTGAGACTGCTTTCTTGTAAGCGAAAAGAAGTACGTGTACCAAAAATAAAGCAGAAAGGCGAAAAGGGTCGAATGTAAGACACTACATAAATA
chrXI	245889	7530	GTTGGAAAGGACACCGGTTCTGTAACTTTGCAGTGAAAATAAGTGTGATGGAAGACAGAGCATGCTTTCTAGTAAGCGATAAGAAGTACGTGATACACACATAAAGCAGAACGGCGACAAGGGTCGAATCGAAGACACTAAA(GTCAGATTG)
chrXI	245890	2640	TTGGAAAGGACACCGGTTCTGTAACTTTGCAGTGAAAATAAGTGTGATGGATGACTGAGAATGCTTTCTTGTAAGCGAAAAGAAGTACGTGTTCCAAAAATAAAGCAGAAAGGCGAAAAGGGTCGAATGTAAGACACTAAATAAATATTTT
chrXI	245892	70	GGAAAGGACACCGGTTCTGTAACTTTGCAGTGAAAATAAGTGTGATGGATGACTGAGACTGCTTTCTTGTAAGCGAAAAGAAGTACGTGTTCCAAAAATAAAGCAGAAAGGCGAAAAGGGTCGAATGTAAGACACTAAAGAAATATTTTAA
chrXI	245892	7530	GGAAAGGACACCGGTTCTGTAACTTTGCAGTGAAAATAAGTGTGATGGCTGACTGAGAATGCTTACTTGTAAGCGAAAAGAAGTACGTGTGCCATTAATAAAGCAGAAAGGCGAAAAGGGTCGAATGTAAGACACTAAATAAATATATTAA
chrXI	245892	70	GGGAAGGACACCGGTTCTGTAACTTTGCAGTGAAAATAAGTGTGATGGATGAAGGAGAATGCTTTCTTGTAAGCGAAACGTAGTCCGTGGTCCACTAAAAAAGCAGAAAGGCGAAAAGGGTCGAATGTAAGACACTAAATATATATTGTAA
chrXI	245892	2640	GGAAAGGACACCGGTTCTGTAACTTTGCAGTGAAAATAAGTGTGATGGATGACTGAGAATGCTTTCTTGTAAGCGAAAAGAAGTACGTGTTCCAAAAATAAAGCAGAAAGGCGAAAAGGGTCGAATGTAAGACACTAAATAAATATTTTAA
chrXI	245892	70	GGAAAGGACACCGGTTCTGTAACTTTGCAGTGAAAATAAGTGTGATGGATGACTGAGAATGCTTTCTTGTAAGCGAAAAGAAGTACGTGTTCCAAAAATAAAGCAGAAAGGCGAAAAGGGTCGAATGTAAGACACTAAATAAATATTTTAA
chrXI	245892	7530	GGAAAGGACACCGGTTCTGTAACTTTGCAGTGAAAATAAGTGTGATGGATGACTGAGAATGCTTTCTTGTAAGCGAAAAGAAGTACGTGTTCCAAAAATAAAGCAGAAAGGCGAAAAGGGTCGAATGTAAGACACTAAATAAATATTTTAA
chrXI	245894	2640	AAAGGACACCGGTTCTGTAACTTTGCAGTGAAAATAAGTGTGATGGATGACTGAGAATGCTTTCTTGTAAGCGAAAAGAAGTACGTGTTCCAAAAATAAAGCAGAAAGGCGAAAAGGGTCGAATGTAAGACACTAAATAAATATTTTAAGA
chrXI	245894	70	AAAGGACACCGGTTCTGTAACTTTGCAGTGAAAATAAGTGTGATGGATGACTGAGAATGCTTTCTTGTAAGCGAAAAGAAGTACGTGTTCCAAAAATAAAGCAGAAAGGCGAAAAGGGTCGAATGTAAGACACTAAATAAATATTTTAAGA
chrXI	245894	10150	AAAGGACACCGGTTCTGTAACTTTGCAGTGAAAATAAGTGTGATGGATGACTGAGAATGCTTTCTTGTAAGCGAAAAGAAGTACGTGTTCCAAAAATAAAGCAGAAAGGCGAAAAGGGTCGAATGTAAGACACTAAATAAATATTTTAAGA
chrXI	245894	70	AAAGGACACCGGTTCTGTAACTTTGCAGTGAAAATAAGTGTGATGGATGACTGAGAATGCTTTCTTGTAAGCGAAAAGAAGTACGTGTTCCAAAAATAAAGCAGAAAGGCGAAAAGGGTCGAATGTAAGACACTAAATAAATATTTTAAGA
chrXI	245896	2640	(ATCTATATCTATGAAGTAGGAT)AGGACACCGGTTCTTTAACTTTGCAGTGAAAATAAGTGTGAGGGATGACTGAGAATGCTTTCTTGTAAGCGAAAAGAAGTACGTGTTCCAAGAATATTGCAGAAAGGCGTTAAGGGTCGAATGTAAGAC
chrXI	245897	10150	GGACACCGGTTCTGTAACTTTGCAGTGAAAATAAGTGTGATGGATGACTGAGAATGCTTTCTTGTAAGCGAAAAGAAGTACGTGTTCCAAAAATAAAGCAGAAAGGCGAAAAGGGTCGAATGTAAGACACTAAATAAATATTTTAAGA
chrXI	245898	2640	GACACCGGTTCTGTAACTTTGCAGTGAAAATAAGTGTGGTGGATGACTGAGAATGCTTTCTTGTAAGCGAAAAGAAGTACGTGTTCCAAAAATAAAGCAGAAAGGCGAAAAGGGTCGAATGTAAGACACTAAATAAATATTTTAAGAAGAG
chrXI	245900	7530	CACCGGTTCGGTAAGTTTGCAGTGATTATAAGTGTGATGTATGTCAGAGTATGCTTTCTTGTCATCTAAAATAAGTACGACTTCCATAAATAAAGCAGTAAGCCGAAAAGGGTCTAATGTAAGACTGTAAATAAATATTTTAAG(TCTATGA)
chrXI	245905	70	GTTCTGTAACTTTGCAGTGAAAATAAGTGTGATGGATGACTGAGAATGCTTTCTTGTAAGCGAAAAGAAGTACGTGTTCCAAAAATAAAGCAGAAAGGCGAAAAGGGTCGAATGTAAGACACTAAATAAATATTTTAAGAAGAGGAAAAGT
chrXI	245905	1410	GTTCTGTAACTTTGCAGTGAAAATAAGTGTGATGGATGACTGAGAATGCTTTCTTGTAAGCGAAAAGAAGTACGTGTTCCAAAAATAAAGCAGAAAGGCGAAAAGGGTCGAATGTAAGACACTAAATAAATATTTTAAGAAGAGGAAAAGT
chrXI	245905	7530	GTTCTGTACCTTTTCAGAGAAAATAAGTGTGATGGATGACTGATAATCCATTCTTGTAAGAGAAAAGAAGTACGTGTTCCAAAATTAAAGCAGAAAGGCGTAAATGGTGGAATGTTTGACACTAAATAAATAATTTAAGTAGAGGTAAAGT
chrXI	245905	7530	GTTCTGTAACTTTGCAGTGAAAATAAGTGTGATGGATGACTGAGAATGCTTTCTTGTAAGCGAAAAGAAGTACGTGTTCCAAAAATAAAGCAGAAAGGCGAAAAGGGTCGAATGTAAGACACTAAATAAATATTTTAAGAAGAGGAAAAGT
chrXI	245905	7530	GTTCTGTAACTTTGCAGTGAAAATAAGTGTGATGGATGACGGAGAATGCTTTCTTGTAAGCGACAAGAAGTACTTGTTCCAAAAATAAAGAATTAAGGCGAATAGGGTCGAATGTAAGACACTCTATTAGTATTTTAAGTAGAGGAAAAGT
chrXI	245905	70	GTTCTGTAACTTTGCAGTGACAATAAGTGTGATGGATGACTGAGAATGCTTTCTTGTAAGCGAAAAGAAGTACGTGTTCCAAAAATAAAGCAGAAAGGCGAAAAGGGTCGAATGTAAGACACTAAATAAATATTTTAAGAAGAGGAAAAGT
chrXI	245905	70	GTTCTGTAACTTTGCAGTGAAAATAAGTGTGATGGATGACTGAGAATGCTTTCTTGTAAGCGAAAAGAAGTACGTGTTCCAAAAATAAAGCAGAAAGGCGAAAAGGGTCGAATGTAAGACACTAAATAAATATTTTAAGAAGAGGAAAAGT
chrXI	245905	1410	GTTCTGTAACTTTGCAGTGAAAATAAGTGTGATGGATGACTGAGAATGCTTTCTTGTAAGCGAAAAGAAGTACGTGTTCCAAAAATAAAGCAGAAAGGCGAAAAGGGTCGAATGTAAGACACTAAATAAATATTTTAAGAAGAGGAAAAGT
chrXI	245905	70	GTTCTGTAACTTTGCAGTGAAAATAAGTGTGATGGATGACTGAGAATGCTTTCTTGTAAGCGAAAAGAAGTACGTGTTCCAAAAATAAAGCAGAAAGGCGAAAAGGGTCGAATGTAAGACACTAAATAAATATTTTAAGAAGAGGAAAAGT
chrXI	245906	2640	TTCTGTAACTTTGCACTGAAAATACGAGTGATAGATGAGTGAGAATGCTTGCTAGAAAGCGAAAAGAAGTACGTGTTC(AACAAAGATAGCAGATAGGCGCACATGTTCTAAAGTAAGACACAAAATAAATATTTAAAATCGAGGAAAAGA)
chrXI	245906	1410	TTCTGTAACTTTGCAGTGAAAATAAGTGTGATGGATGACTGAGAATGCTTTCTTGTAAGCGAAAAGAAGTACGTGTTCCAAAAATAAAGCAGAAAGGCGAAAAGGGTCGAATGTAAGACACTAAATAAATATTTTAAGAAGAGGAAAAGTC
chrXI	245907	70	TCTGTAACTTTGCAGTGAAAATAAGTGTGATGGATGACTGAGAATGCTTTCTTGTAAGCGAAAAGAAGTACGTGTTCCAAAAATAAAGCAGAAAGGCGAAAAGGGTCGAATGTAAGACACTAAATAAATATTTTAAGA
chrXI	245907	70	TCTGTAACTTTGCAGTGAAAATAAGTGTGATGGATGACTGAGAATGCTTTCTTGTAAGCGAAAAGAAGTACGTGTTCCAAAAATAAAGCAGAAAGGCGAAAAGGGTCGAATGTAAGACACTAAATAAATATTTTAAGA
chrXI	245910	70	(GGTCA)GTAACTTTGAATTGAAAATCAGTGAGATGGATGACTGAGAATGCTTTCTAGAAAGCGAGAAGAAGTCCGTGTTACAAAAATAACGCAGAAACGCGAAACGTGTCGAATGGAAGACACTAAATAA(CTCTTATAGGTCGAGGCAAAGG)
chrXI	245916	2640	TTGCAGTGAAAATAAGTGTGATGGATGACTGAGAATGCTTTCTTGTAATCGAAAAGAAGTACGTTTTCCAAAAATAAAGCAGAAAGGCGAAAAGGGTCGAATGTAAGACACTAAATAAATATTTTAAGAAGAGGAAAAGTCGCCTCAGAAA
chrXI	245917	1410	TGCAGTGAAAATAAGTGTGATGGATGACTGAGAATGCTTTCTTGTAAGCGAAAAGAAGTACGTGTTCCAAAAATAAAGCAGAAAGGCGAAAAGGGTCGAATGTAAGACACTAAATAAATATTTTAAGAAGAGGAAAAGTCGCCTCAGAAA
chrXI	245917	10150	TGCAGTGAAAATAAGTGTGATGGATGACTGAGAATGCTTTCTTGTAAGCGAAAAGAAGTACGTGTTCCAAAAATAAAGCAGAAAGGCGAAAAGGGTCGAATGTAAGACACTAAATAAATATTTTAAGAAGAGGAAAAGTCGCCTCAGAAA
chrXI	245921	5150	GTGAAAATAAGTGTGATGGATGACTGAGAATGCTTTCTTGTAAGCGAAAAGAAGTACGTGTTCCAAAAATAAAGCAGAAAGGCGAAAAGGGTCGAATGTAAGACACTAAATAAATATTTTAAGAAGAGGAAAAGTCGCCTCAGAAACGCT
chrXI	245922	7530	TGAAAATAAGTGTGATGGATGACTGAGAATGCTTTCTTGTAAGCGAAAAGAAGTACGTGTTCCAAAAATAAAGCAGAAAGGCGAAAAGGGTCGAATGTAAGACACTAAATAAATATTTTAAGAAGAGGAAAAGTCGCCTCAGAAACGC
chrXI	245923	70	GAAAATAAGTGTGATGGATGACTGAGAATGCTTTCTTGTAAGCGAAAAGAAGTACGTGTTCCAAAAATAAAGCAGAAAGGCGAAAAGGGTCGAATGTAAGACACTAAATAAATATTTTAAGAAGAGGAAAAGTCGCCTCAGAAACGCTAAA
chrXI	245923	10150	GAAAATAAGTGTGATGGATGACTGAGAATGCTTTCTTGTAAGCGAAAAGAAGTACGTGTTCCAAAAATAAAGCAGAAAGGCGAAAAGGGTCGAATGTAAGACACTAAATAAATATTTTAAGAAGAGGAAAAGTCGCCTCAGAAACGCTAA
chrXI	245923	7530	GAAAATAAGTGTGATGGATGACTGAGAATGCTTTCTTGTAAGCGAAAAGAAGTACGTGTTCCAAAAATAAAGCAGAAAGGCGAAAAGGGTCGACTGTAAGACACTAAATAAATATTTTAAGAAGAGGAAAAGTCGCCTCAGACACGCTAAA
chrXI	245925	10150	AAATAAGTGTGATGGATGACTGAGAATGCTTTCTTGTAAGCGAAAAGAAGTACGTGTTCCAAAAATAAAGCAGAAAGGCGAAAAGGGTCGAATGTAAGACACTAAATAAATATTTTAAGAAGAGGAAAAGTCGCCTCAGAAACGCTAAAAT
chrXI	245925	10150	AAATAAGTGTGATGGATGACTGAGAATGCTTTCTTGTAAGCGAAAAGAAGTACGTGTTCCAAAAATAAAGCAGAAAGGCGAAAAGGGTCGAATGTAAGACACTAAATAAATATTTTAAGAAGAGGAAAAGTCGCCTCAGAAACGCTAAAAT
chrXI	245925	7530	AAATAAGTGTGATGGATGACTGAGAATGCTTTCTTGTAAGCGAAAAGAAGTACGTGTTCCAAAAATAAAGCAGAAAGGCGAAAAGGGTCGAATGTAAGACACTAAATAAATATTTTAAGAAGAGGAAAAGTCGCCTCAGAAACGCTAAAAT
chrXI	245925	10150	AAATAAGTGTGATGGATGACTGAGAATGCTTTCTTGTAAGCGAAAAGAAGTACGTGTTCCAAAAATAAAGCAGAAAGGCGAAAAGGGTCGAATGTAAGACACTAAATAAATATTTTAAGAAGAGGAAAAGTCGCCTCAGAAACGCTAAAAT
chrXI	245925	5150	AAATAAGTGTGATGGATGACTGAGAATGCTTTCTTGTAAGCGAAAAGAAGTACGTGTTCCAAAAATAAAGCAGAAAGGCGAAAAGGGTCGAATGTAAGACACTAAATAAATATTTTAAGAAGAGGAAAAGTCGCCTCAGAAACGCTAAAAT
chrXI	245925	10150	AAATAAGTGTGATGGATGACTGAGAATGCTTTCTTGTAAGCGAAAAGAAGTACGTGTTCCAAAAATAAAGCAGAAAGGCGAAAAGGGTCGAATGTAAGACACTAAATAAATATTTTAAGAAGAGGAAAAGTCGCCTCAGAAACGCTAAAAT
chrXI	245926	1410	AATAAGTGTGATGGATGACTGAGAATGCTTTCTTGTAAGCGAAAAGAAGTACGTGTTCCAAAAATAAAGCAGAAAGGCGAAAAGGGTCGAATGTAAGACACTAAATAAATATTTTAAGAAGAGGAAAAGTCGCCTCAGAAACGCTAAAATG
chrXI	245926	7530	AATAAGTGTGATGGATGACTGAGAATGCTTTCTTGTAAGCGAAAAGAAGTACGTGTTCCAAAAATAAAGCAGAAAGGCGAAAAGGGTCGAATGTAAGACACTAAATAAATATTTTAAGAAGAGGAAAAGTCGCCTCAGAAACGCTAAAATG
chrXI	245929	7530	AAGTGTGATGGATGACTGAGAATGCTTTCTTGTAAGCGAAAAGAAGTACGTGTTCCAAAAATAAAGCAGAAAGGCGAAAAGGGTCGAATGTAAGACACTAAATAAATATTTTAAGAAGAGGAAAAGTCGCCTCAGAAACGCTAAAATGCAT
chrXI	245929	1410	AAGTGTGATGGATGACTGAGAATGCTTTCTTGTAAGCGAAAAGAAGTACGTGTTCCAAAAATAAAGCAGAAAGGCGAAAAGGGTCGAATGTAAGACACTAAATAAATATTTTAAGAAGAGGAAAAGTCGCCTCAGAAACGCTAAAATGCAT
chrXI	245930	5150	AGTGTGATGGATGACTGAGAATGCTTTCTTGTAAGCGAAAAGAAGTACGTGTTCCAAAAATAAAGCAGAAAGGCGAAAAGGGTCGAATGTAAGACACTAAATAAATATTTTAAGAAGAGGAAAAGTCGCCTCAGAAACGCTAAAATGCATC
chrXI	245930	7530	TGTGTGATGGATGTCTGAGAATGCTTTCTTGTAAGCGAAAAGTAGTACGTGTTCCAAAAATAAAGCAGAATGGCGAATAGGGTCGAATGTAAGACACTAAATAATTATTTTATGTAGAGGAAAAGTCGCCTCAGAAACGCTAAATTGCAT
chrXI	245931	1410	GTGTGATGGATGACTGAGAATGCTTTCTTGTAAGCGAAAAGAAGTACGTGTTCCAAAAATAAAGCAGAAAGGCGAAAAGGGTCGAATGTAAGACACTAAATAAATATTTTAAGAAGAGGAAAAGTCGCCTCAGAAACGCTAAAATGCATCC
chrXI	245931	2640	GTGTGATGGATGACTGAGAATGCTTTCTTGTAAGCGAAAAGAAGTACGTGTTCCAAAAATAAAGCAGAAAGGCGAAAAGGGTCGAATGTAAGACACTAAATAAATATTTTAAGAAGAGGAAAAGTCGCCTCAGAAACGCTAAAATGCATC
chrXI	245933	2640	GTGATGGATGACTGAGAATGCTTTCTTGTAAGCGAAAAGAAGTACGTGTTCCAAAAATAAAGCAGAAAGGCGAAAAGGGTCGAATGTAAGACACTAAATAAATATTTTAAGAAGAGGAAAAGTCGCCTCAGAAACGCTAAAATGCATCCGA
chrXI	245934	2640	TGATGGATGACTGAGAATGCTTTCTTGTAAGCGAAAAGAAGTACGTGTTCCAAAAATAAAGCAGAAAGGCGAAAAGGGTCGAATGTAAGACACTAAATAAATATTTTAAGAAGAGGAAAAGTCGCCTCAGAAACGCTAAAATGCATCCGA
chrXI	245936	7530	ATGGCTGACTTAGAATGCTTTCTAGTAAGCGAAAAGAAGTACGTGTTCCAAAAATAAAGCAGAAAGGCGAAAAGGGTCCAATGTAAGACACTAAATAAATATTTTAAGAAGAGGAAAAGTCGCCTCAGAAACGCTAAAATTCATCCGATTT
chrXI	245936	2640	ATGGATGACTGAGAATGCTTTCTTGTAAGCGAAAAGAAGTACGTGTTCCAAAAATAAAGCAGAAAGGCGAAAAGGGTCGAATGTAAGACACTAAATAAATATTTTAAGAAGAGGAAAAGTCGCCTCAGAAACGCTAAAATGCATCCGATTT
chrXI	313699	70	TGGCATCGCCAGATGCAGAAAGGGTGTCTCATGAAATAAAAACGGACAGACCATGAAGGCTAAAGGAAAAAAATAAAATGCCATCTCCTAGAATCGAACCAGGGTTTCATCGGCCACAACGATGTGTACTAACCACTATACTAAGATGGCA
chrXI	313703	5150	ATCGCCAGATGCAGAAAGGTTGTCTCATGAAATAAAAACGGACAGACCATGAAGGCTAAAGGAAAAAAATAAAATGCCATCTCCTAGAATCGAACCAGGGTTTCATCGGCCACAACGATGTGTACTAACCACTATACTAAGATGGCAAACA
chrXI	313705	1410	CGCCAGATGCAGAAAGGTTGTCTCATGAAATAAAAACGGACAGACCATGAAGGCTAAAGGAAAAAAATAAAATGCCATCTCCTAGAATCGAACCAGGGTTTCATCGGCCACAACGATGTGTACTAACCACTATACTAAGATGGCAAACAAC
chrXI	313706	2640	GCCAGATGCAGAAAGGTTGTCTCATGAAATAAAATCGGACAGACCATGAAGGCTAAAGGACAAAAATAAAATGCCATCTCCAAGAATCGAACCAGGGTTTCATCGGCCACAACGATGTGTACTAACCACTATACTCAGATGGCAAACAA
chrXI	313707	7530	CCAGATGCAGAAAGGTTGTCTCATGAAATAAAAACGGACAGACCATGAAGGCTAAAGGACAAAAATAAAATGCCATCTCCTAGAATCGAACCAGGGTTTCATCGGCCCCAACGATGTGTACTAACCACTATACTAAGATGGCAAACAA
chrXI	313711	2640	ATGCAGAAAGGTTGTCTCATGAAATAAAAACGGACAGACCATGAAGGCTAAAGGAAAAAAATAAAATGCCATCTCCTAGAATCGAACCAGGGTTTCATCGGCCACAACGATGTGTACTAACCACTATACTAAGATGGCAAACAACTGTGA
chrXI	313711	2640	ATGCAGAAAGGTTGTCTCATGAAATAAAAACGGACAGACCAAGAAGGCTAAAGGAAAAAAATAAAATGCCATCTCCTAGAATCGAACCAGGGTTTCATCGGCCACAACGATGTGTACTAACCACTATACTAAGATGGCAAACAACTGTGA
chrXI	313711	2640	ATGCAGAAAGGTTGTCTCATGAAATAAAAACGGACAGACCATGAAGGCTAAAGGAAAAAAATAAAATGCCATCTCCTAGAATCGAACCAGGGTTTCATCGGCCACAACGATGTGTACTAACCACTATACTAAGATGGCAAACAACTGTGAA
chrXI	313712	2640	TGCAGAAAGGTTGTCTCATGAAATAAAAACGGACAGACCATGAAGGCTAAAGGAAAAAAATAAAATGCCATCTCCTAGAATCGAACCAGGGTTTCATCGGCCACAACGATGTGTACTAACCACTATACTAAGATGGCAAACAACTGTGAAG
chrXI	313713	10150	GCAGAAAGGTTGTCTCATGAAATAAAAACGGACAGACCATGAAGGCTAAAGGAAAAAAATAAAATGCCATCTCCTAGAATCGAACCAGGGTTTCATCGGCCACAACGATGTGTACTAACCACTATACTAAGATGGCAAACAACTGTGAAG
chrXI	313713	1410	GCAGAAAGGTTGTCTCATGAAATAAAAACGGACAGACCATGAAGGCTAAAGGAAAAAAATAAAATGCCATCTCCTAGAATCGAACCAGGGTTTCATCGGCCACAACGATGTGTACTAACCACTATACTAAGATGGCAAACAACTGTGAAG
chrXI	313714	5150	CAGAAAGGTTGTCTCATGAAATAAAAACGGACAGACCATGAAGGCTAAAGGAAAAAAATAAAATGCCATCTCCTAGAATCGAACCAGGGTTTCATCGGCCACAACGATGTGTACTAACCACTATACTAAGATGGCAAACAACTGTGAAGTT
chrXI	313715	2640	(TTGG)AGAAAGGTTGTCTCATGAAATATAAACGGACAGTCCAAGAAGGCTAAAGGAAAAAAATAAAATGCCATCTCCTAGAATCCAACCAGGGATTCATCGGCCACAACGAAGTGTACTCACCACTATACAAAGATGGCACACAACTCTGAA
chrXI	313717	2640	AAAGGTTGTCTCATGAAATAAAAACGGACAGACCATGAAGGCTAAAGGAAAAAAATAAAATGCCATCTCCTAGAATCGAACCAGGGTTTCATCGGCCACAACGATGTGTACTAACCACTATACTAAGATGGCAAACAACTGTGAAGTTT
chrXI	313717	7530	AAAGGTTGTCTCATGAAATAAAAACGGACAGACCATGAAGGCTAACGGAAAAAAATAAAATGCCATCTCCTAGAATCGAACCAGGGTTTCATCGGCCACAACGATGTGTACTAACCACTATACTAAGATGGAAAACAACTGTGAAGTTT
chrXI	313720	7530	GGTTGTCTCATGAAATAAAAACGGACAGACCATGAAGGCTAAAGGAAAAAAATAAAATGCCATCTCCTAGAATCGAACCAGGGTTTCATCGGCCACAACGATGTGTACTAACCACTATACTAAGATGGCAAACAACTGTGAAGTTTTTGGT
chrXI	313720	70	GGTTGTCTCATGAAATAAAAACGGACAGACCATGAAGGCTAAAGGAAAAAAATAAAATGCCATCTCCTAGAATCGAACCAGGGTTTCATCGGCCACAACGATGTGTACTAACCACTATACTAAGAGGGCAAACAACTGTGAAGTTTTTGGT
chrXI	313721	7530	GTTGTCTCATGAAATAAAAACGGACAGACCATGAAGCCTAAAGGAAAAAAATAAAATGCAATCTCCTAGAATCGAACCAGGGTTTCATCGGCCACAACGATGTGTACTAACCACTATACTAAGATGGCAAACAACTGTGAAGTTTTTGGT
chrXI	313726	70	CTCATGAAATAATAACGGACAGACCATGTAGGCTAAAGGAAAAAAATAAAATGCCATCTCCTAGAATCGAACCAGGGTTTCATCGGCCACAACGATGTGTACTAACCACTATACTAAGATGGCAAACAACTGTGAAGTTTTTGGTTACATC
chrXI	313726	7530	CTCATGAAAAAATAACGGACAGACTATGAAGGCTAAAGGAAAAAAATAAAAAGCCATCTCCGAGAATCGACCCAGGGTTTCATCGGCCACAACGATGTGTACTAACCAGTATACTAAGATGGCTAACATCTGTGAAGATTTTGTTTACATC
chrXI	313728	1410	CATGAAATAAAAACGGACAGACCATGAAGGCTAAAGGAAAAAAATAAAATGCCATCTCCTAGAATCGAACCAGGGTTTCATCGGCCACAACGATGTGTACTAACCACTATACTAAGATGGCAAACAACTGTGAAGTTTTTGGTTACATC
chrXI	313728	10150	CATGAAATAAAAACGGACAGACCATGAAGGCTAAAGGAAAAAAATAAAATGCCATCTCCTAGAATCGAACCAGGGTTTCATCGGCCACAACGATGTGTACTAACCACTATACTAAGATGGCAAACAACTGTGAAGTTTTTGGTTACATC
chrXI	313731	1410	GAAATAAAAACGGACAGACCATGAAGGCTAAAGGAAAAAAATAAAATGCCATCTCCTAGAATCGAACCAGGGTTTCATCGGCCACAACGATGTGTACTAACCACTATACTAAGATGGCAAACAACTGTGAAGTTTTTGGTTACATCTGCAC
chrXI	313731	1410	GAAATAAAAACGGACAGACCATGAAGGCTAAAGGAAAAAAATAAAATGCCATCTCCTAGAATCGAACCAGGGTTTCATCGGCCACAACGATGTGTACTAACCACTATACTAAGATGGCAAACAACTGTGAAGTTTTTGGTTACATCTGCAC
chrXI	313731	1410	GAAATAAAAACGGACAGACCATGAAGGCTAAAGGAAAAAAATAAAATGCCATCTCCTAGAATCGAACCAGGGTTTCATCGGCCACAACGATGTGTACTAACCACTATACTAAGATGGCAAACAACTGTGAAGTTTTTGGTTACATCTGCAC
chrXI	313731	5150	GAAATAAAAACGGACAGACCATGAAGGCTAAAGGAAAAAAATAAAATGCCATCTCCTAGAATCGAACCAGGGTTTCATCGGCCACAACGATGTGTACTAACCACTATACTAAGATGGCAAACAACTGTGAAGTTTTTGGTTACATCTGCAC
chrXI	313731	1410	GAAATAAAAACGGACAGACCATGAAGGCTAAAGGAAAAAAATAAAATGCCATCTCCTAGAATCGAACCAGGGTTTCATCGGCCACAACGATGTGTACTAACCACTATACTAAGATGGCAAACAACTGTGAAGTTTTTGGTTACATCTGCAC
chrXI	313732	7530	AAATAAAAACGGACAGACCATGAAGGCTAAAGGAAAAAAATAAAATGCCATCTCCTAGAATCGAACCAGGGTTTCATCGGCCACAACGATGTGTACTAACCACTATACTAAGATGGAAATCAACTGTGAAGTTTTTGGTTACATCTGCACA
chrXI	313732	5150	AAATAAAAACGGACAGACCATGAAGGCTAAAGGAAAAAAATAAAATGCCATCTCCTAGAATCGAACCAGGGTTTCATCGGCCACAACGATGTGTACTAACCACTATACTAAGATGGCAAACAACTGTGAAGTTTTTGGTTACATCTGCAC
chrXI	313732	2640	TAATAAAAACGGCCAGACCATTCACGCTAAAGGAAAAAATTAAAATGCCATCTCCTAGACTCGAACCAGGGTTACTACGGCCACATAGATGTTTCCTAACCACTATACTAAGAGGGCACACACCTCTGAAGTTTTTGGTTACATCTGCAC
chrXI	313733	5150	AATAAAAACGGACAGACCATGAAGGCTAAAGGAAAAAAATAAAATGCCATCTCCTAGAATCGAACCAGGGTTTCATCGGCCACAACGATGTGTACTAACCACTATACTAAGATGGCAAACAACTGTGAAGTTTTTGGTTACATCTGCACAT
chrXI	313734	10150	ATAAAAACGGACAGACCATGAAGGCTAAAGGAAAAAAATAAAATGCCATCTCCTAGAATCGAACCAGGGTTTCATCGGCCACAACGATGTGTACTAACCACTATACTAAGATGGCAAACAACTGTGAAGTTTTTGGTTACATCTGCACATC
chrXI	313734	7530	ATAAAAACGGACAGACCATGAAGGCTAAAGGAAAAAAATAAACTGCCATCTCCTAGAATCGAACCAGGGTTTCATCGGCCACAACGATGTGTACTAACCACTATACTAAGATGGCAAACAACTGTGAAGTTTTTGGTTACATCTGCACATC
chrXI	313734	70	ATAAAAACGGACAGACCATGAAGGCTAAAGGAAAAAAATAAAATGCCATCTCCTAGAATCGAACCAGGGTTTCATCGGCCACAACGATGTGTACTAACCACTATACTAAGATGGCAAACAACTGTGAAGTTTTTGGTTACATCTGCACATC
chrXI	313734	70	ATAAAAACGGACAGACCATGAAGGCTAAAGGAAAAAAATAAAATGCCATCTCCTAGAATCGAACCAGGGTTTCATCGGCCACAACGATGTGTACTAACCACTATACTAAGATGGCAAACAACTGTGAAGTTTTTGGTTACATCTGCACATC
chrXI	313734	5150	ATAAAAACGGACAGACCATGAAGGCTAAAGGAAAAAAATAAAATGCCATCTCCTAGAATCGAACCAGGGTTTCATCGGCCACAACGATGTGTACTAACCACTATACTAAGATGGCAAACAACTGTGAAGTTTTTGGTTACATCTGCACATC
chrXI	313734	1410	ATAAAAACGGACAGACCATGAAGGCTAAAGGAAAAAAATAAAATGCCATCTCCTAGAATCGAACCAGGGTTTCATCGGCCACAACGATGTGTACTAACCACTATACTAAGATGGCAAACAACTGTGAAGTTTTTGGTTACATCTGCACATC
chrXI	313734	70	ATAAAAACGGACAGACCATGAAGGCTAAAGGAAAAAAATAAAATGCCATCTCCTAGAATCGAACCAGGGTTTCATCGGCCACAACGATGTGTACTAACCACTATACTAAGATGGCAAACAACTGTGAAGTTTTTGGTTACATCTGCACATC
chrXI	313734	7530	ATAAAAACGGACAGACCATGAAGGCTAAAGGAAAAAAATAAAATGCCATCTCCTAGAATCGAACCAGGGTTTCATCGGCCACAACGATGTGTACTAACCACTATACTAAGATGGCAAACAACTGTGAAGTTTTTGGTTACATCTGCACATC
chrXI	313736	5150	AAAAACGGACAGACCATGAAGGCTAAAGGAAAAAAATAAAATGCCATCTCCTAGAATCGAACCAGGGTTTCATCGGCCACAACGATGTGTACTAACCACTATACTAAGATGGAAAACAACTGTGAAGTTTTTGGTTACATCTGCACATCTG
chrXI	313737	70	AAAAAGGAAAGACCATGAAGGCTAAAGGAAAAAAATAAAATGCCATCTCCTAGAATCGAACCAGGCTTTCATCGGCCACAACTATCTTTACTCTCCACTATACTAAGATCGCAAACAACTGAGAAGTATTAGGTTACATCTGCACATCTGG
chrXI	313737	5150	AAAACGGACAGACCATGAAGGCTAAAGGAAAAAAATAAAATGCCATCTCCTAGAATCGAACCAGGGTTTCATCGGCCACAACGATGTGTACTAACCACTATACTAAGATGGCAAACAACTGTGAAGTTTTTGGTTACATCTGCACATCTGG
chrXI	313738	10150	AAACGGACAGACCATGAAGGCTAAAGGAAAAAAATAAAATGCCATCTCCTAGAATCGAACCAGGGTTTCATCGGCCACAACGATGTGTACTAACCACTATACTAAGATGGCAAACAACTGTGAAGTTTTTGGTTACATCTGCACATCTGGT
chrXI	313739	70	AACGGACAGACCAGGAAGGCTAAAGGAAAAAAATAAAATGCCATCTCCTAGAATCGAACCCGGGTTTCATCGGCCACAACGATGTGTACTACCCACTATACTAAGATGGCAAACAACTGTGAAGTTTTTGGTTACATCTGCACATCTGGTT
chrXI	313739	1410	AACGGACAGACCATGAAGGCTAAAGGAAAAAAATAAAATGCCATCTCCTAGAATCGAACCAGGGTTTCATCGGCCACAACGATGTGTACTAACCACTATACTAAGATGGCAAACAACTGTGAAGTTTTTGGTTACATCTGCACATCTGGTT
chrXI	313739	70	AACGGACAGACCATGAAGGCTAAAGGAAAAAAATAAAATGCCATCTCCTAGAATCGAACCAGGGTTTCATCGGCCACAACGATGTGTACTAACCACTATACTAAGATGGCAAACAACTGTGAAGTTTTTGGTTACATCTGCACATCTGGTT
chrXI	313739	70	AACGGACAGACCATGAAGGCTAAAGGAAAAAAATAAACTGCCATCTCCTAGAATCGAACCCGGGTTTCATCGGCCACAACGATGTGTACTAACCACTATACTAAGATGGCAAACAACTGTGAAGTTTTTGGTTACATCTGCACATCTGGTT
chrXI	313739	70	AACGGACAGACCATGAAGGCTAAAGGAAAAAAATAAAATGCCATCTCCTAGAATCGAACCAGGGTTTCATCGGCCACAACGATGTGTACTAACCACTATACTAAGATGGCAAACAACTGTGAAGTTTTTGGTTACATCTGCACATCTGGTT
chrXI	313741	7530	CGGACAGACCATGAAGGCTAAAGGAAAAAAATAAAATGCCATCTCCTAGAATCGAACCAGGGTTTCATCGGCCACAACGATGTGTACTAACCACTATACTAAGATGGCAAACAACTGTGAAGTTTTTGGTTACATCTTCACATCTGGGTGA
chrXI	313741	2640	CGGACAGACCATGAAGGCTAAAGGAAAAAAATAAAATGCCATCTCCTAGAATCGAACCAGGGTTTCATCGGCCACAACGATGTGTACTAACCACTATACTAAGATGGCAAACAACTGTGAAGTTTTTGGTTACATCTGCACATCTGGTTGA
chrXI	313747	2640	GACCATGAAGGCTAAAGGAAAAAAATAAAATGCCATCTCCTAGAATCGAACCAGGGTTTCATCGGCCACAACGATGTGTACTAACCACTATACTAAGATGGCAAACAACTGTGAAGTTTTTGGTTACATCTGCACATCTGGTTGAATAAAT
chrXI	313747	7530	GACCATGAAGGCTAAAGGAAAAAAATAAAATGCCATCTCCTAGAATCGAACCAGGGTTTCATCGGCCACAACGATGTGTACTAACCACTATACTAAGATGGCAAACAACTGTGAAGTGTTTGGTTACATCTGCACATCTGGTTGAATAAAT
chrXI	313747	70	GACCATGAAGGCTAAAGGAAAAAAATAAAATGCCATCTCCTAGAATCGAACCAGGGTTTCATCGGCCACAACGATGTGTACTAACCACTATACTAAGATGGCAAACAACTGGGAAGTTTTTGGTTACATCTGCACATCTGGTTGAATAAAT
chrXI	313747	2640	GACCATGAAGGCTAAAGGAAAAAAATAAAATGCCATCTCCTAGAATCGAACCAGGGTTTCATCGGCCACAACGATGTGTACTAACCACTATACTAAGATGGCAAACAACTGTGAAGTTTTTGGTTACATCTGCACATCTGGTTGAATAAAT
chrXI	313747	7530	GACCATGAAGGCTAAAGGAAAAAAATAAAATGCCATCTCCTAGAATCGAACCAGGGTTTCATCGTCCACAACGATGTGTACTAACCACTATACTAAGATGGCAAACAACTGTGAAGTTTTTGGTTACATCTGCACATCAGGTTGAATAAAT
chrXI	313748	70	ACCATGAAGGCTAAAGGAAAAAAATAAAATGCCATCTCCTAGAATCGAACCAGGGTTTCATCGGCCACAACGATGTGTACTAACCACTATACTAAGATGGCAAACAACTGTGAAGTTTTTGGTTACATCTGCACATCTGGTTGAATAAATA
chrXI	313748	70	ACCATGAAGGCTAAAGGAAAAAAATAAAATGCCATCTCCTAGAATCGAACCAGGGTTTCATCGGCCACAACGATGTGTACTAACCACTATACTAAGATGACAAACAACTGTGAAGTTTTTGGTTACATCTGCACCTCTGGTTGAATAAATA
chrXI	313748	70	ACCATGAAGGCTAAAGGAAAAAAATAAAATGCCATCTCCTAGAATCGAACCAGGGTTTCATCGGCCACAACGATGTGTACTAACCACTATACTAAGATGGCAAACAACTGTGAAGTTTTTGGTTACATCTGCACATCTGGTTGAATAAATA
chrXI	313748	7530	ACCATGAAGGCTAAAGGAAAAAAATAAAATGCCATCTCCTAGAATCGAACCAGGGTTTCATCGGCCACAACGATGTGTACTAACCACTATACTAAGATGGCAAACAACTGTGAAGTTTTTGGTTACATCTGCACATCTGGTTGAATAAATA
chrXI	313748	2640	ACCATGAAGGCTAAAGGAAAAAAATAAAATGCCATCTCCTAGAATCGAACCAGGGTTTCATCGGCCACAACGATGTGTACTAACCACTATACTAAGATGGCAAACAACTGTGAAGTTTTTGGTTACATCTGCACATCTGGTTGAATAAATA
chrXI	313748	70	ACCATGAAGGCTAAAGGAAAAAAATAAAATGCCATCTCCTAGAATCGAACCAGGGTTTCATCGGCCACAACGATGTGTACTAACCACTATACTAAGATGGCAAACAACTGTGAAGTTTTTGGTTACATCTGCACATCTGGTTGAATAAATA
chrXI	313749	10150	CCATGAAGGCTAAAGGAAAAAAATAAAATGCCATCTCCTAGAATCGAACCAGGGTTTCATCGGCCACAACGATGTGTACTAACCACTATACTAAGATGGCAAACAACTGTGAAGTTTTTGGTTACATCTGCACATCTGGTTGAATAAATAT
chrXI	313749	7530	CCATGAAGGCTAAAGGAAAAAAATAAAATGCCATCTCCTAGAATCGAACCAGGGTTTCATCGGCCACAACGATGTGTACTAACCACTATACTAAGATGGCAAACAACTGTGAAGTTTTTGGTTACATCTGCACATCTGGTTGACTAAATAT
chrXI	313749	1410	CCATGAAGGCTAAAGGAAAAAAATAAAATGCCATCTCCTAGAATCGAACCAGGGTTTCATCGGCCACAACGATGTGTACTAACCACTATACTAAGATGGCAAACAACTGTGAAGTTTTTGGTTACATCTGCACATCTGGTTGAATAAATAT
chrXI	313749	2640	CCATGAAGGCTAAAGGAAAAAAATAAAATGCCATCTCCTAGAATCGAACCAGGGTTTCATCGGCCACAACGATGTGTACTAACCACTATACTAAGATGGCAAACAACTGTGAAGTTTTTGGTTACATCTGCACATCTGGTTGAATAAATAT
chrXI	313749	2640	CCATGAAGGCTTAAGGAAAATAATAAATTGCCATCTCCTAGATTCGACCCAGGGGTTCATCGTCCAAAACGTTGTGTACTAACCACTATACTAAGAAGGCAATCACCTTTGAAGTTTTTGGTTACATCTGCACATCTGGTTGTATAAATAT
chrXI	313749	7530	CCATGAAGGCTAAAGGAAAAAAATAAAATGCCATCTCCTAGAATCGAACCAGGGTTTCATCGGCCACAACGATGTGTACTAACCACTATACTAAGATGGCAAACAACTGTGAAGTTTTTGGTTACATCTGCACATCTGGTTGAATAAATAT
chrXI	313749	7530	CCATGAAGGCTAAAGGAAAAAAATAAAATGCCATCTCCTAGAATCGCCCCAGGGTTTCATCGGCCACAACGATGTGTACTAACCACTATACTAAGATGGCAAACAACTGTGAAGTTTTTGGTTACATCTGCACATCTGGTTGAATAAATAT
chrXI	313749	10150	CCATGAAGGCTAAAGGAAAAAAATAAAATGCCATCTCCTAGAATCGAACCAGGGTTTCATCGGCCACAACGATGTGTACTAACCACTATACTAAGATGGCAAACAACTGTGAAGTTTTTGGTTACATCTGCACATCTGGTTGAATAAATAT
chrXI	313749	2640	CCATGAAGGCTAAAGGAAAAAAATAAAATGCCATCTCCTAGAATCGAACCAGGGTTTCATCGGCCACAACGATGTGTACTAACCACTATACTAAGATGGCAAACAACTGTGAAGTTTTTGGTTACATCTGCACATCTGGTTGAATAAATAT
chrXI	313754	2640	AAGGCTAAAGGAAAAAAATAAAATGCCATCTCCTAGAATCGAACCAGGGTTTCATCGGCCACAACGATGTGTACTAACCACTATACTAAGATGGCAAACAACTGTGAAGTTTTTGGTTACATCTGCACATCTGGTTGAATAAATATTATGT
chrXI	313754	5150	AAGGCTAAAGGAAAAAAATAAAATGCCATCTCCTAGAATCGAACCAGGGTTTCATCGGCCACAACGATGTGTACTAACCACTATACTAAGATGGAAAACAACTGTGAAGTTTTTGGTTACATCTGCACATCTGGTTGAATAAATATTATGT
chrXI	313754	2640	AAGGCTAAAGGAAAAAAATAAAATGCCATCTCCTAGAATCGAACCAGGGTTTCATCGGCCACACCGATGTGTACTAACCACTATACTAAGATGGCAAACAACTGTGAAGTTTTTGGTTACATCTGCACATCTGGTTGAATAAATATTATG
chrXI	313754	10150	AAGGCTAAAGGAAAAAAATAAAATGCCATCTCCTAGAATCGAACCAGGGTTTCATCGGCCACAACGATGTGTACTAACCACTATACTAAGATGGCAAACAACTGTGAAGTTTTTGGTTACATCTGCACATCTGGTTGAATAAATATTATGT
chrXI	313754	5150	AAGGCTAAAGGAAAAAAATAAAATGCCATCTCCTAGAATCGAACCAGGGTTTCATCGGCCACAACGATGTGTACTAACCACTATACTAAGATGGCAAACAACTGTGAAGTTTTTGGTTACATCTGCACATCTGGTTGAATAAATATTATGT
chrXI	313756	5150	GGCTAAAGGAAAAAAATAAAATGCCATCTCCTAGAATCGAACCAGGGTTTCATCGGCCACAACGATGTGTACTAACCACTATACTAAGATGGCAAACAACTGTGAAGTTTTTGGTTACATCTGCACATCTGGTTGAATAAATATTATGTAC
chrXI	313756	5150	GGCTAAAGGAAAAAAATAAAATGCCATCTCCTAGAATCGAACCAGGGTTTCATCGGCCACAACGATGTGTACTAACCACTATACTAAGATGGCAAACAACTGTGAAGTTTTTGGTTACATCTGCACATCTGGTTGAATAAATATTATGTAC
chrXI	313756	1410	GGCTAAAGGAAAAAAATAAAATGCCATCTCCTAGAATCGAACCAGGGTTTCATCGGCCACAACGATGTGTACTAACCACTATACTAAGATGGCAAACAACTGTGAAGTTTTTGGTTACATCTGCACATCTGGTTGAATAAATATTATGTAC
chrXI	313756	7530	GGCTCAAGGAAAAAAATAAAATGCCAACTCCAAGACGCGAACCCGCGGTGCAACGGCCACACCGATGTGTACAAACCACTATACTACGATGGCCAACGACTGTGAGGTTTGTGGGTACATCTGCACAGCTGGAGGACTAAATATTATGAA
chrXI	313756	7530	GGCTAAAGGAAAAAAATAAAATGCCATCTCCTAGAATCGAACCAGGGTTACATCGGCCACAACGATGTCTCCTAACCACTATACTAAGAAGTCAAACAACGCTGAAGTGTTTGGTTACATCTGCACATCTGGTTGAATAAATAT(AAACTA)
chrXI	313756	10150	GGCTAAAGGAAAAAAATAAAATGCCATCTCCTAGAATCGAACCAGGGTTTCATCGGCCACAACGATGTGTACTAACCACTATACTAAGATGGCAAACAACTGTGA
chrXI	313756	10150	GGCTAAAGGAAAAAAATAAAATGCCATCTCCTAGAATCGAACCAGGGTTTCATCGGCCACAACGATGTGTACTAACCACTATACTAAGATGGCAAACAACTGTGA
chrXI	313756	7530	GGCTAAAGGAAAAAAATAAAATGCCATCTCCTAGAATCGAACCAGGGTTTCATCGGCCACAACGATGTGTACTAACCCCTATACTAAGATGGCAAACAACTGTGACGTTTTTGGTTACATCTGCACATCTGGTTGAATAAATATTATGTA
chrXI	313756	1410	GGCTAAAGGAAAAAAATAAAATGCCATCTCCTAGAATCGAACCAGGGTTTCATCGGCCACAACGATGTGTACTAACCACTATACTAAGATGGCAAACAACTGTGAAGTTTTTGGTTACATCTGCACATCTGGTTGAATAAATATTATGTAC
chrXI	313756	70	GGCTAAAGGAAAAAAATAAAATGCCATCTCCTAGAATCGAACCAGGGTTTCATCGGCCACAACGATGTGTACTAACCACTATACTAAGATGGCAAACAACTGTGAAGTTTTTGGTTACATCTGCACATCTGGTTGAATAAATATTATGTA
chrXI	313756	5150	GGCTAAAGGAAAAAAATAAAATGCCATCTCCTAGAATCGAACCAGGGTTTCATCGGCCACAACGATGTGTACTAACCACTATACTAAGATGGCAAACAACTGTGAAGTTTTTGGTTACATCTGCACATCTGGTTGAATAAATATTATGTAC
chrXI	313756	1410	GGCTAAAGGAAAAAAATAAAATGCCATCTCCTAGAATCGAACCAGGGTTTCATCGGCCACAACGATGTGTACTAACCACTATACTAAGATGGCAAACAACTGTGAAGTTTTTGGTTACATCTGCACATCTGGTTGAATAAATATTATGTAC
chrXI	313757	7530	GCTAAAGGAAAAAAATAAAATGCCATCTCCTAGAATCGAACCAGGGTTTCATCGGCCACAACGATGTGTACTAACCACTATACTAAGATGGCAAACAACTGTGAAGTTTTTGGTTACATCTGCACATCTGGTTTAATAAATATTATGTAC
chrXI	313757	7530	GCTAAAGGAAAAAAATAAACTGCCATCTCCTAGAATCGAACCAGGGTTTCATCGGCCACAACGATGTGTACTAACCACTATACTAAGATGGCAAACAACTGTGAAGTTTTTGGTTACATCTGCACATCTGGTTTAATAAATATTATGTAC
chrXI	313757	70	GCTAAAGGAAAAAAATAAAATGCCATCTCCTAGAATCGAACCAGGGTTTCATCGGCCACAACGATGTGTACTAACCACTATACTAAGATGGCAAACAACTGTGAAGTTTTTGGTTACATCTGCACATCTGGTTGAATAAATATTATGTAC
chrXI	313758	2640	CTAAAGGAAAAAAATATACTTCCATCTCCTAGAATCGAACCCGGTTTTCATCGGCCACAACGATGTGTACTAACCACTATACTAAGATGGCAAACAACTGTGAAGTTTTTGGTTACATCTGCACATCTGGTTGAATAAATATTATGTACTC
chrXI	313758	7530	CTAAAGGAAAAAAATAAAATGCCATCTCCTAGAATCGAACCAGGGTTTCATCGGCCACAACGATGTGTACTAACCACTATACTAAGATGGCAAACAACTGTGAAGTTTTTGGTTACATCTGCACATCTGGTTGAATAAATATTATGTACTC
chrXI	313760	10150	AAAGGAAAAAAATAAAATGCCATCTCCTAGAATCGAACCAGGGTTTCATCGGCCACAACGATGTGTACTAACCACTATACTAAGATGGCAAACAACTGTGAAGTTTTTGGTTACATCTGCACATCTGGTTGAATAAATATTATGTACTC
chrXI	313760	5150	AAAGGAAAAAAATAAAATGCCATCTCCTAGAATCGAACCAGGGTTTCATCGGCCACAACGATGTGTACTAACCACTATACTAAGATGGCAAACAACTGTGAAGTTTTTGGTTACATCTGCACATCTGGTTGAATAAATATTATGTACTC
chrXI	313763	70	GGAAAAAAATAAAATGCCATCTCCTAGAATCGAAACAGGGTTTCATCGTCCACAAAGATGTGTACTAACCACTATACTAAGATGGCAAACAACTGTGAAGTTAGTGGGTACATCTGCACATCTGGTTGAATAAATATTATGAACTCTTTG
chrXI	313766	10150	AAAAAATAAAATGCCATCTCCTAGAATCGAACCAGGGTTTCATCGGCCACAACGATGTGTACTAACCACTATACTAAGATGGCAAACAACTGTGAAGTTTTTGGTTACATCTGCACATCTGGTTGAATAAATATTATGTACTCTTTGCTTT
chrXI	313776	2640	ATGCCATCTCCTAGAATCGAACCAGGGTTTCATCGGCCACAACGATGTGTACTAACCACTATACTAAGATGGCAAACAACTGTGAAGTTTTTGGTTACATCTGCACATCTGGTTGAATAAATATTATGTACTCTTTGCTTTTTTATGTTAA
chrXI	313778	70	GCCATCTCCTAGAATCGAACCAGGGTTTCATCGGCCACAACGATGTGTACTAACCACTATACTAAGATGGCAAACAACTGTGAAGTTTTTGGTTACATCTGCACATCTGGTTGACTATATATTATGTACTCTTTGCTTTTTTATGTTAAA
chrXI	313778	10150	GCCATCTCCTAGAATCGAACCAGGGTTTCATCGGCCACAACGATGTGTACTAACCACTATACTAAGATGGCAAACAACTGTGAAGTTTTTGGTTACATCTGCACATCTGGTTGAATAAATATTATGTACTCTTTGCTTTTTTATGTTAAAC
chrXI	313779	7530	CCATCTCCTAGAATCGAACCAGGGTTTCATCGGCCACAACGATGTGTACTAACCACTATACTAAGATGGCAAACAACTGTGAAGTTTTTGGTTACATCTGCACATCTGGTTGAATAAATATTATGTACTCTTTGCTTTTTTATGTTAAACC
chrXI	313782	5150	TCTCCTAGAATCGAACCAGGGTTTCATCGGCCACAACGATGTGTACTAACCACTATACTAAGATGGCAAACAACTGTGAAGTTTTTGGTTACATCTGCACATCTGGTTGAATAAATATTATGTACTCTTTGCTTTTTTATGTTAAACCTAC
chrXI	313783	10150	CTCCTAGAATCGAACCAGGGTTTCATCGGCCACAACGATGTGTACTAACCACTATACTAAGATGGCAAACAACTGTGAAGTTTTTGGTTACATCTGCACATCTGGTTGAATAAATATTATGTACTCTTTGCTTTTTTATGTTAAACCTAC
chrXI	313783	5150	CTCCTAGAATCGAACCAGGGTTTCATCGGCCACAACGATGTGTACTAACCACTATACTAAGATGGCAAACAACTGTGAAGTTTTTGGTTACATCTGCACATCTGGTTGAATAAATATTATGTACTCTTTGCTTTTTTATGTTAAACCTAC
chrXI	313783	2640	CTCCTAGAATCGAACCAGGGTTTCATCGGCCACAACGATGTGTACTAACCACTATACTAAGATGGCAAACAACTGTGA
chrXI	313783	10150	CTCCTAGAATCGAACCAGGGTTTCATCGGCCACAACGATGTGTACTAACCACTATACTAAGATGGCAAACAACTGTGAAGTTTTTGGTTACATCTGCACATCTGGTTGAATAAATATTATGTACTCTTTGCTTTTTTATGTTAAACCTAC
chrXI	313783	2640	CTCCTAGAATCGAACCAGGGTTTCATCGGCCACAACGATGTGTACTAACCACTATACTAAGATGGCAAACAACTGTGA
chrXI	313783	70	CTCCTAGAATCGAACCAGGGTTTCATCGGCCACAACGATGTGTACTAACCACTATACTAAGATGGCAAACAACTGTGAAGTTTTTGGTTACATCTGCACATCTGGTTGAATAAATATTATGTACTCTTTGCTTTTTTATGTTAAACCTACA
chrXI	313783	10150	CTCCTAGAATCGAACCAGGGTTTCATCGGCCACAACGATGTGTACTAACCACTATACTAAGATGGCAAACAACTGTGAAGTTTTTGGTTACATCTGCACATCTGGTTGAATAAATATTATGTACTCTTTGCTTTTTTATGTTAAACCTAC
chrXI	313783	2640	CTCCTAGAATCGAACCAGGGTTTCATCGGCCACAACGATGTGTACTAACCACTATACTAAGATGGCAAACAACTGTGAAGTTTTTGGTTACATCTGCACATCTGGTTGAATCAATATTATGTACTCTTTGCTTTTTTATGTTAAACCTACA
chrXI	313783	10150	CTCCTAGAATCGAACCAGGGTTTCATCGGCCACAACGATGTGTACTAACCACTATACTAAGATGGCAAACAACTGTGAAGTTTTTGGTTACATCTGCACATCTGGTTGAATAAATATTATGTACTCTTTGCTTTTTTATGTTAAACCTAC
chrXI	313783	7530	CTCCTAGAATCGAACCCGGGTTTCATCGGCCACATCGATGTGTACTAACCACTATACTAAGATGGCAAACAACTGTGAAGTTTTTGGTTACATCTGCACATCTGGTTGAATAAATATTATGTACTCTTTGCTTTTTTATGTTAAACCTACA
chrXI	313784	7530	TCCTAGAATCGAACCAGGGTTTCATCGGCCACAACGATGTGTACTAACCACTATACTAAGATGGCAAACAACTGTGAAGTTTTTGGTTACATCTGCACATCTGGTTGAATAAATATTATGTACTCTTTGCTTTTTTATGTTAAACCTACAA
chrXI	313784	7530	TCCTAGAATCGAACCAGGGTTTCATCGGCCACAACGATGTGTACTAACCACTATACTAAGATGGAAAACAACTGTGAAGTTTTTGGTTACATCTGCACATCTGGTTGAATAAATATTATGTACTCTTTGCTTTTTTATGTTAAACCTACAA
chrXI	313784	5150	TCCTAGAATCGAACCAGGGTTTCATCGGCCACAACGATGTGTACTAACCACTATACTAAGATGGCAAACAACTGTGAAGTTTTTGGTTACATCTGCACATCTGGTTGAATAAATATTATGTACTCTTTGCTTTTTTATGTTAAACCTACA
chrXI	313784	2640	TCCTAGAATCGAACCAGGGTTTCATCGGCCACAACGATGTGTACTAACCACTATACTAAGATGGCAAACAACTGTGAAGTTTTTGGTTACATCTGCACATCTGGTTGAATAAATATTATGTACTCTTTGCTTTTTTATGTTAAACCTACAA
chrXI	313784	7530	TCCTAGAATCGAACCAGGGTTTCATCGGCCACAACGATGTGTACTAACCACTATACTAAGATGGCAAACAACTGTGAAGTTTTTGGGTACATCTGAACATCTGGTTGAATAAATATTATGTAC
chrXI	313784	7530	TCCTAGAATCGAACCAGGGTTTCATCGGCCACAACGATGTGTACTAACCACTATACTAAGATGGCAAACAACTGTGAAGTTTTTGGTTACATCTGCACATCTGGTTGAATAAATATTATGTAC
chrXI	313785	5150	CCTAGAATCGAACCAGGGTTTCATCGGCCACAACGATGTGTACTAACCACTATACTAAGATGGCAAACAACTGTGAAGTTTTTGGTTACATCTGCACATCTGGTTGAATAAATATTATGTACTCTTTGCTTTTTTATGTTAAACCTACAAG
chrXI	313785	7530	CCTAGAATCGAACCAGGGTTTCATCGGCCACAACGATGTGTACTAACCACTATACTAAGATGGCAAACAACTGTGAAGTTTTTGGTTACATCTGCACATCTGGTTGAATAAATATTATGTACTCTTTGCTTTTTTATGTTAAACCTACAAG
chrXI	313785	10150	CCTAGAATCGAACCAGGGTTTCATCGGCCACAACGATGTGTACTAACCACTATACTAAGATGGCAAACAACTGTGAAGTTTTTGGTTACATCTGCACATCTGGTTGAATAAATATTATGTACTCTTTGCTTTTTTATGTTAAACCTACA
chrXI	313785	7530	CCTAGAATCGAACCAGGGTTTCATCGGCCACAACGATGTGTACTAACCACTATACTAAGATGGCAAACAACTGTGAAGTTTTTGGTTACATCTGCACATCTGGTTGAATAAATATTATGTACTCTTTGCTTTTTTATTTTAAACCTACAAG
chrXI	313785	2640	CCTAGAATCGAACCAGGGTTTCATCGGCCACAACGATGTGTACTAACCACTATACTAAGATGGCAAACAACTGTGAAGGTTTTGGTTACATCTGCACATCTGGTTGAATAAATATTATGTACTCTTTGCTTTTTTATGTTAAACCTACAAG
chrXI	313785	7530	CCTAGAATCGAACCAGGGTTTCATCGGCCACAACGATGTGTACTAACCACTATACTAAGATGGCAAACAACTGTGAAGTTTTTGGTTACATCTGCACATCTGGTTGAATAAATATTATGTACTCTTTGCTTTTTTATGTTAAACCTACAAG
chrXI	313785	7530	CCTCGCATCGAACCAGGGTCTCATCGGCCACACCGATGGGTACTAACCACGAGACTAAGATGGCAAACAACTGTGAAGTATTTGGTTACATCTGCACATCTGTTTGAATAAATATTATGTACTCTTTGCTTTTTTATGTTAAACCTACAAG
chrXI	313785	7530	CCTAGAATCGAACCAGGGTTTCATCGGCCACAACGATGTGTACTAACCACTATACTAAGATGGAAAACAACTGTGAAGTTTTTGGTTACATCTGCACATCTGGTTGAATAAATATTATGTACTCTTTGCTTTTTTATGTTAAACCTACAAG
chrXI	313785	70	CCTAGAATCGAACCAGGGTTTCATCGGCCACAACGATGTGTACTAACCACTATACTAAGATGGCAAACAACTGTGAAGTTTTTGGTTACATCTGCACATCTGGTTGAATAAATATTATGTACTCTTTGCTTTTTTATGTTAAACCTACAAG
chrXI	313785	70	CCTAGAATCGAACCAGGGTTTCATCGGCCACAACCATGTGTACTAACCACTATACTAAGATGGCAAACAACTGTGAAGTTTTTGGTTACATCTGCACATCTGGTTGAATAAATATTATGTACTCTTTGCTTTTTTATGGTAAACCTACAAG
chrXI	313785	2640	CCTAGAATCGAATCTGGGTATCATCGGCCACTTCGCTGTGTCCTTACCACTATACTAAGATGGCATACAACTGTGACGTTTTTGTTTACATCTGCACATCTGGTTGAATAAATATAATGTACTCTTTGCTTTTTTATGTTAAACATACAAC
chrXI	313785	10150	CCTAGAATCGAACCAGGGTTTCATCGGCCACAACGATGTGTACTAACCACTATACTAAGATGGCAAACAACTGTGAAGTTTTTGGTTACATCTGCACATCTGGTTGAATAAATATTATGTACTCTTTGCTTTTTTATGTTAAACCTACAAG
chrXI	313785	70	CCTAGAATCGAACCAGGGTTTCATCGGCCACAACGATGTGTACTAACCACTATACTAAGATGGCAAACAACTGTGAAGTTTTTGGTTACATCTGCACATCTGGTTGAATAAATATTATGTACTCTTTGCTTTTTTATGTTAATCCTACAAG
chrXI	313785	70	CCTAGAATCGAACCAGGGTTTCATCGGCCACAACGATGTGTACTAACCACTATACTAAGATGGCAAACAACTGTGAAGTTTTTGGTTACATCTGCACATCTGGTTGAATAAATATTATGTACTCTTTGCTTTTTTATGTTAAACCTACAAG
chrXI	313785	70	CCTAGAATCGAACCAGGGTTTCATCGGCCACAACGATGTGTACTAACCACTATACTAAGATGGCAAACAACTGTGAAGTTTTTGGTTACATCTGCACATCTGGTTGAATAAATATTATGTACTCTTTGCTTTTTTATGTTAAACCTACAAG
chrXI	313785	7530	CCTAGAATCGAACCAGGGTTTCATCGGCCACAACGATGTGTACTAACCACTATACTAAGATGGCAAACAACTGTGAAGTTTTTGGTTACATCTGCACATCTGGTTGAATAAATATTATGTACTCTTTGCTTTTTTATGTTAAACCTACAAG
chrXI	313786	7530	CTAGAATCGAACCAGGGTTTCATCGGCCACAACGATGTGTACTAACCACTATACTAAGATGGAAAACAACTGTGAAGTTTTTGGTTACATCTGCACATCTGGTTGAATAAATATTATGTACTCTTTGCTTTTTTATGTTAAACCTACAAGT
chrXI	313786	2640	CTAGTATCGCACCTGGGTTTCATCTGCCACTACGATGTGTACTTACTACTATACTAAGATGGCAAACAACTGTGATTTTTTTGGTTACTTATGCACATCTGTTTTAATAAATATTATGTACTCTTTTCTTTTTTATGTTAAACCTTCAAGT
chrXI	313786	70	CTAGAATCGAACCAGGGTTTCATCGGCCACAACGATGTGTACTAACCACTATACTAAGATGGCAAACAACTGTGAAGTTTTTGGTTACATCTGCACATCTGGTTGAATAAATATTATGTACTCTTTGCTTTTTTATGTTAAACCTCCAAGT
chrXI	313786	70	CTAGAATCGAACCAGGGTTTCATCGGCCACAACGATGTGTACTAACCACTAGACTAAGATGGCAAACAACTGTGAAGTTTTTGGTTACATCTGCACATCTGGTTGAATAAATATTATGTACTCTTTGCTTTTTTATGTTAAACCTACAAGT
chrXI	313787	7530	TTGAATCGATGCAGGGTTTCATCGGCCACAATGATGTGTTCTAACCACTATTCTAAGATTGCAAACAACTGTGAAGTTTTTGGTTACCTCTTCACATCTGGTTGATTATATATTATGTACTCTTTGCTTTTTTATGTTAATCGTACAAG
chrXI	313788	10150	AGAATCGAACCAGGGTTTCATCGGCCACAACGATGTGTACTAACCACTATACTAAGATGGCAAACAACTGTGAAGTTTTTGGTTACATCTGCACATCTGGTTGAATAAATATTATGTACTCTTTGCTTTTTTATGTTAAACCTACAAGTGG
chrXI	313789	70	GAATCGAACCAGGGTTTCATCGGCCACAACGATGTGTACTAACCACTATACTAAGATGGCAAACAACTGTGAAGTGTTTGGTTACATCTGCACATCTGGTTGAATAAATATTATGTACTCTTTGCTTTTTTATGTTAAACCTACAAGTGGT
chrXI	313790	1410	AATCGAACCAGGGTTTCATCGGCCACAACGATGTGTACTAACCACTATACTAAGATGGCAAACAACTGTGAAGTTTTTGGTTACATCTGCACATCTGGTTGAATATATATTATGTACTCTTTGCTTTTTTATGTTAAACCTACAAGTGGTG
chrXI	313790	7530	AATCGAACCAGGGTTTCATCGGCCACAACGATGTGTACTAACCACTATACTAAGATGGCAAACAACTGTGAAGTTTTTGGTTACATCTGCACATCTGGTTGAATAAATATTATGTACTCTTTGCTTTTTTATGTTAAACCTACAAGTGG
chrXI	313792	7530	TCGAACCAGGGTTTCATCGGCCACAACGATGTGTACTAACCACTATACTAAGATGGCAAACAACTGTGAAGTTTTTGGTTACATCTGCACATCTGGTTGAATAAATATTATGTACTCTTTGCTTTTTTATGTTAAACCTACAAGTGGTGAC
chrXI	313797	7530	CCAGGGTTTCATCGGCCACAACGATGTGTACTAACCACTATACTACGATGGCAAACAACTGTGAAGTTTTTGGTTACATCTGCACATCTGGTTGAATAAATATTATGTACTCTTTGCTTTTTTATGTTAAACCTACAAGTGGTGACTGTAA
chrXI	313799	70	(TACTGCAGTTTATTTTTTTGCCATGTGCTTGATTCGAAGT)AGGGTTTCATAGGCCACAATGATGTGTTCTATGCACTATACTTAGATGGCAAACAACTGTGTTGTTTTTGGTTACTTCTGC(TCTGCTGGTTGAAGAAATTTTACGCACTCC)
chrXI	313800	5150	GGGTTTCATCGGCCACAACGATGTGTACTAACCACTATACTAAGATGGCAAACAACTGTGAAGTTTTTGGTTACATCTGCACATCTGGTTGAATAAATATTATGTACTCTTTGCTTTTTTATGTTAAACCTACAAGTGGTGACTGTAAAGA
chrXI	313800	5150	GGGTTTCATCGGCCACAACGATGTGTACTAACCACTATACTAAGATGGCAAACAACTGTGAAGTTTTTGGTTACATCTGCACATCTTGTTGAATAAATATTATGTACTCTTTGCTTTTTTATGTTAAACCTACAAGTGGTGACTGTAAAGA
chrXI	313800	5150	GGGTTTCATCGGCCACAACGATGTGTACTAACCACTATACTAAGATGGCAAACAACTGTGAAGTTTTTGGTTACATCTGCACATCTGGTTGAATAAATATTATGTACTCTTTGCTTTTTTATGTTAAACCTACAAGTGGTGACTGTAAAGA
chrXI	313800	10150	GGGTTTCATCGGCCACAACGATGTGTACTAACCACTATACTAAGATGGCAAACAACTGTGAAGTTTTTGGTTACATCTGCACATCTGGTTGAATAAATATTATGTACTCTTTGCTTTTTTATGTTAAACCTACAAGTGGTGACTGTAAAGA
chrXI	313800	10150	GGGTTTCATCGGCCACAACGATGTGTACTAACCACTATACTAAGATGGCAAACAACTGTGAAGTTTTTGGTTACATCTGCACATCTGGTTGAATAAATATTATGTACTCTTTGCTTTTTTATGTTAAACCTACAAGTGGTGACTGTAAAGA
chrXI	313800	1410	GGGTTTCATCGGCCACAACGATGTGTACTAACCACTATACTAAGATGGCAAACAACTGTGAAGTTTTTGGTTACATCTGCACATCTGGTTGGATAAATATTATGTACTCTTTGCTTTTTTATGTTAAACCTACAAGTGGTGACTGTAAAGA
chrXI	313800	1410	GGGTTTCATCGGCCACAACGATGTGTACTAACCACTATACTAAGATGGCAAACAACTGTGAAGTTTTTGGTTACATCTGCACATCTGGTTGAATAAATATTATGTACTCTTTGCTTTTTTATGTTAAACCTACAAGTGGTGACTGTAAAGA
chrXI	313800	5150	GGGTTTCATCGGCCACAACGATGTGTACTAACCACTATACTAAGATGGAAAACAACTGTGAAGTTTTTGGTTACATCTGCACATCTGGTTGAATAAATATTATGTACTCTTTGCTTTTTTATGTTAAACCTACAAGTGGTGACTGTAAAGA
chrXI	313800	5150	GGGTTTCATCGGCCACAACGATGTGTACTAACCACTATACTAAGATGGAAAACAACTGTGAAGTTTTTGGTTACATCTGCACATCTGGTTGAATAAATATTATGTACTCTTTGCTTTTTTATGTTAAACCTACAAGTGGTGACTGTAAAGA
chrXI	313800	5150	GGGTTTCATCGGCCACAACGATGTGTACTAACCACTATACTAAGATGGCAAACAACTGTGAAGTTTTTGGTTACATCTGCACATCTTGTTGAATAAATATTATGTACTCTTTGCTTTTTTATGTTAAACCTACAAGTGGTGACTGTAAAGA
chrXI	313800	1410	GGGTTTCATCGGCCACAACGATGTGTACTAACCACTATACTAAGATGGCAAACAACTGTGAAGTTTTTGGTTACATCTGCACATCTGGTTGAATAAATATTATGTACTCTTTGCTTTTTTATGTTAAACCTACAAGTGGTGACTGTAAAGA
chrXI	313800	1410	GGGTTTCATCGGCCACAACGATGTGTACTAACCACTATACTAAGATGGCAAACAACTGTGAAGTTTTTGGTTACATCTGCACATCTGGTTGAATAAATATTATGTACTCTTTGCTTTTTTATGTTAAACCTACAAGTGGTGACTGTAAAGA
chrXI	313800	5150	GGGTTTCATCGGCCACAACGATGTGTACTAACCACTATACTAAGATGGAAAACAACTGTGAAGTTTTTGGTTACATCTGCACATCTGGTTGAATAAATATTATGTACTCTTTGCTTTTTTATGTTAAACCTACAAGTGGTGACTGTAAAGA
chrXI	313800	1410	GGGTTTCATCGGCCACAACGATGTGTACTAACCACTATACTAAGATGGCAAACAACTGTGAAGTTTTTGGTTACATCTGCACATCTGGTTGAATAAATATTATGTACTCTTTGCTTTTTTATGTTAAACCTACAAGTGGTGACTGTAAAGA
chrXI	313800	1410	GGGTTTCATCGGCCACAACGATGTGTACTAACCACTATACTAAGATGGCAAACAACTGTGAAGTTTTTGGTTACATCTGCACATCTGGTTGAATAAATATTATGTACTCTTTGCTTTTTTATGTTAAACCTACAAGTGGTGACTGTAAAGA
chrXI	313800	10150	GGGTTTCATCGGCCACAACGATGTGTACTAACCACTATACTAAGATGGCAAACAACTGTGAAGTTTTTGGTTACATCTGCACATCTGGTTGAATAAATATTATGTACTCTTTGCCTTTTTATGTTAAACCTACAAGTGGTGACTGTAAAGA
chrXI	313801	70	GGTTTCATCGGCCACAACGATGTGTACTAACCACTATACTAAGCTGGCAAACAACTGTGAAGTTTTTGGTTACATCTGCACATCTGGTTGAATAAATATTATGTACTCTTTGCTTTTTTATGTTAAACCTACAAGTGGTGACTGTAAAGA
chrXI	313801	2640	GGTTTCATCGGCCACAACGATGTGTACTAACCACTATACTAAGATGGCAAACAACTGTGAAGTTTTTGGTTACATCTGCACATCTGGTTGAATAAATATTATGTACTCTTTGCTTTTTTATGTTAAACCTACAAGTGGTGACTGTAAAGA
chrXI	313801	2640	GGTTTCATCGGCCACAACGATGTGTACTAACCACTATACTAAGATGGCAAACAACTGTGAAGTTTTTGGTTACATCTGCACATCTGGTTGAATAAATATTATGTACTCTTTGCTTTTTTATGTTAAACCTACAAGTGGTGACTGTAAAGA
chrXI	313801	2640	GGTTTCATCGGCCACAACGATGTGTACTAACCACTATACTAAGATGGCAAACAACTGTGAAGTTTTTGGTTACATCTGCACATCTGGTTGAATAAATATTATGTACTCTTTGCTTTTTTATGTTAAACCTACAAGTGGTGACTGTAAAGA
chrXI	313801	2640	GGTTTCATCGGCCACAACGATGTGTACTAACCACTATACTAAGATGGCAAACAACTGTGAAGTTTTTGGTTACATCTGCACATCTGGTTGAATAAATATTATGTACTCTTTGCTTTTTTATGTTAAACCTACAAGTGGTGACTGTAAAGA
chrXI	313801	2640	GGTTTCATCGTCCACAACGATGTGTACTAACAACTATACTCAGATGTAAAACAACTGTGAAGTTTTTGGTTACATCTGCACATCTGGTTGAATAAATATTATGTACTCTTTGCTTTTTTATGTTAAACCTACAAGTGGTGACTGTAAAGA
chrXI	313801	70	GGGTTCATCGGCCACCACGAGGTGTACGAACCACTAGACTAAGATGGCACACACCTGTGAAGTTTTTGGTTACCTCTGAACATCTGGTTGAATAAATATTATGTACGCTTTGCTTTTTTATGTTAAACCTACAAGTGGTGACTGTAAAGA
chrXI	313801	2640	GGTTTCATCGGCCACAACGATGTGTACTAACCACTATACTAAGATGGCAAACAACTGTGAAGTTTTTGGTTACATCTGCACATCTGGTTGAATAAATATTATGTACTCTTTGCTTTTTTATGTTAAACCTACAAGTGGTGACTGTAAAGA
chrXI	313801	2640	GGTTTCATCGGCCACAACGATGTGTACTAACCACTATACTAAGATGGCAAACAACTGTGAAGTTTTTGGTTACATCTGCACATCTGGTTGAATAAATATTATGTACTCTTTGCTTTTTTATGTTAAACCTACAAGTGGTGACTGTAAAGA
chrXI	313803	7530	(CATGCTCCTAGAATAGTACCCGGT)TTTCATCGGCCACTTAGATGTGTACTAAACACTATACTAACATGGCAATCTACTGTGTAGTTTTTGGTTTCTTCTGCAGATCTGGTTGATTTAATATTTTGTACTATTTGGTTTTTTATGTTA(TAC)
chrXI	313803	2640	TTTCATCGGCCACAACGATGTGTACTAACCACTATTCTAAGATGGCAACCAACTGTGAAGTTTTTGGTTACATCTGCACATCTGGTTGAATAAATATTATGTACTCTTTGCTTTTTTATGTTAAACCTACAAGTGGTGACTGTATAGAAGC
chrXI	313803	70	TGTCATCGGCCACAACGATGTGTACTAACCACTATCCTAAGATGGCAAACAACTGTGAAGTTTTTGGTTACATCTGCACATCTGGTTGAATAAATATTATGTACTCTTTGCTTTTTTATGTTAAACCTACAAGTGGTGACTGTAAAGAAG
chrXI	313803	2640	TTTCATCGGCCACAACGATGTGTACTAAGCTCTATACTAAGATGGCAAAGAACTGTGAAGTTTTTGGTTACATCTGCACATCTGGTTGAATAAATATTATGTTCTCTTTGCTTTTTTATGTTAAACCTTCAAGTGGTGACTGTAAAGAAGC
chrXI	313803	70	TTTCATCGGCCACAACGATGTGTACTAACCACTATACTAAGATGGCAAACAACTGTGAAGTTTTTGGTTACATCTGCACATCTGGTTGAATAAATATTTTGTACTCTTTGCTTTTTTATGTTAAACCTACAAGTGGTGACTGGAAAGAAGC
chrXI	313803	2640	TTTCATCGGCCACAACGATGTGTACTAACCACTATACTAAGATGGCAAACAACTGTGAAGTTTTTGGTTACATCTGCACATCTGGTTGAATAAATATTATGTACTCTTTGCTTTTTTATGTTAAACCTACAAGTGGTGACTGTAAAGAAG
chrXI	313805	7530	TCATCGGCCACAACGATGTGTACTAACCACTATACTAAGATGGCAAACAACTGTGAAGTTTTTGGTTACATCTGCACATCTGGTTGAATAAATCTTATGTACTCTTTGCTTTTTTATGTTAAACCTACAAGTGGTGACTGTAAAGAAGCAT
chrXI	313809	5150	CGGCCACAACGATGTGTACTAACCACTATACTAAGATGGCAAACAACTGTGAAGTTTTTGGTTACATCTGCACATCTGGTTGAATAAATATTATGTACTCTTTGCTTTTTTATGTTAAACCTACAAGTGGTGACTGTAAAGAAGCATTAC
chrXI	313809	10150	CGGCCACAACGATGTGTACTAACCACTATACTAAGATGGCAAACAACTGTGAAGTTTTTGGTTACATCTGCACATCTGGTTGAATAAATATTATGTACTCTTTGCTTTTTTATGTTAAACCTACAAGTGGTGACTGTAAAGAAGCATTAC
chrXI	313810	5150	GGCCACAACGATGTGTACTAACCACTATACTAAGATGGCAAACAACTGTGAAGTTTTTGGTTACATCTGCACATCTGGTTGAATAAATATTATGTACTCTTTGCTTTTTTATGTTAAACCTACAAGTGGTGACTGTAAAGAAGCATTACA
chrXI	313810	2640	GGCCACAACGATGTGTACTAACCACTATACTAAGATGGCAAACAACTGTGAAGTTTTTGGTTACATCTGCACATCTGGTTGAATAAATATTATGTACTCTTTGCTTTTTTATGTTAAACCTACAAGTGGTGACTGTAAAGAAGCATTACAA
chrXI	313810	1410	GGCCACAACGATGTGTACTAACCACTATACTAAGATGGCAAACAACTGTGAAGTTTTTGGTTACATCTGCACATCTGGTTGAATAAATATTATGTACTCTTTGCTTTTTTATGTTAAACCTACAAGTGGTGACTGTAAAGAAGCATTACAA
chrXI	313811	7530	GCCACAACGATGTGTACTAACCACTATACTAAGTTGGCAATCAACTGTGTTGTTTTTGGTTACTTCTGCACATCTGGTTGAATAAATATTATGTACTCTTTGCTTTTTTATGTTAAACCTACAAGTGGTGACTGTAAAGAAGCATTACAA
chrXI	313811	10150	GCCACAACGATGTGTACTAACCACTATACTAAGATGGCAAACAACTGTGAAGTTTTTGGTTACATCTGCACATCTGGGTGAATAAATATTATGTACTCTTTGCTTTTTTATGTTAAACCTACAAGTGGTGACTGGAAAGAAGCATTACAAC
chrXI	313812	2640	CCACAACGATGTGTACTAACCACTATACTAAGATGGCAAACAACTGTGAAGTTTTTGGTTACATCTGCACATCTGGTTGAATAAATATTATGTACTCTTTGCTTTTTTATGTTAAACCTACAAGTGGTGACTGTAAAGAAGCATTACAACG
chrXI	313813	70	CCCAACGCTGTGTACTAACCACTATACTAAGATGGCAAACAACTGTGAAGTTTTTGGTTACATCTGCACATCTGGTTGAATAAATATTATGTACTCTTTGCTTTTTTATGTTAAACCTACAAGTGGTGACTGTAAAGAAGCATTACAACGT
chrXI	313814	10150	ACAACGATGTGTACTAACCACTATACTAAGATGGCAAACAACTGTGAAGTTTTTGGTTACATCTGCACATCTGGTTGAATAAATATTATGTACTCTTTGCTTTTTTATGTTAAACCTACAAGTGGTGACTGTAAAGAAGCATTACAACGT
chrXI	313814	2640	(CATAAAGCCAAAAAATAAAATCCCAGCTCCTATAAGCGAACCACGTATACAACGGCG)ACAACGATTTGTACTAACAACTTTACTCAGATGGCAAACATCTTTGTAGTTTTTGGTTACTTCTGCACATCTGGTTGAATAAATATTATTTAC
chrXI	313814	70	ACAACGATGTGTACTAACCACTATACTAAGATGGCAAACAACTGTGAAGTTTTTGGTTACATCTGCACATCTTGTTGAATAAATATTATGTACTCTTTGCTTTTTTATGTTAAACCTACAAGTGGTGACTGTAAAGAAGCATTACAACGTA
chrXI	313815	7530	CAACGATGTGTACTAACCACTATACTAAGATGGAAAACAACTGTGAAGTTTTTGGTTACATCTGCACATCTGGTTGAATAAATATTATGTACTCTTTGCTTTTTTATGTTAAACCTACAAGTGGTGACTGTAAAGAAGCATTACAACGTAG
chrXI	313815	7530	CAACGATGTGTACTAACCACTATACTAAGATGGCAAACAACTGTGAAGTTTTTGGTTACATCTGCACATCTGGTTGAATAAATATTATGTACTCTTTGCTTTTTTATGTTAAACCTACAAGTGGTGACTGTAAAGAAGCATTACAACGTAT
chrXI	313816	10150	AACGATGTGTACTAACCACTATACTAAGATGGCAAACAACTGTGAAGTTTTTGGTTACATCTGCACATCTGGTTGAATAAATATTATGTACTCTTTGCTTTTTTATGTTAAACCTACAAGTGGTGACTGTAAAGAAGCATTACAACGTAGA
chrXI	313817	7530	ACGATGTGTACTAACCACTATACTAAGATGGCAAACAACTGTGAAGTTTTTTGTTACATCTGCACATCTGGTTGAATAAATATGATGTACTCTTTGCTTTGTTATGTTAAACCTACAAGAGGGTACTGTAAAGAAGCCTTACAACGTAGAA
chrXI	313817	7530	ACGATGTGTACTAACCACTATACTAAGATGGCAAACAACTGTGAAGTTTTTGGTTACATCTGCACATCTGGTTGAATAAATATTATGTACTCTTTGATTTTTTATGTTAAACCTACAAGTGGTGACTGTAAAGAAGCATTACAACGTAGAA
chrXI	313818	2640	CTATGTGTACTAACCACTATACTAAGATGGCAAACAACTGTGAACTTTTTGGTAACATCTGCACATCTGGTTGAATATATATTATGTACACTTTGCTTTTTTATGTTAAACCTACAAGTGGTGACTGTAAAGAAGCATTACAACGTAGAAC
chrXI	313818	70	CGATGTGTACTAACCACTATACTAAGATGGCAAACAACTGTGAAGTTTTTGGTTACATCTGCACATCTGGTTGAATAAATATTATGTACTCTTTGCTTTTTTATGTTAAACCTACAAGTGGTGACTGTAAAGAAGCATTACAACGTAGAAC
chrXI	313818	70	CGATGTGTACTAACCACTATACTAAGATGGCAAACACCTGTGAAGTTTTTGGTTACATCTGCACATCTGGTTGAATAAATATTATGTACTCTTTGCTTTTTTATGTTAAACCTACAAGTGGTGACTGTAAAGAAGCATTACAACGTAGAAC
chrXI	313818	70	CGATGTGTACTAACCACTATCCTAAGATGGCAAACACCGGTGAAGTTTTTGGTTACATCTGCACATCTGGTTGAATAAATATTATGTACTCTTTGCTTTTTTATGTTAAACCTACAAGTGGTGACTGTAAAGAAGCATTACAACGTAGAAC
chrXI	313818	1410	CGATGTGTACTAACCACTATACTAAGATGGCAAACAACTGTGAAGTTTTTGGTTACATCTGCACATCTGGTTGAATAAATATTATGTACTCTTTGCTTTTTTATGTTAAACCTACAAGTGGTGACTGTAAAGAAGCATTACAACGTAGAAC
chrXI	313818	2640	CGATGTGTACTAACCACTATACTAAGATGGCAAACAACTGTGAAGTTTTTGGTTACATCTGCACATCTGGTTGAATAAATATTATGTACTCTTTGCTTTTTTATGTTAAACCTACAAGTGGTGACTGTAAAGAAGCATTACAACGTAGAAC
chrXI	313818	10150	CGATGTGTACTAACCACTATACTAAGATGGCAAACAACTGTGAAGTTTTTGGTTACATCTGCACATCTGGTTGAATAAATATTATGTACTCTTTGCTTTTTTATGTTAAACCTACAAGTGGTGACTGTAAAGAAGCATTACAACGTAGAAC
chrXI	313819	7530	GATGTGTACTAACCACTATACTAAGATGGCAAACAACTGTGAAGTTTTTGGTAACATCTGCACATCTGGTTGAATAAATATTATGTACTCTTTGCTTTTTTATGTTAAACCTACAAGTGGTGACTGTAAAGAAGCATTACAACGTAGAA
chrXI	313819	70	GATGTGTACTAACCACTATACTAAGATGGCAAACAACTGTGAAGTTGTTGGTTACATCTGCACATCTGGTTGAATAAATATTATGTACTCTATGCTTTTGTATGTTAAACCTACTAGTGGTGACTGTAAAGATGCATTACACCGTAGAACG
chrXI	313822	10150	GTGTACTAACCACTATACTAAGATGGCAAACAACTGTGAAGTTTTTGGTTACATCTGCACATCTGGTTGAATAAATATTATGTACTCTTTGCTTTTTTATGTTAAACCTACAAGTGGTGACTGTAAAGAAGCATTACAACGTAGAACTGAT
chrXI	313822	2640	GTGTACTAACCACTATACTAAGATGGCAAACAACTGTGAAGTTTTTGGTTACATCTGCACATCAGGTTGATTAAATATTATGTACAATTTGCTTTTTAATGTTAAACCTAGAAGTGGTGACTGTAAAGAAGCATGACAACGAAGAACTGAT
chrXI	313822	2640	GTGTACTCACCACGATACTAAGATGGCAAACAACAGTGTAGATTTTGGTTACATCTGCACATCTGGAGGACTAAATATTATGAACTCTTTGCATTTTAATCTTAAACCTACAAGTGGTCACTGTAACGAAGCATTACAACGTATAACTGAT
chrXI	313823	7530	TGTACTAACCACTATACTAAGATGGCAAACAACTGTGAAGTTTTTGGTTACATCTGCACATCTGGTTGAATAAATATTATGTACTCTTTGCTTTTTTATGTTAAACCTACAAGTGGTGACTGTAAAGAAGCATTACAACGTAGAACTGATA
chrXI	313823	70	TGTACTAACCACTATACTAAGATGGCAAACAACTGTGAAGTTTTTGGTTACATCTGCACATCTGGTTGAATAAATATTATGTACTCTTTGCTTTTTTATGTTAAACCTACAAGTGGTGACTGTAAAGAAGCATTACAACGTAGAACTGATA
chrXI	313824	5150	GTACTAACCACTATACTAAGATGGCAAACAACTGTGAAGTTTTTGGTTACATCTGCACATCTGGTTGAATAAATATTATGTACTCTTTGCTTTTTTATGTTAAACCTACAAGTGGTGACTGTAAAGAAGCATTACAACGTAGAACTGATA
chrXI	313824	70	GTACTAACCACTATACTAAGATGGCAAACAACTGTGAAGTTTTTGGTTACATCTGCACATCTGGTTGAATAAATATTATGTACTCTTTGCTTTTTTATGTTAAACCTACAAGTGGTGACTGTAAAGAAGCATTACAACGTAGAACTGATAA
chrXI	313824	5150	GTACTAACCACTATACTAAGATGGCAAACAACTGTGAAGTTTTTGGTTACATCTGCACATCTGGTTGAATAAATATTATGTACTCTTTGCTTTTTTATGTTAAACCTACAAGTGGTGACTGTAAAGAAGCATTACAACGTAGAACTGATA
chrXI	313824	7530	GTACTAACCACTATACTAAGATGGCAAACAACTGTGAAGTTTTTGGTTACATCTGCACATCTGGTTGAATAAATATTATGTACTCTTTGCTTTTTTATGTTAAACCTACAAGTGGTGACTGTAAAGAAGCATTACAACGTAGAACTGATAA
chrXI	313824	7530	GTACTAACCACTATACTAAGATGGCAAACAACTGTGAAGTTTTTGGTTACATCTGCACATCTGGTTGAATAAATATTATGTACTCTTTGCTTTTTTATGTTAAACCTACAAGTGGTGACTGTAAAGAAGCATTACAACGTAGAACTGATAA
chrXI	313824	5150	GTACTAACCACTATACTAAGATGGCAAACAACTGTGAAGTTTTTGGTTACATCTGCACATCTGGTTGAATAAATATTATGTACTCTTTGCTTTTTTATGTTAAACCTACAAGTGGTGACTGTAAAGAAGCATTACAACGTAGAACTGATA
chrXI	313824	70	GTCCTAACCACTATACTAAGATGGCAAACAACTGTGAAGTTTTTGGTTACATCTGCACATCTGGTTGAATAAATATTCTGTACTCTTTGCTTTTTTATGTTAAACCTACAAGTGGTGACTGTAAAGAAGCATTACAACGTAGAACTGATAA
chrXI	313824	70	GTACTAACCACTATACTAAGATGGCAAACAACTGTGAAGTTTTTGGTTACATCTGCACATCTGGTTGAATAAATATTATGTACTCTTTGCTTTTTTATGTTAAACCTACAAGTGGTGACTGTAAAGAAGCATTACAACGTAGAACTGATAA
chrXI	313825	2640	TACTTACCACTATACTAAGATGGCAAACAACTGTGAAGTTTTTGGTTACATCTGCACATCTGGTTGAATAAATATTATGTACTCTTTGCTTTTTTATGTTAATCCTAAAAGTGGTGACTGTAAAGAAGCATTACAACGTAGAACTTATAAA
chrXI	313826	10150	ACTAACCACTATACTAAGATGGCAAACAACTGTGAAGTTTTTGGTTACATCTGCACATCTGGTTGAATAAATAT
chrXI	313826	10150	ACTAACCACTATACTAAGATGGCAAACAACTGTGAAGTTTTTGGTTACATCTGCACATCTGGTTGAATAAATAT
chrXI	313827	2640	CTAACCACTATACTAAGATGGCAAACAACTGTGAAGTTTTTGGTTACATCTGCACATCTGGTTGAATAAATATTATGTACTCTTTGCTTTTTTATGTTAAACCTACAAGTGGTGACTGTAAAGAAGCATTACAACGTAGAACTGATAAAGG
chrXI	313829	7530	AACCACTATACTAAGATGGCAAACAACTGTGAAGTTTTTGGTTACATCTGCACATCTGGTTGAATAAATATTATGTACTCTTTGCTTTTTTATGTTAAACCTACAAGTGGTGACTGTAAAGAAGCATTACAACGTAGAACTGATAAAGGGG
chrXI	313829	70	AACCACTATACTAAGATGGCAAACAACTGTGAAGTTTTTGGTTACATCTGCACATCTGGTTGAATAAATATTAGGTACTCTTTGCTTTTTTATGTTAAACCTACAAGTGGTGACTGTAAAGAAGCATTACAACGTAGAACTGATAAAGGGG
chrXI	313829	1410	AACCACTATACTAAGATGGCAAACAACTGTGAAGTTTTTGGTTACATCTGCACATCTGGTTGAATAAATATTATGTACTCTTTGCTTTTTTATGTTAAACCTACAAGTGGTGACTGTAAAGAAGCATTACAACGTAGAACTGATAAAGGGG
chrXI	313829	1410	AACCACTATACTAAGATGGCAAACAACTGTGAAGTTTTTGGTTACATCTGCACATCTGGTTGAATAAATATTATGTACTCTTTGCTTTTTTATGTTAAACCTACAAGTGGTGACTGTAAAGAAGCATTACAACGTAGAACTGATAAAGGGG
chrXI	313829	70	(GGCGACAAACGAACCAGGGTATCCGCGCCCACAACTAAGTGAACG)AACCACAATACTAACAAGGCAAACAACTCTGAAGTTTTTGGATACATC(AGCCCAACACTTACACTAAATATAAATAACTCTGAGCTAATATATCTTATACCTCAAT)
chrXI	313831	2640	CCACTATACTAAGATGGCAAACAACTGTAAAGTTTTTGGTTACATCTGCACATCTGGTTGAATAAATATTATGTACTCTTTGCTTTTTTATGTTAAACCTACAAGTGGTGACTGTAAAGAAGCATTACAACGTAGAAC
chrXI	313831	2640	CCACTATACTAAGATGGCAAACAACTGTGAAGTTTTTGGTTACATCTGCACATCTGGTTGAATAAATA
chrXI	313831	2640	CCACTATACTAAGATGGCAAACAACTGTGAAGTTTTTGGTTACATCTGCACATCTGGTTGAATAAAGATTATGTACTCTTTGCTTTTTTATGTTAAACCTACAAGTGGTGACTGTAAAGAAGCATTACAACGTAGAACTGATAAAGGGGAG
chrXI	313831	2640	CCACTATACTAAGATGGCAAACAACTGTGAAGTTTTTGGTTACATCTGCACATCTGGTTGAATAAATATTATGTACTCTTTGCTTTTTTATGTTAAACCTACAAGTGGTGACTGTAAAGAAGCATTACAACGTAGAACTGATAAAGGGGAG
chrXI	313831	7530	CCACTATACTAAGATGGCAAACAACTGTGAAGTTTTTGGTTACATCTGCACATCTGGTTGAATAAATATTATGTACTCTTTGCTTTTTTATGTTAAACCTACAAGTGGTGACTGTAAAGAAGCATTACAACGTAGAACTGATAAAGGGGAG
chrXI	313831	2640	CCACTATACTAAGATGGCAAACAACTGTAAAGTTTTTGGTTACATCTGCACATCTGGTTGAATAAATATTATGTACTCTTTGCTTTTTTATGTTAAACCTACAAGTGGTGACTGTAAAGAAGCATTACAACGTAGAAC
chrXI	313831	2640	CCACTATACTAAGATGGCAAACAACTGTGAAGTTTTTGGTTACATCTGCACATCTGGTTGAATAAATA
chrXI	313831	1410	CCACTATACTAAGATGGCAAACAACTGTGAAGTTTTTGGTTACATCTGCACATCTGGTTGAATAAATATTATGTACTCTTTGCTTTTTTATGTTAAACCTACAAGTGGTGACTGTAAAGAAGCATTACAACGTAGAACTGATAAAGGGG
chrXI	313831	2640	CCACTATACTAAGATGGCAAACAACTGTGAAGTTTTTGGTTACATCTGCACATCTGGTTGAATAAATA
chrXI	313831	7530	CCACTATACTAAGATGGCAAACAACTGTGAAGTTTTTGGTTACATCTGCACATCTGGTTGAATAAATATTATGTACTCTTTGCTTTTTTATGTTAAACCTACAAGTGGTGACTGTAAAGAAGCATTACAACGTAGAACTGATAAAGGGGAG
chrXI	313831	2640	CCACTATACTAAGATGGCAAACAACTGTGAAGTTTTTGGTTACATCTGCACATCTGGTTGAATAAATA
chrXI	313833	70	ACTATACTAAGATGGCAAACAACTGTGAAGTTTTTGGTTACATCTGCACATCTGGTTGAATAAATATTATGTACTCTTTGCTTTTTTATGTTAAACCTACAAGTGGTGACTGTAATGAAGCATTACAACGTAGAACTGAGAAAGGGGAGAA
chrXI	313834	7530	CTATACTAAGATGGCAAACAACTGTGAAGTTTTTGGTTACATCTGCACATCTGGTTGAATAAATAGTATGTACTCTTTGCTTTTTGATGTTAAACCTACAAGTGGTGACTGGAATGAAGCATTACAACGTAGAACTGATAAAGGGGAGAAA
chrXI	313834	7530	CTATACTAAGATGGCAAACAACTGTGAAGTTTTTGGTTACATCTGCACATCTGGTTGAATAAATATTATGTACTCTTTGCTTTTTTATGTTAAACCTACAAGTG
chrXI	313834	2640	CTATACTAAGATGGCAAACAACTGTGAAGTTTTTGGTTACATCTGCACATCTGGTTGAATAAATATTATGTACTCTTTGCTTTTTTATGTTAAACCTACAAGTGGTGACTGTAAAGAAGCATTACAACGTAGAACTGATAAAGGGGAGAAA
chrXI	313834	2640	CTATACTAAGATGGCAAACAACTGTGAAGTTTTTGGTTACATCTGCACATCTGGTTGAATAAATATTATGTACTCTTTGCTTTTTTATGTTAAACCTACAAGTGGTGACTGTAAAGAAGCATTACAACGTAGAACTGATAAAGGGGAGAAA
chrXI	313834	7530	CTATACTAAGATGTCAAACAACTGTGAAGTTTTTTTTTACATCTGCACTTCTGGTTGAATAAATATTATGTACTCTTTGCTTTTTTATGTTAAACCTACAAGTG
chrXI	313834	2640	CTATACTAAGATGGCAAACAACTGTGAAGTTTTTGGTTACATCTGCACATCTGGTTGAATAAATATTATGTACTCTTTGCTTTTTTATGTTAAACCTACAAGTGGTGACTGTAAAGAAGCATTACAACGTAGAACTGATAAAGGGGAGAAA
chrXI	313834	2640	CTATACTAAGATGGCAAACAACTGTGAAGTTTTTGGTTACATCTGCACATCTGGTTGAATAAATATTATGTACTCTTTGCTTTTTTATGTTAAACCTACAAGTGGTGACTGTAAAGAAGCATTACAACGTAGAACTGATAAAGGGGAGAAA
chrXI	313834	10150	CTATACTAAGATGGCAAACAACTGTGAAGTTTTTGGTTACATCTGCACATCTGGTTGAATAAATATTATGTACTCTTTGCTTTTTTATGTTAAACCTACAAGTGGTGACTGTAAAGAAGCATTACAACGTAGAACTGATAAAGGGGAGAA
chrXI	313834	1410	CTATACTAAGATGGCAAACAACTGTGAAGTTTTTGGTTACATCTGCACATCTGGTTGAATAAATATTATGTACTCTTTGCTTTTTTATGTTAAACCTACAAGTGGTGACTGTAAAGAAGCATTACAACGTAGAACTGATAAAGGGGAGAA
chrXI	313834	2640	CTATACTAAGATGGCAAACAACTGTGAAGTTTTTGGTTACATCTGCACATCTGGTTGAATAAATATTATGTACTCTTTGCTTTTTTATGTTAAACCTACAAGTGGTGACTGTAAAGAAGCATTACAACGTAGAACTGATAAAGGGGAGAAA
chrXI	313835	7530	(AAGGCTAAAGGAAAAAAATAAACTGATATTTAATTTATTAGAAAAATTTTATAACATTATAAATATATTGGTACTAAAAAA)TATACTAAGATGGAAAACAACTTTGAAGTTTTTGGTTAAATATGCACATATGGTTGAATAAATATTATGT
chrXI	313836	2640	ATACTAAGATGGCAAACAACTGTGAAGTTTTTGGTTACATCTGCACATCTGGTTGAATAAATATTATGTACTCTTTGCTTTTTTATGTTAAACCTACAAGTGGTGACTGTAAAGAAGCATTACAACGTAGAACTGATAAAGGGGAGAAATA
chrXI	313836	1410	ATACTAAGATGGCAAACAACTGTGAAGTTTTTGGTTACATCTGCACATCTGGTTGAATAAATATTATGTACTCTTTGCTTTTTTATGTTAAACCTACAAGTGGTGACTGTAAAGAAGCATTACAACGTAGAACTGATAAAGGGGAGAAAT
chrXI	313836	7530	ATACTAAGATGGCAAACAACTGTGAAGTTTTTGGTTACATCTGCACATCTGGTTGAATAAATATTATGTACTCTTTGCTTTTTTATGTTAAACCTACAAGTGGTGACTGTAAAGAAGCATTACAACGTAGAACTGATAAAGGGGAGAAATA
chrXI	313836	2640	ATACTAAGATGGCAAACAACTGTGAAGTTTTTGGTTACATCTGCACATCTGGTTGAATAAATAGTATGTACTCTTTGCTTTTTTATGTTAAACCTACAAGTGGTGACTGTAAAGACTCATTACAACGTAGAACTGATAAAGGGGAGAAATA
chrXI	313836	1410	ATACTAAGATGGCAAACAACTGTGAAGTTTTTGGTTACATCTGCACATCTGGTTGAATAAATATTATGTACTCTTTGCTTTTTTATGTTAAACCTACAAGTGGTGACTGTAAAGAAGCATTACAACGTAGAACTGATAAAGGGGAGAAA
chrXI	313836	10150	ATACTAAGATGGCAAACAACTGTGAAGTTTTTGGTTACATCTGCACATCTGGTTGAATAAATATTATGTACTCTTTGCTTTTTTATGTTAAACCTACAAGTGGTGACTGTAAAGAAGCATTACAACGTAGAACTGATAAAGGGGAGAAAT
chrXI	313836	2640	ATACTAAGATGGCAAACAACTGTGAAGTTTTTGGTTACATCTGCACATCTGGTTGAATAAATATTATGTACTCTTTGCTTTTTTATGTTAAACCTACAAGTGGTGACTGTAAAGAAGCATTACAACGTAGAACTGATAAAGGGGAGAAATA
chrXI	313836	2640	ATACTAAGATGGCAAACAACTGTGAAGTTTTTGGTTACATCTGCACATCTGGTTGAATAAATATTATGTACTCTTTGCTTTTTTATGTTAAACCTACAAGTGGTGACTGTAAAGAAGCATTACAACGTAGAACTGATAAAGGGGAGAAATA
chrXI	313836	2640	ATACTAAGATGGCAAACAACTGTGAAGTTTTTGGTTACATCTGCACATCTGGTTGAATAAATATTATGTACTCTTTGCTTTTTTATGTTAAACCTACAAGTGGTGACTGTAAAGAAGCATTACAACGTAGAACTGATAAAGGGGAGAACTA
chrXI	313836	2640	ATACTAAGATGGCAAACAACTGTGAAGTTTTTGGTTACATCTGCACATCTGGTTGAATAAATATTATGTACTCTTTGCTTTTTTATGTTAAACCTACAAGTGGTGACTGTAAAGAAGCATTACAACGTAGAACTGATAAA
chrXI	313836	2640	ATACTAAGATGGCAAACAACTGTGAAGTTTTTGGTTACATCTGCACATCTGGTTGAATAAATATTATGTACTCTTTGCTTTTTTATGTTAAACCTACAAGTGGTGACTGTAAAGAAGCATTACAACGTAGAACTGATAAA
chrXI	313836	2640	ATACTAAGATGGCAAACAACTGTGAAGTTTTTGGTTACATCTGCACATCTGGTTGAATAAATATTATGTACTCTTTGCTTTTTTATGTTAAACCTACAAGTGGTGACTGTAAAGAAGCATTACAACGTAGAACTGATAAA
chrXI	313836	1410	ATACTAAGATGGCAAACAACTGTGAAGTTTTTGGTTACATCTGCACATCTGGTTGAATAAATATTATGTACTCTTTGCTTTTTTATGTTAAACCTACAAGTGGTGACTGTATAGAAGCTTTACAACGTAGAACTGATAAAGGGGAGAAA
chrXI	313836	1410	ATACTAAGATGGCAAACAACTGTGAAGTTTTTGGTTACATCTGCACATCTGGTTGAATAAATATTATGTACTCTTTGCTTTTTTATGTTAAACCTACAAGTGGTGACTGTAAAGAAGCATTACAACGTAGAACTGATAAAGCGGAGAAAT
chrXI	313836	5150	ATACTAAGATGGCAAACAACTGTGAAGTTTTTGGTTACATCTGCACATCTGGTTGAATAAATATTATGTACTCTTTGCTTTTTTATGTTAAACCTACAAGTGGTGACTGTAAAGAAGCATTACAACGTAGAACTGATAAAGGGGAGAAA
chrXI	313836	10150	ATACTAAGATGGCAAACAACTGTGAAGTTTTTGGTTACATCTGCACATCTGGTTGAATAAATATTATGTACTCTTTGCTTTTTTATGTTAAACCTACAAGTGGTGACTGTAAAGAAGCATTACAACGTAGAACTGATAAAGGGGAGAAAT
chrXI	313836	10150	ATACTAAGATGGCAAACAACTGTGAAGTTTTTGGTTACATCTGCACATCTGGTTGAATAAATATTATGTACTCTTTGCTTTTTTATGTTAAACCTACAAGTGGTGACTGTAAAGAAGCATTACAACGTAGAACTGATAAAGGGGAGAAA
chrXI	313836	5150	ATACTAAGATGGCAAACAACTGTGAAGTTTTTGGTTACATCTGCACATCTGGTTGAATAAATATTATGTACTCTTTGCTTTTTTATGTTAAACCTACAAGTGGTGACTGTAAAGAAGCATTACAACGTAGAACTGATAAAGGGGAGAAA
chrXI	313836	70	ATACTAAGATGGCAAACAACTGTGAAGTTTTTGGTTACATCTGCACATCTGGTTGAATAAATATTATGTACTCTTTGCTTTTTTATGTTAAACCTACAAGTGGTGACTGTAAAGAAGCATTACAACGTAGAACTGATAAAGGGGAGAAATA
chrXI	313836	10150	ATACTAAGATGGCAAACAACTGTGAAGTTTTTGGTTACATCTGCACATCTGGTTGAATAAATATTATGTACTCTTTGCTTTTTTATGTTAAACCTACAAGTGGTGACTGTAAAGAAGCATTACAACGTAGAACTGATAAAGGGGAGAAA
chrXI	313836	5150	ATACTAAGATGGCAAACAACTGTGAAGTTTTTGGTTACATCTGCACATCTGGTTGAATAAATATTATGTACTCTTTGCTTTTTTATGTTAAACCTACAAGTGGTGACTGTAAAGAAGCATTACAACGTAGAACTGATAAAGGGGAGAAAT
chrXI	313836	2640	ATACTAAGATGTCAAACAACTGTGAAGTTTTTGGTTACATCTGCACATCTGGATGAATAAATATTAAGTACTCTTTGCTTTTTTATGTTAAACCTACAAGTGGTGACTGTAAAGAAGAATTACAACGTAGAACTGTAAAATGTGAGAAATA
chrXI	313836	2640	ATACTAAGATGGCAAACAACTGTGAAGTTTTTGGTTACATCTGCACATCTGGTTGAATAAATATTATGTACTCTTTGCTTTTTTATGTTAAACCTACAAGTGGTGACTGTAAAGAAG
chrXI	313836	2640	ATACTAAGATGGCAAACAACTGTGAAGTTTTTGGTTACATCTGCACATCTGGTTGAATAAATATTATGTACTCTTTGCTTTTTTATGTTAAACCTACAAGTGGTGACTGTAAAGAAG
chrXI	313836	10150	ATACTAAGATGGCAAACAACTGTGAAGTTTTTGGTTACATCTGCACATCTGGTTGAATAAATATTATGTACTCTTTGCTTTTTTATGTTAAACCTACAAGTGGTGACTGTAAAGAAGCATTACAACGTAGAACTGATAAAGGGGAGAAAT
chrXI	313836	7530	ATACTAAGATGGCAAACAACTGTGAAGTTTTTGGTTACATCTGCACATCTGGTTGAATAAATATTATGTACTCTTTGCTTTTTTATGTTAAACCTACAAGTGGTGACTGTAAAGAAGCATTACAACGTAGAACTGATAAAGGGGAGAAATA
chrXI	313836	2640	ATACTAAGATGGCAAACAACTGTGAAGTTTTTGGTTACATCTGCACATCTGGTTGAATAAATATTATGTACTCTTTGCTTTTTTATGTTAAACCTACAAGTGGTGACTGTAAAGAAGCATTACAACGTAGAACTGATAAA
chrXI	313837	2640	TACTAAGATGGCAAACAACTGTGAAGTTTTTGGTTACATCTGCACATCTGGTTGAATAAATATTATGAACTCTTTGCATTTTTATGTTAAAACTACAAGTGGTGACTGGAAAGAAGCATTACAACGTAGAACTGATCAAGGGCAGAAATAT
chrXI	313838	2640	ACTAAGATGGCAAACAACTGTGAAGTTTTTGGTTACATCTGCACATCTGGTTGAATAAATATTATGTACTCTTTGCTTTTTTATGTTAAACCTACAAGTGGTGACTGTAAAGAAGCATTACAACGTAGAACTGATAAAGGGGAGAAATATG
chrXI	313839	7530	(TCAGTCCATTATTGCTAAAGTAAAAAAATATTTGTCCATCTCCTAGTTTCTAACCAGCGTTTCATCTGACACAAAGATGTGTACTATCATCTTTT)CTAAGATGGCAAACTTCTTTGAAGATTTTGGTTTCATAAGCACATCTGGTTGAAT(C)
chrXI	313841	5150	AAGATGGCAAACAACTGTGAAGTTTTTGGTTACATCTGCACATCTGGTTGAATAAATATTATGTACTCTTTGCTTTTTTATGTTAAACCTACAAGTGGTGACTGTAAAGAAGCATTACAACGTAGAACTGATAAAGGGGAGAAATATGT
chrXI	313841	7530	AAGATGGCAAACAACTGTGAAGTTTTTGGTTACATCTGCACATCTGGTTGAATAAATATTATGTACTCTTTGCTTTTTTATGTTAAACCTACAAGTGGTGACTGTAAAGAAGCATTACAACGTAGAACTGATAAAGGGGAGAAATATGTGA
chrXI	313842	10150	AGATGGCAAACAACTGTGAAGTTTTTGGTTACATCTGCACATCTGGTTGAATAAATATTATGTACTCTTTGCTTTTTTATGTTAAACCTACAAGTGGTGACTGTAAAGAAGCATTACAACGTAGAACTGATAAAGGGGAGAAATATGTGAG
chrXI	313843	5150	GATGGCAAACAACTGTGAAGTTTTTGGTTACATCTGCACATCTGGTTGAATAAATATTATGTACTCTTTGCTTTTTTATGTTAAACCTACAAGTGGTGACTGTAAAGAAGCATTACAACGTAGAACTGATAAAGGGGAGAAATATGTGAGT
chrXI	313843	1410	GATGGCAAACAACTGTGAAGTTTTTGGTTACATCTGCACATCTGGTTGAATAAATATTATGTACTCTTTGCTTTTTTATGTTAAACCTACAAGTGGTGACTGTAAAGAAGCATTACAACGTAGAACTGATAAAGGGGAGAAATATGTGAGT
chrXI	313844	2640	ATGGCAAACAACTGTGAAGTTTTTGGTTACATCTGCACATCTGGTTGAATAAATATTATGTACTCTTTGCTTTTTTATGTTAAACCTACAAGTGGTGACTGTAAAGAAGCATTACAACGTAGAACTGATAAAGGGGAGAAATATGTGAGT
chrXI	313844	7530	ATGGATAACAACAGTGAAGATTTTGGTTACATCTGCACATCTGGTTGACTCAATATTATGTACTCTTTGCTTTTTTATGATACACCGACAAGTGGTGACTGGAAAGAAGCATTACAACGTAGAACTGATAAAGGGGAGAAATATGTGAG
chrXI	313847	5150	GCAAACAACTGTGAAGTTTTTGGTTACATCTGCACATCTGGTTGAATAAATATTATGTACTCTTTGCTTTTTTATGTTAAACCTACAAGTGGTGACTGTAAAGAAGCATTACAACGTAGAACTGATAAAGGGGAGAAATATGTGAGTTGTT
chrXI	328689	70	CAACTTCATTTTCTTAGGTTCTGGCTGGTTGCCATCTTTAGAGCTTCCGTGTAGTTCCTCTTGTTTCTTCAAAAACGTTTCGACCTCCTTTTCCTTGTCCTGGTCGGGTACTAAAGAATCGAGAAGGATATCGCGGGTTTCGCAATTGGGG
chrXI	328689	2640	CAACTTCATTTTCTTAGTTTCTGGCTGGTTGCCATCTTTAGAGCTTCCGTGTAGTTCCTCTTGTTTCTTCAAAAACGTTTCGACCTCCTTTTCCTTGTCCTGGTCGGGTACTAAAGAATCGAGAAGGATATCGCGGGTTTCGCAATTGGGG
chrXI	328689	10150	CAACTTCATTTTCTTAGTTTCTGGCTGGTTGCCATCTTTAGAGCTTCCGTGTAGTTCCTCTTGTTTCTTCAAAAACGTTTCGACCTCCTTTTCCTTGTCCTGGTCGGGTACTAAAGAATCGAGAAGGATATCGCGGGTTTCGCAATTAGGG
chrXI	328689	5150	CAACTTCATTTTCTTAGTTTCTGGCTGGTTGCCATCTTTAGAGCTTCCGTGTAGTTCCTCTTGTTTCTTCAAAAACGTTTCGACCTCCTTTTCCTTGTCCTGGTCGGGTACTAAAGAATCGAGAAGGATATCGCGGGTTTCGCAATTGGGG
chrXI	328691	5150	ACTTCATTTTCTTAGTTTCTGGCTGGTTGCCATCTTTAGAGCTTCCGTGTAGTTCCTCTTGTTTCTTCAAAAACGTTTCGACCTCCTTTTCCTTGTCCTGGTCGGGTACTAAAGAATCGAGAAGGATAACGCGGGTTTCGCAATAGGGGC
chrXI	328695	1410	CATTTTCTTAGTTTCTGGCTGGTTGCCATCTTTAGAGCTTCCGTGTAGTTCCTCTTGTTTCTTCAAAAACGTTTCGACCTCCTTTTCCTTGTCCTGGTCGGGTACTAAAGAATCGAGAAGGATATCGTGGGTTTCGCAATTGGGGCATACA
chrXI	328695	5150	CATTTTCTTAGTTTCTGGCTGGTTGCCATCTTTAGAGCTTCCGTGTAGTTCCTCTTGTTTCTTCAAAAACGTTTCGACCTCCTTTTCCTTGTCCTGGTCGGGTACTAAAGAATCGAGAAGGATATCGCGGGTTTCGCAATTGGGGCATAC
chrXI	328696	70	ATTTTCTTAGTTTCTGGCTGGTTGCCATCTTTAGAGCTTCCGTGTAGTTCCTCTTGTTTCTTCAAAAACGTTTCGACCTCCTTTTCCTTGTCCTGGTCGGGTACTAAAGAATCGAGAAGGATATCGCGGGTTTCGCAATTGGGGCATACAA
chrXI	328699	2640	TTCTTAGTTTCTGGCTGGTTGCCATCTTTAGAGCTTCCGTGTAGTTCCTCTTGTTTCTTCAAAAACGTTTCGACCTCCTTTTCCTTGTCCTGGTCGGGTACTAAAGAATCGAGAAGGATATCGCGGGTTTCGCAATTGGGGCATACAAAGT
chrXI	328699	2640	TTCTTAGTTTCTGGCTGGTTGCCATCTTTAGAGCTTCCGTGTAGTTCCTCTTGTTTCTTCAAAAACGTTTCGACCTCCTTTTCCTTGTCCTGGTCGGGTACTAAAGAATCGAGAAGGATATCGCGGGTTTCGCAATTGGGGCATACAAAGT
chrXI	328699	2640	TTCTTAGTTTCTGGCTGGTTGCCATCTTTAGAGCTTCCGTGTAGTTCCTCTTGTTTCTTCAAAAACGTTTCGACCTCCTTTTCCTTGTCCTGGTCGGGTACTAAAGAATCGAGAAGGATATCGCGGGTTTCGCAATTGGGGCATACAAAGT
chrXI	328699	2640	TTCTTAGTTTCTGGCTGGTTGCCATCTTTAGAGCTTCCGTGTAGTTCCTCTTGTTTCTTCAAAAACGTTTCGACCTCCTTTTCCTTGTCCTGGTCGGGTACTAAAGAATCGAGAAGGATATCGCGGGTTTCGCAATTGGGGCATACAAAGT
chrXI	328699	70	TTCTTAGTTTCTGGCTGGTTGCCATCTTTAGAGCTTCCGTGTAGTTCCTCTTGTTTCTTCAAAAACGTTTCGACCTCCTTTTCCTTGTCCTGGTCGGGTACTAAAGAATCGAGAAGGATATCGCGGGTTTCGCAATTGGGGCATACAAAGT
chrXI	328699	7530	TTCTTAGTTTCTGGCTGGTGGCCATCTTTAGAGCTTCCGTGTAGTTCCTCTTGTTTCTTCAAAAACGTTTCGACCTCCTTTTCCTTGTCCTGGTCGGGTACTAAAGAATCGAGAAGGATATCGCGGGTTTCGCAATTGGGGCATACAAAGT
chrXI	328699	2640	TTCTTAGTTTCTGGCTGGGTGCCATCTTTAGAGCTTCCGTGTAGTTCCTCTTGTTTCTTCAAAAACGTTTCGACCTCCTTTTCCTTGTCCTGGTCGGGTACTAAAGAATCGAGAAGGATATCGCGGGTTTCGCAATTGGGGCATACAAAGT
chrXI	328699	2640	TTCTTAGTTTCTGGCTGGTTGCCATCTTTAGAGCTTCCGTGTAGTTCCTCTTGTTTCTTCAAAAACGTTTCGACCTCCTTTTCCTTGTCCTGGTCGGGTACTAAAGAATCGAGAAGGATATCGCGGGTTTCGCAATTGGGGCATACAAAGT
chrXI	328699	2640	TTCTTAGTTTCTGGCTGGTTGCCATCTTTAGAGCTTCCGTGTAGTTCCTCTTGTTTCTTCAAAAACGTTTCGACCTCCTTTTCCTTGTCCTGGTCGGGTACTAAAGAATCGAGAAGGATATCGCGGGTTTCGCAATTGGGGCATACAAAGT
chrXI	328699	7530	TTCTTAGTTTCTGGCTGGTTGCCATCTTTAGAGCTTCCGTGTAGTTCCTCTTGTTTCTTCAAAAACGTTTCGACCTCCTTTTCCTTGTCCTGGTCGGGTACTAAAGAATCGAGAAGGATATCGCGGGTTTCGCAATTGGGGCATACAAAGT
chrXI	328699	70	TTCTTAGTTTCTGGCTGGTTGCCATCTTTAGAGCGTCCGTGTAGTTCCTCTTGTTTCTTCAAAAACGTTTCGACCTCCTTTTCCTTGTCCTGGTCGGGTACTAAAGAATCGAGAAGGATATCGCGGGTTTCGCAATTGGGGCATACAAAGT
chrXI	328699	7530	TTCTTAGTTTCTGGCTGGTTGCCATCTTTAGAGCTTCCGTGTAGTTCCTCTTGTTTCTTCAAAAACGTTTCGACCTCCTTTTCCTTGTCCTGGTCGGGTACTAAAGAATCGAGAAGGATATCGCGGGTTTCGCAATTGGGGCATACAAAGT
chrXI	328700	10150	TCTTAGTTTCTGGCTGGTTGCCATCTTTAGAGCTTCCGTGTAGTTCCTCTTGTTTCTTCAAAAACGTTTCGACCTCCTTTTCCTTGTCCTGGTCGGGTACTAAAGAATCGAGAAGGATATCGCGGGTTTCGCAATTGGGGCATACAAAGT
chrXI	328700	10150	TCTTAGTTTCTGGCTGGTTGCCATCTTTAGAGCTTCCGTGTAGTTCCTCTTGTTTCTTCAAAAACGTTTCGACCTCCTTTTCCTTGTCCTGGTCGGGTACTAAAGAATCGAGAAGGATATCGCGGGTTTCGCAATTGGGGCATACAAAGT
chrXI	328700	5150	TCTTAGTTTCTGGCTGGTTGCCATCTTTAGAGCTTCCGTGTAGTTCCTCTTGTTTCTTCAAAAACGTTTCGACCTCCTTTTCCTTGTCCTGGTCGGGTACTAAAGAATCGAGAAGGATATCGCGGGTTTCGCAATTGGGGCATACAAAGT
chrXI	328700	2640	TCTTAGTTTCTGGCTGGTTGCCATCTTTAGAGCTTCCGTGTAGTTCCTCTTGTTTCTTCAAAAACGTTTCGACCTCCTTTTCCTTGTCCTGGTCGGGTACTAAAGAATCGAGAAGGATATCGCGGGTTTCGCAATTGGGGCATACAAAGT
chrXI	328700	1410	TCTTAGTTTCTGGCTGGTTGCCATCTTTAGAGCTTCCGTGTAGTTCCTCTTGTTTCTTCAAAAACGTTTCGACCTCCTTTTCCTTGTCCTGGTCGGGTACTAAAGAATCGAGAAGGATATCGCGGGTTTCGCAATTGGGGCATACAAAGT
chrXI	328700	1410	TCTTAGTTTCTGGCTGGTTGCCATCTTTAGAGCTTCCGTGTAGTTCCTCTTGTTTCTTCAAAAACGTTTCGACCTCCTTTTCCTTGTCCTGGTCGGGTACTAAAGAATCGAGAAGGATATCGCGGGTTTCGCAATTGGGGCATACAAAGTC
chrXI	328702	70	TTAGTTTCTGGCTGGTTGCCATCTTTAGAGCTTCCGTGTAGTTCCTCTTGTTTCTTCAAAAACGTTTCGACCTCCTTTTCCTTGTCCTGGTCGGGTACTAAAGAATCGAGAAGGATATCGCGGGTTTCGCAATTGGGGCATACAAAGTCGC
chrXI	328703	5150	TAGTTTCTGGCTGGTTGCCATCTTTAGAGCTTCCGTGTAGTTCCTCTTGTTTCTTCAAAAACGTTTCGACCTCCTTTTCCTTGTCCTGGTCGGGTACTAAAGAATCGAGAAGGATATCGCGGGTTTCGCAATTGGGGCATACAAAGTCGC
chrXI	328704	10150	AGTTTCTGGCTGGTTGCCATCTTTAGAGCTTCCGTGTAGTTCCTCTTGTTTCTTCAAAAACGTTTCGACCTCCTTTTCCTTGTCCTGGTCGGGTACTAAAGAATCGAGAAGGATATCGCGGGTTTCGCAATTAGGGCATACAAAGTAGCT
chrXI	328705	70	GTTTCTGGCTGGTTGCCATCTTTAGAGCTTCCGTGTAGTTCCTCTTGTTTCTTCAAAATCGTTTCGACCTCCTTTTCCTTGTCCTGGTCGGGGACTAACGAATCGAGAAGGATAGCGCGGGTTTCGCAATGGGGGCATACAAAGTCGCT
chrXI	328705	70	GTTTCTGGCTGGTTGCCATCTTTAGAGCTTCCGTGTAGTTCCTCTTGTTTCTTCAAAAACGTTTCGACCTCCTTTTCCTTGTCCTGGTCGGGTACTAAAGAATCGAGAAGGATATCGCGGGTTTCGCAATTGGGGCATACAAAGTCGCT
chrXI	328708	10150	TCTGGCTGGTTGCCATCTTTAGAGCTTCCGTGTAGTTCCTCTTGTTTCTTCAAAAACGTTTCGACCTCCTTTTCCTTGTCCTGGTCGGGTACTAAAGAATCGAGAAGGATATCGCGGGTTTCGCAATTGGGGCATACAAAGTCGCTCTCT
chrXI	328709	7530	CTGGCTGGTTGCCATCTTTAGAGCTTCCGTGTAGTTCCTCTTGTTTCTTCAAAAACGTTTCGACCTCCTTTTCCTTGTCCTGGTCGGGTACTAAAGAATCGAGAAGGATATCGCGGGTTTCGCAATTGGGGCATACAAAGTCGCTCTCTAC
chrXI	328710	7530	TGGCTGGGTGCCATCTTTAGAGCTTCCGTGTAGTTCCTCTTGGTTCTTCAAAAACGTTTCGACCTCCTTTTCCTTGTCCTGGTCGGGTACTAAAGAATCGAGAAGGATATCGCGGGTTTCGCAATTGGGGCATACAACGTAGCTCTCTACC
chrXI	328710	70	TGGCTGGTTGCCATCTTTAGAGCTTCCGTGTAGTTCCTCTTGTTTCTTCAAAAACGTTTCGACCTCCTGTTCCTTGTCCTGGTCGGGTACTAAAGAATCGAGAAGGATATCGCGGGTTTCGCAATTGGGGCATACAAAGTCGCTCTCTACC
chrXI	328710	2640	TGGCTGGTTGCCATCTTTAGAGCTTCCGTGTAGTTCCTCTTGTTTCTTCAAAAACGTTTCGACCTCCTTTTCCTTGTCCTGGTCGGGTACTAAAGAATCGAGAAGGATATCGCGGGTTTCGCAATTGGGGCATACAAAGTCGCTCTCTACC
chrXI	328710	2640	TGGCTGGTTGCCATCTTTAGAGCTTCCGTGTAGTTCCTCTTGTTTCTTCAAAAACGTTGCGACCTCCTTTTCCTTGTCCTGGTCGGGTACTAAAGAATCGAGAAGGATATCGCGGGTTTCGCAATTGGGGCATACAAAGTCGCTCTCTACC
chrXI	328710	70	TGGCTGGGTGCCATCTTTAGAGCTTCCGTGTAGTTCCTCTTGTTTCTTCAAAAACGTTTCGACCTCCTGTTCCTTGTCCTGGTCGGGTACTACAGAATCGAGAAGGATATCGCGGGGGTCGCACTGGGGGCATACAAAGTCGCTCTCTACC
chrXI	328710	7530	TGGCTGGTTGCCATCTTTAGAGCTTCCGTGTAGTTCCTCTTGTTTCTTCAAAAACGTTTCGACCTCCTTTTCCTTGTCCTGGTCGGGTACTAAAGAATCGAGAAGGATATCGCGGGTTTCGCAATTGGGGCATACAAAGTAGCTCTCTACC
chrXI	328711	10150	GGCTGGTTGCCATCTTTAGAGCTTCCGTGTAGTTCCTCTTGTTTCTTCAAAAACGTTTCGACCTCCTTTTCCTTGTCCTGGTCGGGTACTAAAGAATCGAGAAGGATATCGCGGGTTTCGCAATTAGGGCATACAAAGTAGCTCTCTACC
chrXI	328711	5150	GGCTGGTTGCCATCTTTAGAGCTTCCGTGTAGTTCCTCTTGTTTCTTCAAAAACGTTTCGACCTCCTTTTCCTTGTCCTGGTCGGGTACTAAAGAATCGAGAAGGATATCGCGGGTGTCGCAATTGGGGCATACAAAGTCGCTCTCTAC
chrXI	328711	10150	GGCTGGTTGCCATCTTTAGAGCTTCCGTGTAGTTCCTCTTGTTTCTTCAAAAACGTTTCGACCTCCTTTTCCTTGTCCTGGTCGGGTACTAAAGAATCGAGAAGGATATCGCGGGTTTCGCAATTGGGGCATACAAAGTCGCTCTCTACC
chrXI	328711	1410	GGCTGGTTGCCATCTTTAGAGCTTCCGTGTAGTTCCTCTTGTTTCTTCAAAAACGTTTCGACCTCCTTTTCCTTGTCCTGGTCGGGTACTAAAGAATCGAGAAGGATATCGCGGGTTTCGCAATTGGGGCATACAAAGTCGCTCTCTACC
chrXI	328712	5150	GCTGGTTGCCATCTTTAGAGCTTCCGTGTAGTTCCTCTTGTTTCTTCAAAAACGTTTCGACCTCCTTTTCCTTGTCCTGGTCGGGTACTAAAGAATCGAGAAGGATATCGCGGGTTTCGCAATTGGGGCATACAAAGTCGCTCTCTACCAG
chrXI	328713	2640	CTGGTTGGCTTCGTTAGAGCTTCCGTGTTGTTCCTCTTGTTTCTTCAATAAGGTTTGGAGCTCCTGTTTCTTGTCCTGGTGTGGTAGTAAAGACTCGAGAAGGATATCGCGGGTTTCTCAATTGGGGCATACAAAGTCGCTCTCTACCAG
chrXI	328713	7530	CTGGTTGCCATCTTTAGAGCTTCCGTGTAGTTCCTCTTGTTTCTTCAAAAACGTTTCGACCTCCTTTTCCTTGTCCTGGTCGGGTACTAAAGAATCGAGAAGGATATCGCGGGTTTCGCAATTGGGGCATACAAAGTAGCTCTCTACCAG
chrXI	328713	70	CTGGTTGCCATCTTTAGAGCTTCCGTGTAGTTCCTCTTGTTTCTTCAAAAACGTTTCGACCTCCTTTTCCTTGTCCTGGTCGGGTACTAAAGAATCGAGAAGGATATCGCGGGTTTCGCAATTGGGGCATACAAAGTCGCTCTCTACCAG
chrXI	328714	2640	TGGTTGCCATCTTTAGAGCTTCCGTGTAGTTCCTCTTGTTTCTTCAAAAACGTTTCGACCTCCTTTTCCTTGTCCTGGTCGGGTACTAAAGAATCGAGAAGGATATCGCGGGTTTCGCAATTGGGGCATACAAAGTCGCTCTCTACCAGTG
chrXI	328714	70	TGGTTGCCATCTTTAGAGCTTCCGTGTAGTTCCTCTTGTTTCTTCAAAAACGTTTCGACCTCCTTTTCCTTGTCCTGGTCGGGTACTAAAGAATCGAGAAGGATATCGCGGGTTTCGCAATTGGGGCATACAAAGTCGCTCTCTACCAGTG
chrXI	328715	1410	GGTTGCCATCTTTAGAGCTTCCGTGTAGTTCCTCTTGTTTCTTCAAAAACGTTTCGACCTCCTTTTCCTTGTCCTGGTCGGGTACTAAAGAATCGAGAAGGATATCGCGGGTTTCGCAATTGGGGCATACAAAGTCGCTCTCTACCAGTG
chrXI	328715	70	GGTTGCCATCTTTAGAGCTTCCGTGTAGTTCCTCTTGTTTCTTCAAAAACGTTTCGACCTCCTTTTCCTTGTCCTGGTCGGGTACTAAAGAATCGAGAAGGATATCGCGGGTTTCGCAATTGGGGCATACAAAGTCGCTCTCTACCAGTG
chrXI	328716	2640	GTTGCCATCTTTAGAGCTTCCGTGTAGTTCCTCTTGTTTCTTCAAAAACGTTTCGACCTCCTTTTCCTTGTCCTGGTCGGGTACTAAAGAATCGAGAAGGATATCGCGGGTTTCGCAATTGGGGCAGACAAAGTCGCTCTCTACCAGTGCA
chrXI	328716	2640	GTTGCCATCTTTAGAGCTTCCGTGTAGTTCCTCTTGTTTCTTCAAAAACGTTTCGACCTCCTTTTCCTTGTCCTGGTCGGGTACTAAAGAATCGAGAAGGATATCGCGGGTTTCGCAATTGGGGCATACAAAGTCGCTCTCTACCAGTGCA
chrXI	328716	70	GTTGCCATCTTTAGAGCTTCCGTGTAGGTCCTCTTGTTTCTTCAAAAACGTTTCGACCTCCTTTTCCTTGTCCTGGTCGGGTACTAAAGAATCGAGAAGGATATCGCGGGTTTCGCAATTGTGGCATACAAAGTCGCTCTCTACCAGTGC
chrXI	328717	7530	TTGCCATCTTTAGAGCTTCCGTGTAGTTCCTCTTGTTTCTTCAAAAACGTTTCGACCTCCTTTTCCTTGTCCTGGTCGGGTACTAAAGAATCGAGAAGGATATCGCGGGTTTCGCAATTGGGGCATACAAAGTAGCTCTCTACCAGTGCAT
chrXI	328720	70	CCATCTTTAGAGCTTCCGTGTAGTTCCTCTTGTTTCTTCAAAAACGTTTCGACCTCCTTTTCCTTGTCCTGGTCGGGTACTAAAGAATCGAGAAGGATATCGCGGGTTTCGCAATTGGGGCATACAAAGTCGCTCTCTACCAGTGCATTTT
chrXI	328722	2640	ATCTTTAGAGCTTCCGTGTAGTTCCTCGTGTTTCTTCAAAAACGTTTCGACCTCCTTTTCCTTGTCCTGGTCGGGTACTAAAGAATCGAGAAGGATATCGCGGGTTTCGCAATTGGGGCATACAAAGTCGCTCTCTACCAGTGCATTTTCC
chrXI	328723	7530	TCTTTAGAGCTTCCGTGTAGTTCCTCTTGTTTCTTCAAAAACGTTTCGACCTCCTTTTCCTTGTCCTGGTCGGGTACTAAAGAATCGAGAAGGATATCGCGGGTTTCGCAATTGGGGCATACAAAGTCGCTCTCTACCAGTGCATTTTCCA
chrXI	328723	70	TCTTTAGAGCTTCCGTGTAGTTCCTCTTGTTTCTTCAAAAACGTTTCGACCTCCTTTTCCTTGTCCTGGTCGGGTACTAAAGAATCGAGAAGGATATCGCGGGTTTCGCAATTGGGGCATACAAAGTCGCTCTCTACCAGTGCATTTTCCA
chrXI	328723	2640	TCTTTAGAGCTTCCGTGTAGTTCCTCTTGTTTCTTCAAAAACGTTTCGACCTCCTTTTCCTTGTCCTGGTCGGGTACTAAAGAATCGAGAAGGATATCGCGGGTTTCGCAATTGGGGCATACAAAGTCGCTCTCTACCAGTGCATTTTCCA
chrXI	328723	7530	TCTTTAGAGCTTCCGTGTAGTTCCTCTTGTTTCTTCAAAAACGTTTCGACCTCCTTTTCCTTGTCCTGGTCGGGTACTAAAGAATCGAGAAGGATATCGCGGGTTTCGCAATTGGGGCATACAAAGTCGCTCTCTACCAGTGCATTTTCCA
chrXI	328724	70	CTTTAGAGCTTCCGTGTAGTTCCTCTTGTTTCTTCAAAAACGTTTCGACCTCCTTTTCCTTGTCCTGGTCGGGTACTAAAGAATCGAGAAGGATATCGCGGGTTTCGCAATTGGGGCATACAAAGTCGCTCTCTACCAGTGCATTTTCCAG
chrXI	328724	1410	CTTTAGAGCTTCCGTGTAGTTCCTCTTGTTTCTTCAAAAACGTTTCGACCTCCTTTTCCTTGTCCTGGTCGGGTACTAAAGAATCGAGAAGGATATCGCGGGTTTCGCAATTGGGGCATACAAAGTCGCTCTCTACCAGTGCATTTTCC
chrXI	328724	70	CTTTAGAGCTTCCGTGTAGTTCCTCTTGTTTCTTCAAAAACGTTTCGACCTCCTTTTCCTTGTCCTGGTCGGGTACTAAAGAATCGAGAAGGATATCGCGGGTTTCGCAATTGGGGCATACACAGTCGCTCTCTACCAGTGCATTTTCCAG
chrXI	328724	7530	CTTTAGAGCTTCCGTGTAGTTCCTCTTGTTTCTTCAAAATCGTTTCGACCTCCTTTTCCTTGTCCTGGTCGGGTACTAAAGAATCGAGAAGGATATCGCGGGTTTCGCAATTGGGGCATACAAAGTAGCTCTCTACCAGTGCATTTTCCAG
chrXI	328724	1410	CTTTAGAGCTTCCGTGTAGTTCCTCTTGTTTCTTCAAAAACGTTTCGACCTCCTTTTCCTTGTCCTGGTCGGGTACTAAAGAATCTAGAAGGATATCGCGGGTTTCGCAATTGGGGCATACAAAGTCGCTCTCTACCAGTGCATTTTCC
chrXI	328724	70	CTTTAGAGCTTCCGTGTAGTTCCTCTTGTTTCTTCAAAAACGTTTCGACCTCCTTTTCCTTGTCCTGGTCGGGTACTAAAGAATCGAGAAGGATATCGCGGGTTTCGCAATTGGGGCATACAAAGTCGCTCTCTACCAGTGCATTTTCCAG
chrXI	328724	2640	CTTTAGAGCTTCCGTGTAGTTCCTCTTGTTTCTTCAAAAACGTTTCGACCTCCTTTTCCTTGTCCTGGTCGGGTACTAAAGAATCGAGAAGGATATCGCGGGTTTCGCAATTGGGGCATACAAAGTCGCTCTCTACCAGTGCATTTTCCAG
chrXI	328724	10150	CTTTAGAGCTTCCGTGTAGTTCCTCTTGTTTCTTCAAAAACGTTTCGACCTCCTTTTCCTTGTCCTGGTCGGGTACTAAAGAATCGAGAAGGATATCGCGGGTTTCGCAATTGGGGCATACAAAGTCGCTCTCTACCAGTGCATTTTCC
chrXI	328724	70	CTTTAGAGCTTCCGTGTAGTTCCTCTTGTTTCTTCAAAAACGTTTCGACCTCCTTTTCGTTGTCCTGGTCGGGTCCTAAAGAATCGAGCAGGATCTCGCGGGTTTCGCAAGTGGGGCATACAAAGTCGCTCTCTACCACTGCATTTTCCAG
chrXI	328724	5150	CTTTAGAGCTTCCATGTAGTTCCTCTTGTTTCTTCAAAAACGTTTCGACCTCCTTTTCCTTGTCCTGGTCGGGTACTAAAGAATCGAGAAGGATATCGCGGGTTTCGCAATTGGGGCATACAAAGTAGCTCTCTACCAGTGCATTTTCC
chrXI	328726	2640	TTAGAGCTTCCGTGTAGTTCCTCTTGTTTCTTCAAAAACGTTTCGACCTCCTTTTCCTTGTCCTGGTCGGGTACTAAAGAATCGAGAAGGATATCGCGGGTTTCGCAATTGGGGCATACAAAGTCGCTCTCTACCAGTGCATTTTCCAGCG
chrXI	328726	5150	TTAGAGCTTCCGTGTAGTTCCTCTTGTTTCTTCAAAAACGTTTCGACCTCCTTTTCCTTGTCCTGGTCGGGTACTAAAGAATCGAGAAGGATATCGCGGGTTTCGCAATTGGGGAATACAAAGTCGCTCTCTACCAGTGCATTTTCC
chrXI	328726	2640	TTAGAGCTTCCGTGTAGTTCCTCTTGTTTCTTCAAAAACGTTTCGACCTCCTTTTCCTTGTCCTGGTCGGGTACTAAAGAATCGAGAAGGATATCGCGGGTTTCGCAATTGGGGCATACAAAGTCGCTCTCTACCAGTGCATTTTCCAGCG
chrXI	328730	70	AGCTTCCGTGTAGTTCCTCTTGTTTCTTCAAAAACGTTTCGACCTCCTTTTCCTTGTCCTGGTCGGGTACTAAAGACTCGAGAAGGATATCGCGGGTTTCGCAATTGGGGCATACAAAGTCGCTCTCTACCAGTGCATTTTCCAGCGCC
chrXI	328732	10150	CTTCCGTGTAGTTCCTCTTGTTTCTTCAAAAACGTTTCGACCTCCTTTTCCTTGTCCTGGTCGGGTACTAAAGAATCGAGAAGGATATCGCGGGTTTCGCAATTAGGGCATACAAAGTAGCTCTCTACCAGTGCATTTTCCAGCGCCTCTT
chrXI	328732	2640	CTTCCGTGTAGTTCCTCTTGTTTCTTCAAAAACGATTCGACCTCCTTTTCCCTGACCTGGTCGCGTACTCAAGAATCGAGAAGGAAATCGCGGGTTTCGCAATTGGGGCATACAAAGTCGCTCTCTAACAGTGCATTTTCCAGCGCCTCTT
chrXI	328734	7530	TCCGTGTAGTTCCTCTTGTTTCTTCAAAAACGTTTCGACCTCCTTTTCCTTGTCCTGGTCGGGTACTAAAGAATCGAGAAGGATATCGCGGGTTTCGCAATTGGGGCATACAAAGTCGCTCTCTACCAGTGCATTTTCCAGCGCCTCTTTT
chrXI	328734	10150	TCCGTGTAGTTCCTCTTGTTTCTTCAAAAACGTTTCGACCTCCTTTTCCTTGTCCTGGTCGGGTACTAAAGAATCGAGAAGGATATCGCGGGTTTCGCAATTAGGGCATACAAAGTAGCTCTCTACCAGTGCATTTTCCAGCGCCTCTTTT
chrXI	328734	70	TCCGTGTAGTTCCTCTTGTTTCTTCAAAAACGTTTCGACCTCCTTTTCCTTGTCCTGGTCGGGTACTAAAGAATCGAGAAGGATCTCGCGGGTTTCGCAATTGGGTCATACAAAGTCGCTCTCTACCAGTGCATTTTCCCGCGCCTCTTTT
chrXI	328734	5150	TCCGTGTAGTTCCTCTTGTTTCTTCAAAAACGTTTCGACCTCCTTTTCCTTGTCCTGGTCGGGTACTAAAGAATCGAGAAGGATATCGCGGGTTTCGCAATTGGGGCATACAAAGTCGCTCTCTACCAGTGCATTTTCCAGCGCCTCTTTT
chrXI	328734	10150	TCCGTGTAGTTCCTCTTGTTTCTTCAAAAACGTTTCGACCTCCTTTTCCTTGTCCTGGTCGGGTACTAAAGAATCGAGAAGGATATCGCGGGTTTCGCAATTGGGGCATACAAAGTCGCTCTCTACCAGTGCATTTTCCAGCGCCTCTTTT
chrXI	328734	10150	TCCGTGTAGTTCCTCTTGTTTCTTCAAAAACGTTTCGACCTCCTTTTCCTTGTCCTGGTCGGGTACTAAAGAATCGAGAAGGATATCGCGGGTTTCGCAATTGGGGCATACAAAGTCGCTCTCTACCAGTGCATTTTCCAGCGCCTCTTTT
chrXI	328734	2640	TCCGTGTAGTTCCTCTTGTTTCTTCAAAAACGTTTCGACCTACTTTTCCTTGTCCTGGTCGGGTACTAAAGAATCGAGAAGGATATCGCGGGTTTCGCAATTGGGGCATACAAAGTCGCTCTCTACCAGTGCATTTTCCAGCGCCTCTGTT
chrXI	328734	2640	TCCGTGTAGTTCCTCTTGTTTCTTCAAAAACGTTTCGACCTCCTTTTCCTTGTCCTGGTCGGGTACTAAAGAATCGAGAAGGATATCGCGGGTTTCGCAATTGGGGCATACAAAGTCGCTCTCTACCAGTGCATTTTCCAGCGCCTCTTTT
chrXI	328735	7530	CCGTGTAGTTCCTCTTGTTTCTTCAAAAACGTTTCGACCTCCTTTTCCTTGTCCTGGTCGGGTACTAAAGAATCGAGAAGGATATCGCGGGTTTCGCAATTGGGGCATACAAAGTCGCTCTCTACCAGTGCATTTTCCAGCGCCTCTTTTG
chrXI	328737	2640	GTGTAGTTCCTCTTGTTTCTTCAAAAACGTTTCGACCTCCTTTTCCTTGTCCTGGTCGGGTACTAAAGAATCGAGAAGGATATCGCGGGTTTCGCAATTGGGGCATACAAAGTCGCTCTCTACCAGTGCATTT
chrXI	328737	2640	GTGTAGTTCCTCTTGTTTCTTCAAAAACGTTTCGACCTCCTTTTCCTTGTCCTGGTCGGGTACTAAAGAATCGAGAAGGATATCGCGGGTTTCGCAATTGGGGCATACAAAGTCGCTCTCTACCAGTGCATTT
chrXI	328737	1410	GTGTAGTTCCTCTTGTTTCTTCAAAAACGTTTCGACCTCCTTTTCCTTGTCCTGGTCGGGTACTAAAGAATCGAGAAGGATATCGCGGGTTTCGCAATTGGGGCATACAAAGTCGCTCTCTACCAGTGCATTTTCCAGCGCCTCTTTTGAG
chrXI	328738	70	TGTAGTTCCTCTTGGTTCTTCAAAAACGTTTCGACCTCCTTTTCCTTGTCCTGGTCGGGTACTAAAGAATCGAGAAGGATATCGCGGGTTTCGCAATTGGGGCAAACAAAGTCGCTCTCTACCAGTGCATTTTCCAGCGCCTCTTTTGAGA
chrXI	328740	7530	TAGTTCCTCTTGTTTCTTCAAAAACGTTTCGACCTCCTTTTCCTTGTCCTGGTCGGGTACTAAAGAATCGAGAAGGATATCGCGGGTTTCGCAATTGGGGCATACAAAGTAGCTCTCTACCAGTGCATTTTCCAGCGCCTCTTTTGAGAAA
chrXI	328740	10150	TAGTTCCTGTTGTTTCTTCAAAAACGTTTCGACCTCCTTTTCCTTGTCCTGGTCGGGTACTAAAGAATCGAGAAGGATATCGCGGGTTTCGCAATTGGGGCATACAAAGTCGCTCTCTACCAGTGCATTTTCCAGCGCCTCTTTTGAGAA
chrXI	328742	1410	GTTCCTCTTGTTTCTTCAAAAACGTTTCGACCTCCTTTTCCTTGTCCTGGTCGGGTACTAAAGAATCGAGAAGGATATCGCGGGTTTCGCAATTGGGGCATACAAAGTCGCTCTCTACCAGTGCATTTTCCAGCGCCTCTTTTGAGAAATC
chrXI	328742	70	GTTCCTCTTGTTTCTTCAAAAACGTTTCGACCTCCTTTTCCTTGTCCTGGTCGGGTACTAAAGAATCGAGAAGGATATCGCGGGTTTCGCAATTGGGGCATACAAAGTCGCTCTCTACCAGTGCATTTTCCAGCGCCTCTTTTGAGAAAT
chrXI	328742	70	GTTCCTCTTGTTTCTTCAAAAACGTTTCGACCTCCTTTTCCTTGTCCTGGTCGGGTACTAAAGAATCGAGAAGGATATCGCGGGTTTCGCAATTTGGGCATACAAAGTCGCTCTCTACCAGTGCATTTTCCAGCGCCTCTTTTGAGA
chrXI	328742	70	GTTCCTCTTGTTTCTTCAAAAACGTTTCGACCTCCTTTTCCTTGTCCTGGTCGGGTACTAAAGAATCGAGAAGGATATCGCGGGTTTCGCAATTGGGGCATACAAAGTCGCTCTCTACCAGTGCATTTTCCAGCGCCTCTTTTGAGA
chrXI	328743	5150	TTCCTCTTGTTTCTTCAAAAACGTTTCGCCCTCCTTTTCCTTGTCCTGGTCGGGTACTAAAGAATCGAGAAGGATATCGCGGGTTTCGCAATTGGGGCATACAAAGTCGCTCTCTACCAGTGCATTTTCCAGCGCCTCTTTTGAGAAATCT
chrXI	328743	70	TTCCTCTTGTTTCTTCAAAAACGTTTCGACCTCCTTTTCCTTGTCCTGGTCGGGTACTAAAGAATCGAGAAGGATATCGCGGGTTTCGCAATTGGGGCATACAAAGTCGCTCTCTACCAGTGCATTTTCCAGCGCCTCTTTTGAGAAATCT
chrXI	328745	2640	CCTCTTGTTTCTTCAAAAACGTTTCGACCTCCTTTTCCTTGTCCTGGTCGGGTACTAAAGAATCGAGAAGGATATCGCGGGTTTCGCAATTGGGGCATACAAAGTCGCTCTCTACCAGTGCATTTTCCAGCGCCTCTTTTGAGAAATCTAT
chrXI	328746	2640	CTCTTGTTTCTTCAAAAACGTTTCGACCTCCTTTTCCTTGTCCTGGTCGGGTACTAAAGAATCGAGAAGGATATCGCGGGTTTCGCAATTGGGGCATACAAAGTCGCTCTCTACCAGTGCATTTTCCAGCGCCTCTTTTGAGAACTCTATG
chrXI	328748	70	CTTGTTTATTCAAAAACTTTTCGACCTCCTTGTCCTTGTCCTGGTCGGGTACTAAAGAATCGAGAAGGATATCGCGGGTTTCGCAATTGGGGCATACAAAGTCGCTCTCTACCAGTGCATTGTCCAGCGCCTCTTTTGAGAAATCTATGTT
chrXI	328750	2640	TGTTTCTTCAAAAACGTTTCGACCTCCTGTTCCTTGTCCTGGTCGTGTACTAAAGAATCGAGAAGGATATCTCGGGTTTCGCTTTTGGGTCATACAAAGTCGCTCTCTACCCGTGCTCTGTCCAGCGCCTCTTTTGAGAAATCTATGTTAC
chrXI	328750	7530	TGTTTCTTCAAAAACGTTTCGACCTCCTTTTCCTTGTCCTGGTCGGGTACTAAAGAATCGAGAAGGATATCGCGGGTTTCGCAATTGGGGCATACAAAGTCGCTCTCTACCAGTGCATTTTCCAGCGCCTCTTTTGAGAAATCTATGTTAC
chrXI	328750	5150	TGTTTCTTCAAAAACGTTTCGACCTCCTTTTCCTTGTCCTGGTCGGGTACTAAAGAATCGAGAAGGATATCGCGGGTTTCGCAATTGGGGCATACAAAGTCGCTCTCTACCAGTGCATTTTCCAGCGCCGCTTTTGAGAAATCTATGTT
chrXI	328750	70	TGTTTCTTCACAAACGTTTCGACCTCCTTTTCCTTGTCCTGGTCGGGTACTAAAGAATCGAGAAGGATATCGCGGGTTTCGCAATTGGGGCATACAAAGTCGCTCTCGACCAGTGCATTTTCCAGCGCCTCTTGTGAGAAATCTATGTTAC
chrXI	328750	1410	TGTTTCTTCAAAAACGTTTCGACCTCCTTTTCCTTGTCCTGGTCTGGTACTAAAGAATCGAGAAGGATATCGCGGGTTTCGCAATTGGGGCATACAAAGTCGCTCTCTACCAGTGCATTTTCCAGCGCCTCTTTTGAGAAATCTATGTT
chrXI	328750	1410	TGTTTCTTCAAAAACGTTTCGACCTCCTTTTCCTTGTCCTGGTCGGGTACTAAAGAATCGAGAAGGATATCGCGGGTTTCGCAATTGGGGCATACAAAGTCGCTCTCTACCAGTGCATTTTCCAGCGCCTCTTTTGAGAAATCTATGTT
chrXI	328750	5150	TGTTTCTTCAAAAACGTTTCGACCTCCTTTTCCTTGTCCTGGTCGGGTACTAAAGAATCGAGAAGGATATCGCGGGTTTCGCAATTGGGGCATACAAAGTCGCTCTCTACCAGTGCATTTTCCAGCGCCTCTTTTGAGAAATCTATGTT
chrXI	328751	1410	GTTTCTTCAAAAACGTTTCGACCTCCTTTTCCTTGTCCTGGTCGGGTACTAAAGAATCGAGAAGGATATCGCGGGTTTCGCAATTGGGGCATACAAAGTCGCTCTCTACCAGTGCATTTTCCAGCGCCTCTTTTGAGAAATCTATGTTAC
chrXI	328752	70	TTTCTTCAAAAACGTTTCGACCTCCTTTTCCTTGTCCTGGTCGGGTACTAAAGAATCGAGAAGGATATCGCGGGTTTCGCAATTGGGGCATACAAAGTCGCTCTCTACCAGTGCATTTTCCAGCGCCTCTTTTGAGAAATCTATGTTACAG
chrXI	328755	70	CTTCAAAAACGTTTCGACCTCCTTTTCCTTGTCCTGGTCGGGTACTAAAGAATCGAGAAGGATATCGCGGGTTTCGCAATTGGGGCATACAAAGTCGCTCTCTACCAGTGCATTTTCCAGCGCCTCTTTTGAGAAATCTATGTTACAGCAC
chrXI	328755	2640	CTTCAAAAACGTTTCGTCCTCCTTTTCCTTGTCCTGGTCGGGTACTAACGAATCGAGAAGGATATCGCGGGTTTCGCAATTGGGGCATACAAAGTCGCTCTCTACCAGTGCATTTTCCAGCGCCTCTTTTGAGAAATCTATGTTACAGCAC
chrXI	328755	2640	CTTCAAAAACGTTTCGACCTCCTTTTCCTTGTCCTGGTCGGGTACTAAAGAATCGAGAAGGATATCGCGGGTTTCGCAATTGGGGCATACAAAGTCGCTCTCTACCAGTGCATTTTCCAGCGCCTCTTTTGAGAAATATATGTTACAGCAC
chrXI	328755	70	CTACAAAAACGTTTCGACCTCCTTTTCCTTGTCCTGGTCGGGTACTAAAGAATCGAGAAGGATATCGCGGGTTTCGCAATTGGGGCATACAAAGTCGCTCTCTACCAGTGCATTGTCCAGCGCCTCTTTTGAGACATCTATGTTACAGCAC
chrXI	328755	70	CTTCAAAAACGTTTCGACCTCCTTTTCCTTGTCCTGGTCGGGTACTAAAGAATCGAGAAGGATATCGCGGGTTTCGCAATTGGGGCATACAAAGTCGCTCTCTACCAGTGCATTTTCCAGCGCCTCTTTTGAGAAATCTATGTTACAGCAC
chrXI	328756	70	TTCAAAAACGTTTCGACCTCCTTTTCCTTGTCCTGGTCGGGTACTAAAGAATCGAGAAGGATATCGCGGGTTTCGCAATTGGGGCATACAAAGTCGCTCTCTACCAGTGCATTTTCCAGCGCCTCTTTTGAGAAATCTATGTTACAGCACT
chrXI	328758	2640	(CTCGTGGTGCTG)CAAAAACGTTTCGACCTCCTTTTCCCTGTCCTGGTCGGGGACTAAAGAATCGAGAAGGATATCGCGGGTTTCGCAATTGGGGCATACCAAGTCGCTCTCTACCAGTGCATTTTCCAGCGCCTCTTTTGAGAAATCTATG
chrXI	328760	10150	AAAACGTTTCGACCTCCTTTTCCTTGTCCTGGTCGGGTACTAAAGAATCGAGAAGGATATCGCGGGTTTCGCAATTGGGGCATACAAAGTCGCTCTCTACCAGTGCATTTTCCAGCGCCTCTTTTGAGAAATCTATGTTACAGCACTTGCT
chrXI	328764	1410	CGTTTCGACCTCCTTTTCCTTGTCCTGGTCGGGTACTAAAGAATCGAGAAGGATATCGCGGGTTTCGCAATTGGGGCATACAAAGTCGCTCTCTACCAGTGCATTTTCCAGCGCCTCTTTTGAGAAATCTATGTTACAGCACTTGCTTGTC
chrXI	328766	2640	TTTCGACCTCCTTTTCCTTGTCCTGGTCGGGTACTAAAGAATCGAGAAGGATATCGCGGGTTTCGCAATTGGGGCATACAAAGTCGCTCTCTACCAGTGCATTTTCCAGCGCCTCTTTTGAGAAATCTATGTTACAGCACTTGCTTGTCT
chrXI	328766	70	TTTCGACCTCCTTTTACTTGTCCTGGTCGGGTACTAAAGAATCGAGAAGGATATCGCGGGTTTCGCAATTGGGGCATACAAAGTCGCTCTCTACCAGTGCATTTTCCAGCGCCTCTTTTGAGAAATCTATGTTACAGCACTTGCTTGTCT
chrXI	328770	10150	GACCTCCTTTTCCTTGTCCTGGTCGGGTACTAAAGAATCGAGAAGGATATCGCGGGTTTCGCAATTGGGGCATACAAAGTAGCTCTCTACCAGTGCATTTTCCAGCGCCTCTTTTGAGAAATCTATGTTACAGCACTTGCTTGTCTTTACC
chrXI	328770	1410	GACCTCCTTTTCCTTGTCCTGGTCGGGTACTAAAGAATCGAGAAGGATATCGCGGGTTTCGCAATTGGGGCATACATAGTCGCTCTCTACCAGTGCATTTTCCAGCGCCTCTTTTGAGAAATCTATGTTACAGCACTTGCTTGTCTTTACC
chrXI	328770	10150	GACCTCCTTTTCCTTGTCCTGGTCGGGTACTAAAGAATCGAGAAGGATATCGCGGGTTTCGCAATTGGGGCATACAAAGTCGCTCTCTACCAGTGCATTTTCCAGCGCCTCTTTTGAGAAATCTATGTTACAGCACTTGCTTGTCTTTACC
chrXI	328771	2640	ACCTCCTTTTCCTTGTCCTGGTCGGGTACTAAAGAATCGAGAAGGATATCGCGGGTTTCGCAATTGGGGCATACAAAGTCGCTCTCTACCAGTGCATTTTCCAGCGCCTCTTTTGAGAAATCTATGTTACAGCACTTGCTTGTCTTTACCG
chrXI	328771	7530	ACCTCCTTTTCCTTGTCCTGGTCGGGTACTAAAGAATCGAGAAGGATATCGCGGGTTTCGCAATTGGGGCATACAAAGTAGCTCTCTACCAGTGCATTTTCCAGCGCCTCTTTTGAGAAATCTATGTTACAGCACTTGCTTGTCTTTACC
chrXI	328771	7530	ACCTCCTTTTCCTTGTCCTGGTCGGGTACTAAAGAATCGAGAAGGATATCGCGGGTATCGCAATTGGGGCATACAAAGTCGCTCTCTACCAGTGCATTTTCCAGCGCCTCTTTTGAGAAATCTATGTTACAGCACTTGCTTGTCTTTACC
chrXI	328772	2640	CCTCCTTTTCCTTGTCCTGGTCGGGTACTAAAGAATCGAGAAGGATATCGCGGGTTTCGCAATTGGGGCATACAAAGTCGCTCTCTACCAGTGCATTTTCCAGCGCCTCTTTTGAGAAATCTATGTTACAGCACTTGCTTGTCTTTACCGG
chrXI	328773	2640	(CGTGTATCTTGAAACTCGTTTCTAG)CTCCTTTGCCTTGTCCTGGTCGTGTACTAAAGAATCGAGAAGGATTTCGCGGTTTTCGCACTTCCGGCATACAAAGTCGCTCTCTACTAGTGCATATTCCAGCGCATCTATTGAGAAATCT(CTGGC)
chrXI	328774	7530	TCCTTTTCCTTGTCCTGGTCGGGTACTAAAGAATCGAGAAGGATATCGCGGGTTTCGCAATTGGGGCATACAAAGTCGCTCTCTACCAGTGCATTTTCCAGCGCCTCTTTTGAGAAATCTATGTTACAGCACTTGCTTGTCTTTACCGG
chrXI	328774	7530	(TCCGTGTAGTTCAACTTGTTACAACAAAAAATATTATAAA)TCCTTTTCCTTGTACTGGTCGGTTACTAAAGAATCGAGAAGGATATAGCGGGTTTCGCAAGTTGGGCATACAAATTAGATCTCTACCAGTGAATTTTCCAGCGCCTCTTTT
chrXI	328774	7530	TCCTTTTCCTTGTCCTGGTCGGGTACTAAAGAATCGAGAAGGATATCGCGGGTTTCGCAATTGGGGCATACAAAGTCGCTCTCTACCAGTGCATTTTCCAGCGCCTCTTTTGAGAAATCTATGTTACAGCACTTGCTTGTCTTTACCGG
chrXI	328775	7530	CCTTTTCCTTGTCCTGGTCGGGTACTAAAGAATCGAGAAGGATATCGCGGGTTTCGCAATTGGGGCATACAAAGTCGCTCTCTACCAGTGCATTTTCCAGCGCCTCTTTTGAGAAATCTATGTTACAGCACTTGCTTGTCTTTACCGG
chrXI	328775	7530	CCTTTTCCTTGTCCTGGTCGGGTACTCAAGAATCGAGAAGGATATCGCGGGTTTCGCAATTGGGGCATACAAAGTCGCTCTCTACCAGTGCATTTTCCAGCGCCTCTTTTGAGAAATCTATGTTACAGCACTTGCTTGTCTGTACCGG
chrXI	328775	10150	CCTTTTCCTTGTCCTGGTCGGGTACTAAAGAATCGAGAAGGATATCGCGGGTTTCGCAATTGGGGCATACAAAGTCGCTCTCTACCAGTGCATTTTCCAGCGCCTCTTTTGAGAAATCTATGTTACAGCACTTGCTTGTCTTTACCGGCTG
chrXI	328778	7530	(TCGCTGGTTGCGCACTTTAGAGCTTCCGTGCACTGCATCTAGTTACTTCAAAAACTTTACTACCCTCA)TTTCCTGGTCCTGGTCGGCTACGAACGATTCGAGTAGGAGATCGCGGGATACGCAATTGTGGCTTACAAAGTCGCTCTCTACC
chrXI	328780	2640	TCCTTGTCGTGGTCTGGTACTCAATAATCGAGAAGCATATCGCGTGTTTCTCAATTGGGGCATACAATATCTCTCTCTACCAGTTCATATTCCAGCTCCTCATTTCAGAAATCTATCTAACATCACTTGCTTGTCTTTACCTGCTGCCTCA
chrXI	328780	5150	TCCTTGTCCTGGTCGGGTACTAAAGAATCGAGAAGGATATCGCGGGTTTCGCAATTGGGGCATACAAAGTAGCTCTCTACCAGTGCATTTTCCAGCGCCTCTTTTGAGAAATCTATGTTACAGCACTTGCTTGTCTTTACCGGCTGCCTC
chrXI	328780	2640	TCCTTGTCCTGGTCGGGTACTAAAGAATCGAGAAGGATATCGCGGGTTTCGCAATTGGGGCATACAAAGTCGCTCTCTACCAGTGCATTTTCCAGCGCCTCTTTTGAGAAATCTATGTTACAGCACTTGCTTGTCTTTAACGGCTGCCTCA
chrXI	328780	5150	TCCTTGTCCTGGTCGGGTACTAAAGAATCGAGAAGGATATCGCGGGTTTCGCAATTGGGGCATACAAAGT
chrXI	328780	7530	TCCTTGTCCTGGTCGGGTACTAAAGAATCGAGAAGGATATCGCGGGTTTCGCAATTGGGGCATACAAAGTAGCTCTCTACCAGTGCATTTTCCAGCGCCTCTTTTGAGAAATCTATGTTACAGCACTTGCTTGTCTTTACCGGCTGCCTCA
chrXI	328780	7530	TCCTTGTCCTGGTCGGGTACTAAAGAATCGAGAAGGATATCGCGGGTTTCGCAATTGGGGCATACAAAGTCGCTCTCTACCAGTGCATTTTCCAGCGCCTCTTTTGAGAAATCTATGTTACAGCACTTGCTTGTCTTTACCGGCTGCCTCA
chrXI	328780	5150	TCCTTGTCCTGGTCGGGTACTAAAGAATCGAGAAGGATATCGCGGGTTTCGCAATTGGGGCATACAAAGT
chrXI	328780	2640	TCCTTGTCCTGGTCGGGTACTAAAGAATCGAGAAGGATATCGCGGGTTTCGCAATTGGGGCATACAAAGTCGCTCTCTACCAGTGCATTTTCCAGCGCCTCTTTTGAGAAATCTATGTTACAGCACTTGCTTGTCTTTACCGGCTGCCTCA
chrXI	328780	2640	TCCTTGTCCTGGTCGGGTACTAAAGAATCGAGAAGGATATCGCGGGTTTCGCAATTGGGGCATACAAAGTCGCTCTCTACCAGTGCATTTTCCAGCGCCTCTTTTGAGAAATCTATGTTACAGCACTTGCTTGTCTTTACCGGCTGCCTCA
chrXI	328780	70	TCCTTGTCCTGGTCGGGTACTAAAGAATCGAGAAGGATATCGCGGGTTTCGCAATTGGGGCATACAAAGTCGCTCTCTACCAGTGCATTTTCCAGCGCCTCTTTTGAGAAATCTATGTTACAGCACTTGCTTGTCTTTACCGGCTGCCTCA
chrXI	328780	5150	TCCTTGTCCTGGTCGGGTACTAAAGAATCGAGAAGGATATCGCGGGTTTCGCAATTGGGGCATACAAAGTCGCTCTCTACCAGTGCATTTTCCAGCGCCTCTTTTGAGAAATCTATGTTACAGCACTTGCTTGTCTTTACCGGCTGCCTC
chrXI	328780	70	TCCTTGTCCTGGTCGGGTACTAAAGAATCGAGAAGGATATCGCGGGTTTCGCAATTGGGGCATACAAAGTCGCTCTCTACCAGTGCATTTTCCAGCGCCTCTTTTGAGAAATCTATGTTACAGCACTTGCTTGTCTTTACCGGCTGCCTCA
chrXI	328780	1410	TCCTTGTCCTGGTCGGGTACTAAAGAATCGAGAAGGATATCGCGGGTTTCGCAATTGGGGCATACAAAGTCGCTCTCTACCAGTGCATTTTCCAGCGCCTCTTTTGAGAAATCTATGTTACAGCACTTGCTTGTCTTTACCGGCTGCCTC
chrXI	328780	7530	TCCTTGTCCTGGTCGGGTACTAAAGAATCGAGAAGGATATCGCGGGTTTCGCAATTGGGGCATACAAAGTCGCTCTCTACCAGTGCATTTTCCAGCGCCTCTTTTGAGAAATCTATGTTACAGCACTTGCTTGTCTTTACCGGCTGCCTCA
chrXI	328780	2640	TCCTTGTCCTGGTCGGGTACTAAAGAATCGAGAAGGATATCGCGGGTTTCGCAATTGGGGCATACAAAGTCGCTCTCTACCAGTGCATTTTCCAGCGCCTCTTTTGAGAAATCTATGTTACAGCACTTGCTTGTCTTTACCGGCTGCCTCA
chrXI	328784	2640	TGTCCTGGTCGGGTACTAAAGAATCGAGAAGGATATCGCGGGTTTCGCAATTGGGGCATACAAAGTCGCTCTCTACCAGTGCATTTTCCAGCGCCTCTTTTGAGAAATCTATGTTACAGCACTTGCTTGTCTTTACCGGCTGCCTCAAAAG
chrXI	328784	2640	TGTCCTGGTCGGGTACTAAAGAATCGAGAAGGATATCGCGGGTTTCGCAATTGGGGCATACAAAGTCGCTCTCTACCAGTGCATTTTCCAGCGCCTCTTTTGAGAAATCTATGTTACAGCACTTGCTTGTCTTTACCGGCTGCCTCAAAAG
chrXI	328785	2640	GTCCTGGTCGGGTACTAAAGAATCGAGAAGGATATCGCGGGTTTCGCAATTGGGGCATACAAAGTCGCTCTCTACCAGTGCATTTTCCAGCGCCTCTTTTGTGAAATCTTTGTTGCAGCACTTGCTTTTCTTTACCGGCTGCCTCACAAGA
chrXI	328785	2640	GTCCTGGTCGGGTACTAAAGAATCGAGAAGGATATCGCGGGTTTCGCAATTGGGGCATACAAAGTCGCTCTCTACCAGTGCATTTTCCAGCGCCTCTTTTGAGAAATCTATGTTACAGCACTTGCTTGTCTTTACCGGCTGCCTCAAAAGA
chrXI	328785	5150	GTCCTGGTCGGGTACTAAAGAATCGAGAAGGATATCGCGGGTTTCGCAATTGGGGCATACAAAGTCGCTCTCTACCAGTGCATTTTCCAGCGCCTCTTTTGAGAAATCTATGTTACAGCACTTGCTTGTCTTTACCGGCTGCCTCAAAAGA
chrXI	328785	10150	GTCCTGGTCGGGTACTAAAGAATCGAGAAGGATATCGCGGGTTTCGCAATTGGGGCATACAAAGTCGCTCTCTACCAGTGCATTTTCCAGCGCCTCTTTTGAGAAATCTATGTTACAGCACTTGCTTGTCTTTACCGGCTGCCTCAAAAG
chrXI	328785	2640	GTCCTGGTCGGGTACTAAAGAATCGAGAAGGATATCGCGGGTTTCGCAATTGGGGCATACAAAGTCGCTCTCTACCAGTGCATTTTCCAGCGCCTCTTTTGAGAAATCTATGTTACAGCACTTGCTTGTCTTTACCGGCTGCCTCAAAAGA
chrXI	328785	2640	GTCCTGGTCGGGTACTAAAGAATCGAGAAGGATATCGCGGGTTTCGCAATTGGGGCATACAAAGTCGCTCTCTACCAGTGCATTTTCCAGCGCCTCTTTTGAGAAATCTATGTTACAGCACTTGCTTGTCTTTACCGGCTGCCTCAAAAGA
chrXI	328785	70	GTCCTGGTCGGGTACTAAAGAATCGAGAAGGATATCGCGGGTTTCGCAATTGGGGCATACAAAGTCGCTCTCTACCAGTGCATTTTCCAGCGCCTCTTTTGAGAAATCTATGTTACAGCACTTGCTTGTCTTTACCGGCTGCCTCAAAAGA
chrXI	328788	5150	CTGGTCGGGTACTAAAGAATCGAGAAGGATATCGCGGGTTTCGCAATTGGGGCATACAAAGTCGCTCTCTACCAGTGCATTTTCCAGCGCCTCTTTTGAGAAATCTATGTTACAGCACTTGCTTGTCTTTACCGGCTGCCTCAAAAGACC
chrXI	328790	10150	GGTCGGGTACTAAAGAATCGAGAAGGATATCGCGGGTTTCGCAATTAGGGCATACAAAGTAGCTCTCTACCAGTGCATTTTCCAGCGCCTCTTTTGAGAAATCTATGTTACAGCACTTGCTTGTCTTTACCGGCTGCCTCAAAAGACCAC
chrXI	328790	10150	GGTCGGGTACTAAAGAATCGAGAAGGATATCGCGGGTTTCGCAATTAGGGCATACAAAGT
chrXI	328790	7530	GGTCGGGTACTAAAGAATCGAGAAGGATATCGCGGGTTTCGCAATTGGGGCATACAAAGTCGCTCTCTACCAGTGCATTTTCCAGCGCCTCTTTTGAGAAATCTATGTTACAGCACTTGCTTGTCTTTACCGGCTGCCTCAAAAGACCAC
chrXI	328790	10150	GGTCGGGTACTAAAGAATCGAGAAGGATATCGCGGGTTTCGCAATTAGGGCATACAAAGT
chrXI	328791	2640	GTCGGGTACTAAAGAATCGAGAAGGATATCGCGGGTTTCGCAATTGGGGCATACAAAGTCGCTCTCTACCAGTGCATTTTCCAGCGCCTCTTTTGAGAAATCTATGTTACAGCACTTGCTTGTCTTTACCGGCTGCCTCAAAAGACCACC
chrXI	328794	1410	GGGTACTAAAGACTCGAGAAGGATATCGCGGGTTTCGCAATTGGGGCATACAAAGTCGCTCTCTACCAGTGCATTTTCCAGCGCCTCTTTTGAGAAATCTATGCTACAGCACTTGCTTGTCTTTACCGGCTGCCTCAAAAGCCCACCTGTC
chrXI	328794	5150	GGGTACTAAAGAATCGAGAAGGATATCGCGGGTTTCGCAATTGGGGCATACAAAGTCGCTCTCTACCAGTGCATTTTCCAGCGCCTCTTTTGAGAAATCTATGTTACAGCACTTGCTTGTCTTTACCGGCTGCCTCAAAAGACCACCTGTC
chrXI	328795	7530	GGTACGAAAGTATCGAGAAGGATATCGCGGGTTTCGCAATTGGGGCATACAAAGTCGCTCTCTAACAGTGCAATTTCCAGCGCCTCTTTAGAGAAATCTAGGTTACACCACTTGCTTGTCTTTACCGGCTGCCTCAAAAGACCACCTGTC
chrXI	328796	7530	GTACTAAAGAATCGAGAAGGATATCGCGGGTTTCGCAATTGGGGCATACAAAGTCGCTCTCTACCAGTGCATTTTCCAGCGCCTCTTTTGAGAAATCTATGTTACAGCACTTGCTTGTCTTTACCGGCTGCCTCAAAAGACCACCTGTCAA
chrXI	328796	1410	GTACTAAAGAATCGAGAAGGATATCGCGGGTTTCGCAATTGGGGCATACAAAGTCGCTCTCTACC
chrXI	328796	1410	GTACTAAAGAATCGAGAAGGATATCGCGGGTTTCGCAATTGGGGCATACAAAGTCGCTCTCTACC
chrXI	328796	2640	GTACTAAAGAATCGAGAAGGATATCGCGGGTTTCGCAATTGGGGCATACAAAGTCGCTCTCTACCAGTGCATTTTCCAGCGCCTCTTTTGAGAAATCTATGTTACAGCACTTGCTTGTCTTTACCGGCTGCCTCAAAAGACCACCTGTCAA
chrXI	328796	70	GTACTAAAGAATCGAGAAGGATATCGCGGGTTTCGCAATTGGGGCATACAAAGTCGCTCTCTACCAGTGCATTTTCCAGCGCCTCTTTTGAGAAATCTATGTTACAGCACTTGCTTGTCTTTACCGGCTGCCTCAAAAGACCACCTGTCAA
chrXI	328796	10150	GTACTAAAGAATCGAGAAGGATATCGCGGGTTTCGCAATTGGGGCATACAAAGTCGCTCTCTACCAGTGCATTTTCCAGCGCCTCTTTTGAGAAATCTATGTTACAGCACTTGCTTGTCTTTACCGGCTGCCTCAAAAGACCACCTGTCA
chrXI	328796	7530	GTACTAAAGAATCGAGAAGGATATCGCGGGTTTCGCAATTGGGGCATACAAAGTAGCTCTCTACCAGTGCATTTTCCAGCGCCTCTTTTGAGAAATCTATGTTACAGCACTTGCTTGTCTTTACCGGCTGCCTCAAAAGACCACCTGTCAA
chrXI	328796	2640	GTACTAAAGAATCGAGAAGGATATCGCGGGTATCGCAATTGGGGCATACAAAGTCGCTCTCTACCAGTGCATTTTCCCGCGACTCTTTTGAGAAATCTATGATACAGCACTTGCTTGTCTTTACCGGCTGCCTCAAAAGACCACCTGTCAA
chrXI	328796	5150	GTACTAAAGAATCGAGAAGGATATCGCGGGTTTCGCAATTGGGGCATACAAAGTAGCTCTCTACCAGTGCATTTTCCAGCGCCTCTTTTGAGAAATCTATGTTACAGCACTTGCTTGTCTTTACCGGCTGCCTCAAAAGACCACCTGTCA
chrXI	328797	7530	TACTAAAGAATCGAGAAGGATATCGCGGGTTTCGCAATTGGGGCATACAAAGTAGCTCTCTACCAGTGCATTTTCCAGCGCCTCTTTTGAGAAATCTATGTTACAGCACTTGCTTGTCTTTACCGGCTGCCTCAAAAGACCACCTGTCAAG
chrXI	328798	10150	ACTAAAGAATCGAGAAGGATATCGCGGGTTTCGCAATTGGGGCATACAAAGTCGCTCTCTACCAGTGCATTTTCCAGCGCCTCTTTTGAGAAATCTATGTTACAGCACTTGCTTGTCTTTACCGGCTGCCTCAAAAGACCACCTGTCAAG
chrXI	328798	10150	ACTAAAGAATCGAGAAGGATATCGCGGGTTTCGCAATTGGGGCATACAAAGTCGCTCTCTACCAGTGCATTTTCCAGCGCCTCTTTTGAGAAATCTATGTTACAGCACTTGCTTGTCTTTACCGGCTGCCTCAAAAGACCACCTGTCAAG
chrXI	328799	5150	CTAAAGAATCGAGAAGGATATCGCGGGTTTCGCAATTGGGGCATACAAAGTCGCTCTCTACCAGTGCATTTTCCAGCGCCTCTTTTGAGAAATCTATGTTACAGCACTTGCTTGTCTTTACCGGCTGCCTCAAAAGACCACCTGTCAAGGG
chrXI	328799	1410	CTAAAGAATCGAGAAGGATATCGCGGGTTTCGCAATTGGGGCATACAAAGTCGCTCTCTACCAGTGCATTTTCCAGCGCCTCTTTTGAGAAATCTATGTTACAGCACTTGCTTGTCTTTACCGGCTGCCTCAAAAGACCACCTGTCAAGGG
chrXI	328800	2640	TAAAGAATCGAGAAGGATATCGCGGGTTTCGCAATTGGGGCATACAAAGTCGCTCTCTACCAGTGCATTTTCCAGCGCCTCTTTTGAGAAATCTATGTTACAGCACTTGCTTGTCTTTACCGGCTGCCTCAAAAGACCACCTGTCAAGGGA
chrXI	328800	7530	TAAAGAATCGAGAAGGATATCGCGGGTTTCGCAATTGGGGCATACAAAGTAGCTCTCTACCAGTGCATTTTCCAGCGCCTCTTTTGAGAAATCTATGTTACAGCACTTGCTTGTCTTTACCGGCTGCCTCAAAAGACCACCTGTCAAGGGA
chrXI	328801	7530	AAAGAATCGAGAAGGATATCGCGGGTTTCGCAATTGGGGCATACAAAGTAGCTCTCTACCAGTGCATTTTCCAGCGCCTCTTTTGAGAAATC
chrXI	328801	1410	AAAGAATCGAGAAGGATATCGCGGGTTTCGCAATTGGGGCATACAAAGTCGCTCTCTACCAGTGCATTTTCCAGCGCCTCTTTTGAGAAATCTATGTTACAGCACTTGCTTGTCTTTACCGGCTGCCTCAAAAGACCACCTGTCAAGGG
chrXI	328801	5150	AAAGAATCGAGAAGGATATCGCGGGTTTCGCAATTGGGGCATACAAAGTAGCTCTCTACCAGTGCATTTTCCAGCGCCTCTTTTGAGAAATCTATGTTACAGCACTTGCTTGTCTTTACCGGCTGCCTCAAAAGACCACCTGTCAAGGG
chrXI	328801	7530	AAAGAATCGAGAAGGATATCGCGGGTTTCGCAATTGGGGCATACAAAGTAGCTCTCTACCAGTGCATTTTCCAGCGCCTCTTTTGAGAAATC
chrXI	328801	1410	AAAGAATCGAGAAGGATATCGCGGGTTTCGCAATTGGGGCATACAAAGTCGCTCTCTACCAGTGCATTTTCCAGCGCCTCTTTTGAGAAATCTATGTTACAGCACTTGCTTGTCTTTACCGGCTGCCTCAAAAGACCACCTGTCAAGGGA
chrXI	328804	2640	GAATCGAGAAGGATATCGCGGGTTTCGCAATTGGGGCATACAAAGTCGCTCTCTACCAGTGCATTTTCCAGCGCCTCATTTGAGAAATCTATGTTACAGCACTTGCTTGTCTTTACCGGCTGCCTCAAAAGACCACCTGTCACGGGACATT
chrXI	328806	10150	ATCGAGAAGGATATCGCGGGTTTCGCAATTAGGGCATACAAAGTAGCTCTCTACCAGTGCATTTTCCAGCGCCTCTTTTGAGAAATCTATGTTACAGCACTTGCTTGTCTTTACCGGCTGCCTCAAAAGACCACCTGTCAAGG
chrXI	328806	7530	ATCGAGAAGGATATCGCGGGTTTCGCAATTGGGGCATACAAAGTAGCTCTCTACCAGTGCATTTTCCAGCGCCTCTTTTGAGAAATCTATGTTACAGCACTTGCTTGTCTTTACCGGCTGCCTCAAAAGACCACCTGTCAAGGGACATTTT
chrXI	328806	10150	ATCGAGAAGGATATCGCGGGTTTCGCAATTAGGGCATACAAAGTAGCTCTCTACCAGTGCATTTTCCAGCGCCTCTTTTGAGAAATCTATGTTACAGCACTTGCTTGTCTTTACCGGCTGCCTCAAAAGACCACCTGTCAAGG
chrXI	328806	7530	ATCGAGAAGGATATCGCGGGTTTCGCAATTGGGGCATACAAAGTCGCTCTCTACCAGTGCATTTTCCAGCGCCTCTTTTGAGAAATCTATGTTACAGCACTTGCTTGTCTTTACCGGCTGCCTCAAAAGACCACCTGTCAAGGGACATTTT
chrXI	328806	70	ATCGAGAAGGATATCGCGGGTTTCGCAATTGGGGCATACAAAGTCGCTCTCTACCAGTGCATTTTCCAGCGCCTCTTTTGAGAAATCTATGTTACAGCACTTGCTTGTCTTTACCGGCTGCCTCAAAAGACCACCTGTCAAGGGACA(GTGT)
chrXI	328810	70	AGAAGGATATCGCGGGTTTCGCAATTGGGGCATACAAAGTCGCTCTCTACCAGTGCATTTTCCAGCGCCTCTTTTGAGAAATCTATGTTACAGCACTTGCTTGTCTTTACCGGCTGCCTCAAAAGACCACCTGTCAAGGGACATTTTAAA
chrXI	328810	10150	AGAAGGATATCGCGGGTTTCGCAATTGGGGCATACAAAGTCGCTCTCTACCAGTGCATTTTCCAGCGCCTCTTTTGAGAAATCTATGTTACAGCACTTGCTTGTCTTTACCGGCTGCCTCAAAAGACCACCTGTCAAGGGACATTTTAAAT
chrXI	328810	70	AGAAGGATATCGCGGGTTTCGCAATTGGGGCATACAAAGTCGCTCTCTACCAGTGCATTTTCCAGCGCCTCTTTTGAGAAATCTATGTTACAGCACTTGCTTGTCTTTACCGGCTGCCTCAAAAGACCACCTGTCAAGGGACATTTTAAA
chrXI	328810	1410	AGAAGGATATCGCGGGTTTCGCAATTGGGGCATACAAAGTCGCTCTCTACCAGTGCATTTTCCAGCGCCTCTTTTGAGAAATCTATGTTACAGCACTTGCTTGTCTTTACCGGCTGCCTCAAAAGACCACCTGTCAAGGGACATTTTAAAT
chrXI	328810	10150	AGAAGGATATCGCGGGTTTCGCAATTGGGGCATACAAAGTCGCTCTCTACCAGTGCATTTTCCAGCGCCTCTTTTTAGAAATCTATGTTACAGCACTTGCTTGTCTTTACCGGCTGCCTCAAAAGACCACCTGTCAAGGGACATTTTAAAT
chrXI	328811	5150	GAAGGATATCGCGGGTTTCGCAATTGGGGCATACAAAGTCGCTCTCTACCAGTGCATTTTCCAGCGCCTCTTTTGAGAAATCTATGTTACAGCACTTGCTTGTCTTTACCGGCTGCCTCAAAAGACCACCTGTCAAGGGACATTTTAAATC
chrXI	328812	70	AAGGATATCGCGGGTTTCGCAATTGGGGCATACAAAGTCGCTCTCTACCAGTGCATTTTCCAGCGCCTCTTTTGAGAAATCTATGTTACAGCACTTGCTTGTCTTTACCGGCTGCCTCAAAAGACCACCTGTCAAGGGACATTTTAAATCG
chrXI	328812	7530	AAGGATATCGCGGGTTTCGCAATTGGGGCATACAAAGTCGCTCTCTACCAGTGCATTTTCCAGCGCCTCTTTTGAGAAATCTATGTTACAGCACTTGCTTGTCTTTACCGGCTGCCTCAAAAGACCACCTGTCAAGGGACATTTTAAAT
chrXI	328812	70	AAGGATATCGCGGGTTTCGCAATTGGGGCATACAAAGTCGCTCTCTACCAGTGCATTTTCCAGCGCCTCTTTTGAGAAATCTATGTTACAGCACTTGCTTGTCTTTACCGGCTGCCTCAAAAGACCACCTGTCAAGGGACATTTTAAAT
chrXI	328812	70	AAGGATATCGCGGGTTTCGCAATTGGGGCATACAAAGTCGCTCTCTACCAGTGCATTTTCCAGCGCCTCTTTTGAGAAATCTATGTTACAGCACTTGCTTGTCTTTACCGGCTGCCTCAAAAGACCACCTGTCAAGGGACATTTTAAAT
chrXI	328812	70	AAGGATATCGCGGGTTTCGCAATTGGGGCATACAAAGTCGCTCTCTACCAGTGCATTTTCCAGCGCCTCTTTTGAGAAATCTATGTTACAGCACTTGCTTGTCTTTACCGGCTGCCTCAAAAGACCACCTGTCAAGGGACATTTTAAATC
chrXI	328814	2640	GGATATCGCGGGTTTCGCAATTGGGGCATACAAAGTCGCTCTCTACCAGTGCATTTTCCAGCGCCTCTTTTGAGAAATCTATGTTACAGCACTTGCTTGTCTTTACCGGCTGCCTCAAAAGACCACCTGTCAAGGGACATTTTAAATCGT
chrXI	328814	70	GGATATCGCGGGTTTCGCAATTGGGGCATACAAAGTCGCTCTCTACCAGTGCATTTTCCAGCGCCTCTTTTGAGAAATCTATGTTACAGCACTTGCTTGTCTTTACCGGCTGCCTCAAAAGACCACCTGTCAAGGGACATTTTAAATCGT
chrXI	328814	70	GGATATCGCGGGTTTCGCAATTGGGGCATACAAAGTCGCTCTCTACCAGTGCATTTTCCAGCGCCTCTTTTGAGAAATCTATGTTACAGCACTTGCTTGTCTTTACCGGCTGCCTCAAAAGACCACCTGTCAAGGGACATTTTAAATCGT
chrXI	328819	2640	TCGCGGGTTTCGCAATTGGGGCATACAAAGTCGCTCTCTACCAGTGCATTTTCCAGCGCCTCTTTTGAGAAATCTATGTTACAGCACTTGCTTGTCTTTACCGGCTGCCTCAAAAGACCACCTGTCAAGGGACATTTTAAATCGTCAGGAA
chrXI	328825	70	(TATGTATCGATATGTCTTTGTGGT)GTTTCGCAATTGGGGATTAGAAAGTCGCTCTCTTCCAGTGCATTTTCC(TGCGGCAGGTTAGAGTATTCTATTGTACTGCAGTTGGTTGTATTTAGCGGCTGCCACATATGACCACCTGTCAAGGGAC)
chrXI	328825	1410	GTTTCGCAATTGGGGCATACAAAGTCGCTCTCTACCAGTGCATTTTCCAGCGCCTCTTTTGAGAAATCTATGTTACAGCACTTGCTTGTCTTTACCGGCTGCCTCAAAAGACCACCTGTCAAGGGACATTTTAAATCGTCAGGAAGATCTT
chrXI	328826	10150	TTTCGCAATTGGGGCATACAAAGTCGCTCTCTACCAGTGCATTTTCCAGCGCCTCTTTTGAGAAATCTATGTTACAGCACTTGCTTGTCTTTACCGGCTGCCTCAAAAGACCACCTGTCAAGGGACATTTTAAATCGTCAGGAAGATCTTT
chrXI	328828	2640	TCGCAATTGGGGCATACAAAGTCGCTCTCTACCAGTGCATTTTCCAGCGCCTCTTTTGAGAAATCTATGTTACAGCACTTGCTTGTCTTTACCGGCTGCCTCAAAAGACCACCTGTCAAGGGACATTTTAAATCGTCAGGAAGATCTTTGA
chrXI	328831	2640	CAATTGGGGCATACAAAGTCGCTCTCTACCAGTGCATTTTCCAGCGCCTCTTTTGAGAAATCTATGTTACAGCACTTGCTTGTCTTTACCGGCTGCCTCAAAAGACCACCTGTCAAGGGACATTTTAAATCGTCAGGAAGATCTTTGAAA
chrXI	328837	7530	GGGCATACAAAGTCGCTCTCTACCAGTGCATTTTCCAGCGCCTCTTTTGAGAAATCTATGTTACAGCACTTGCTTGTCTTTACCGGCTGCCTCAAAAGACCACCTGTCAAGGGACATTTTAAATCGTCAGGAAGATCTTTGAAATGGCCTT
chrXI	328837	2640	GGGCATACAAAGTCGCTCTCTACCAGTGCATTTTCCAGCGCCTCTTTTGAGAAATCTATGTTACAGCACTTGCTTGTCTTTACCGGCTGCCTCAAAAGACCACCTGTCAAGGGACATTTTAAATCGTCAGGAAGATCTTTGAAATGGCCTT
chrXI	328840	2640	CATACAAAGTCGCTCTCTACCAGTGCATTTTCCAGCGCCTCTTTTGAGAAATCTATGTTACAGCACTTGCTTGTCTTTACCGGCTGCCTCAAAAGACCACCTGTCAAGGGACATTTTAAATCGTCAGGAAGATCTTTGAAATGGCCTTTTC
chrXI	328840	2640	CATACAAAGTCGCTCTCTACCAGTGCATTTTCCAGCGCCTCTTTTGAGAAATCTATGTTACAGCACTTGCTTGTCTTTACCGGCTGCCTCAAAAGACCACCTGTCAAGGGACATTTTAAATCGTCAGGAAGATCTTTGAAATGGCCTTTTC
chrXI	328841	7530	ATACAAAGTAGCTCTCTACCAGTGCATTTTCCAGCGCCTCTTTTGAGA
chrXI	328841	7530	ATACAAAGTAGCTCTCTACCAGTGCATTTTCCAGCGCCTCTTTTGAGAAATCTATGTTACAGCACTTGCTTGTCTTTACCGGCTGCCTCAAAAGACCACCTGTCAAGGGACATTTTAAATCGTCAGGAAGATCTTTGAAATGGCCTTTT
chrXI	328841	7530	ATACAAAGTAGCTCTCTACCAGTGCATTTTCCAGCGCCTCTTTTGAGA
chrXI	328841	7530	ATACAAAGTCGCTCTCTACCAGTGCATTTTCCAGCGCCTCTTTTGAGAAATCTATGTTACAGCACTTGCTTGTCTTTACCGGCTGCCTCAAAAGACCACCTGTCAAGGGACATTTTAAATCGTCAGGAAGATCTTTGAAATGGCCTTTT
chrXI	328841	1410	ATACAAAGTCGCTCTCTACCAGTGCATTTTCCAGCGCCTCTTTTGAGAAATCTATGTTACAGCACTTGCTTGTCTTTACCGGCTGCCTCAAAAGACCACCTGTCAAGGGACATTTTAAATCGTCAGGAAGATCTTTGAAA
chrXI	328841	1410	ATACAAAGTCGCTCTCTACCAGTGCATTTTCCAGCGCCTCTTTTGAGAAATCTATGTTACAGCACTTGCTTGTCTTTACCGGCTGCCTCAAAAGACCACCTGTCAAGGGACATTTTAAATCGTCAGGAAGATCTTTGAAA
chrXI	328841	2640	ATACAAAGTCGCTCTCTACCAGTGCATTTTCCAGCGCCTCTTTTGAGAAATCTATGTTACAGCACTTGCTTGTCTTTACCGGCTGCCTCAAAAGACCACCTGTCAAGGGACATTTTAAATCGTCAGGACGATCTTTGAAATGGCCTTTT
chrXI	328844	7530	CAAAGTAGCTCTCTACCAGTGCATTTTCCAGCGCCTCTTTTGAGAAATCTATGTTACAGCACTTGCTTGTCTTTACCGGCTGCCTCAAAAGACCACCTGTCAAGGGACATTTTAAATCGTCAGGAAGATCTTTGAAATGGCCTTTTCTCCA
chrXI	328846	10150	AAGTCGCTCTCTACCAGTGCATTTTCCAGCGCCTCTTTTGAGAAATCTATGTTACAGCACTTGCTTGTCTTTACCGGCTGCCTCAAAAGACCACCTGTCAAGGGACATTTTAAATCGTCAGGAAGATCTTTGAAATGGCCTTTTCTCCAA
chrXI	328846	7530	AAGTAGCTCTCTACCAGTGCATTTTCCAGCGCCTCTTTTGAGAAATCTATGTTACAGCACTTGCTTGTCTTTACCGGCTGCCTCAAAAGACCACCTGTCAAGGGCCATTTTAAATCGTCAGGAAGATCTTTGAAATGGCCTTTTCTCCAAA
chrXI	328847	2640	(CGACGTCCTTTTACTTTTGCTTGTCTGGTACTAAAGAATCGATTAGGATATTGGGGGTAACGGATTTGGCTCATAGAT)AGTCGCTCACTACCAGAGCATTTTCAAGCGCCTCTTTTGAGAAATCTATGTTACAGGACTTGCTTGTCTTTAC
chrXI	328848	2640	(AGTACCTCTTGAATCAACAAAAACCTATCGACCTCCTTGTCCAAGACCTGGTCCAGTACTAAAGTATGGATACCGCTCTCGCGGGTAACGCAATAGGGGCAGACACT)GTCGCTCTCACCCAGAGCATTTTCCAGCGCCTCT(AATGACACCA)
chrXI	371577	5150	CCCTCACATCCCAAAAATCGTCGAGCTAGATCATTTGACCATCACTGGTAACGTCTTTTTAGGTAAAGATGTCACTTTGAGGGGTACTGTCATCATCGTTTGCTCCGACGGTCATAAAATCGATATTCCAAACGGCTCCATATTGGAAAAT
chrXI	371579	2640	CTCACATCCCATTAATCGTCGAGCTAGATCTTTTGACCATCACTGGTAACGTCTTTATAGGTAAAGATGTCACTTTGAGGGGTACTGTCATCATCGTTTGCTCAGACGGTCATCAAATCGATATTCCTAACGGCTCCATATTGGAAAATGT
chrXI	371583	2640	CATCCCAAAAATCGTCGAGCTAGATCATTTGACCATCACTGGTAACGTCTTTTTAGGTAAAGATGTCACTTTGAGGGGTACTGTCATCATCGTTTGCTCCGACGGTCATAAAATCGATATTCCAAACGGCTCCATATTGGAAAATGTTGT
chrXI	371584	1410	ATCCCAAAATTCGTCGAGCTAGATCATTTGACCATCACTGGTTACGTCTTTTTAGGTAAAGATGTCACTTTGAGGGGTACTGTCATCATCGTTTGCTCCGACGGTCATAAAATCGATATTCCAAACGGCTCCATATTGGAAAATGTTGTCG
chrXI	371585	5150	TCCCAAAAATCGTCGAGCTAGATCATTTGACCATCACTGGTAACGTCTTTTTAGGTAAAGATGTCACTTTGAGGGGTACTGTCATCATCGTTTGCTCCGACGGTCATAAAATCGATATTCCAAACGGCTCCATATTGGAAAATGTTGTCGT
chrXI	371585	2640	TCCCAAAAATCGTCGAGCTAGATCATTTGACCATCACTGGTAACGTCTTTTTAGGTAAAGATGTCACTTTGAGGGGTACTGTCATCATCGTTGGCTCCGACGGTCATAAAATCGATATTCCAAACGGCTCCATATTGGAAAGTGTTGTCGT
chrXI	371585	1410	TCCCAAAAATCGTCGAGCTAGATCATTTGACCATCACTGGTAACGTCTTTTTAGGTAAAGATGTCACTTTGAGGGGTACTGTCATCATCGTTTGCTCCGACGGTCATAAAATCGATATTCCAAACGGCTCCATATTGGAAAATGTTGTCGT
chrXI	371586	5150	CCCAAAAATCGTCGAGCTAGATCATTTGACCATCACTGGTAACGTCTTTTTAGGTAAAGATGTCACTTTGAGGGGTACTGTCATCATCGTTTGCTCCGACGGTCATAAAATCGATATTCCAAACGGCTCCATATTGGAAAATGTTGTCGTT
chrXI	371589	7530	AAAAATCGTCGAGCTAGATCATTTGACCATCACTGGTAACGTCTTTTTAGGTAAAGATGTCACTTTGAGGGGTACTGTCATCATCGTTTGCTCCGACGGTCATAAAATCGATATTCCAAACGGCTCCATATTGGAAAATGTTGTCGTTACT
chrXI	371591	5150	AAATCGTCGAGCTAGATCATTTGACCATCACTGGTAACGTCTTTTTAGGTAAAGATGTCACTTTGAGGGGTACTGTCATCATCGTTTGCTCCGACGGTCATAAAATCGATATTCCAAACGGCTCCATATTGGAAAATGTTGTCGTTACTGG
chrXI	371599	70	GAGCTAGATCATTTGACCATCACTGGTAACGTCTTTTTAGGTAAAGATGTCACTGTGAGGGGTACTGTCATCATCGTTTGCTCCGACGGTCATAAAATCGATATTCCAAACGGCTCCATATTGGAAAATGTTGTCGTTACTGGTAATTTG
chrXI	371599	7530	GAGCTAGATCATTTGACCATCACTGGTAACGTCTTTTTAGGTAAAGATGTCCCTTTGAGGGGTCCTGTCATCATCGTTTGCTCCGACGGTCATAAAATCGATATTCCAATCGGCTCCATATTGGAAAATGTTGTCGTGACTGGTAATTTG
chrXI	371600	1410	AGCTAGATCATTTGACCATCACTGGTAACGTCTTTTTAGGTAAAGATGTCACTTTGAGGGGTACTGTCATCATCGTTTGCTCCGACGGTCATAAAATCGATATTCCAAACGGCTCCATATTGGAAAATGTTGTCGTTAC
chrXI	371600	1410	AGCTAGATCATTTGACCATCACTGGTAACGTCTTTTTAGGTAAAGATGTCACTTTGAGGGGTACTGTCATCATCGTTTGCTCCGACGGTCATAAAATCGATATTCCAAACGGCTCCATATTGGAAAATGTTGTCGTTAC
chrXI	371600	1410	AGCTAGATCATTTGACCATCACTGGTAACGTCTTTTTAGGTAAAGATGTCACTTTGAGGGGTACTGTCATCATCGTTTGCTCCGACGGTCATAAAATCGATATTCCAAACGGCTCCATATTGGAAAATGTTGTCGTTACTGGTAATTTGC
chrXI	371601	70	GCTAGATCATTTGACCATCACTGGTAACGTCTTGTTAGGTAAAGATGTCACTTTGAGGGGTACTTTCATCATCGTTTGCTCCGACGGTCATAAAATCGATATTCCAAACGGCTCCATATTGGAAAATGTTGTCGTTACTGGTAATTTGCAA
chrXI	371601	70	GCTAGATCATTTGACCATCACTGGTAACGTCGGGTTAGGTAAAGATGTCACTTTGAGGGGTACTGTCATCATCGTTTGCTCCGACGGTCATAAAATCGATATTCCAAACGGCTCCATATTGGAAAATGTTGTCGTTACTGGTAATTTGCAA
chrXI	371605	10150	GATCATTTGACCATCACTGGTAACGTCTTTTTAGGTAAAGATGTCACTTTGAGGGGTACTGTCATCATCGTTTGCTCCGACGGTCATAAAATCGATATTCCAAACGGCTCCATATTGGAAAATGTTGTCGTTACTGGTAATTTGCAAATCT
chrXI	371605	10150	GATCATTTGACCATCACTGGTAACGTCTTTTTAGGTAAAGATGTCACTTTGAGGGGTACTGTCATCATCGTTTGCTCCGACGGTCATAAAATCGATATTCCAAACGGCTCCATATTGGAAAATGTTGTCGTTACTGGTAATTTGCAAATCT
chrXI	371605	2640	GATCATTTGACCATCACTGGTAACGTCTTTTTAGGTAAAGATGTCACTTTGAGGGGTACTGTCATCATCGTTTGCTCCGACGGTCATAAAATCGATATTCCAAACGGCTCCATATTGGAAAATGTTGTCGTTACTGGTAATTTGCAAAT
chrXI	371607	7530	TCATTTGACCATCACTGGTAACGTCTTTTTAGGTAAAGATGTCACTTTGAGGGGTACTGTCATCATCGTTTGCTCCGACGGTCATAAAATCGATATTCCAAACGGCTCCATATTGGAAAATGTTGTCGTTACTGGTAATTTGCAAATCTTG
chrXI	371607	70	TCATTTGACCATCACTGGTAACGTCTTTTTAGGTAAAGATGTCACTTTGAGGGGTACTGTCATCATCGTTTGCTCCGACGGTCATAAAATCGATATTCCAAACGGCTCCATATTGGAAAATGTTGTCGTTACTGGTAATTTGCAAATCTTG
chrXI	371607	1410	TCATTTGACCATCACTGGTAACGTCTTTTTAGGTAAAGATGTCACTTTGAGGGGTACTGTCATCATCGTTTGCTCCGACGGTCATAAAATCGATATTCCAAACGGCTCCATATTGGAAAGTGTTGTCGTTACTGGTAATTTGCAAATCTTG
chrXI	371608	5150	CATTTGACCATCACTGGTAACGTCTTTTTAGGTAAAGATGTCACTTTGAGGGGTACTGTCATCATCGTTTGCTCCGACGGTCATAAAATCGATATTCCAAACGGCTCCATATTGGAAAATGTTGTCGTTACTGGTAATTTGCAAATCTTGG
chrXI	371608	7530	CATTTGACCATCACTGGTAACGTCTTTTTAGGTAAAGATGTCACTTTGAGGGGTACTGTCATCATCGTTTGCTCCGACGGTCATAAAATCGATATTCCAAACGGCTCCATATTGGAAAAGGTTGTCGTTACTGGTAATTTGCAAATCTTGG
chrXI	371608	2640	CATTTGACCATCACTGGTAACGTCTTTTTAGGTAAAGATGTCACTTTGAGGGGTACTGTCATCATCGTTTGCTCCGACGGTCATAAAATCGATATTCCAAACGGCTCCATATTGGAAAGTGTTGTCGTTACTGGTAATTTGCAAATCTTGG
chrXI	371613	70	GACCATCACTGGTAACGTCTTTTTAGGTAAAGATGTCACTTTGAGGTGTACTGTCATCATCGTTTGCTCCGACGGTCATAAAATCGATATTCCAAACGGCTCCATATTGGAAAATGTTGTCGTTACTGGTAATTTGCAAATCTTGGAACAT
chrXI	371616	10150	CATCACTGGTAACGTCTTTTTAGGTAAAGATGTCACTTTGAGGGGTACTGTCATCATCGTTTGCTCCGACGGTCATAAAATCGATATTCCAAACGGCTCCATATTGGAAAATGTTGTCGTTACTGGTAATTTGCAAATCTTGGAACATTG
chrXI	371616	1410	CATCACTGGTAACGTCTTTTTAGGTAAAGATGTCACTTTGAGGGGTACTGTCATCATCGTTTGCTCCGACGGTCATAAAATCGATATTCCAAACGGCTCCATATTGGAAAATGTTGTCGTTACTGGTAATTTGCAAATCTTGGAACATTGA
chrXI	371617	70	ATCACTGGTAACGTCTTTTTAGGTAAAGATGTCACTTTGAGGGGTACTGTCATCATCGTTTGCTCCGACGGTCATAAAATCGATATTCCAAACGGCTCCATATTGGAAAATGTTGTCGTTACTGGTAATTTGCAAATCTTGGAACATTGAA
chrXI	371617	70	ATCACTGGTAACGTCTTTTTAGGTAAAGATGTCACTTTGAGTGGTACTGTCATCATCGTTTGCTCCGACGGTCATAAAATCGATATTCCAAACGGCTCCATATTGGAAAATGTTGTCGTTACTGGTAATTAGCAAATCTTGGAACATTGAA
chrXI	371618	1410	TCACTGGTAACGTCTTTTTAGGTAAAGATGTCACTTTGAGGGGTACTGTCATCATCGTTTGCTCCGACGGTCATAAAATCGATATTCCAAACGGCTCCATATTGGAAAATGTTGTCGTTACTGGTAATTTGCAAATCTTGGAACATTGA
chrXI	371618	2640	TCACTGGTAACGTCTTTTTAGGTCAAGATGTCACTTTGAGGGGTACTGTCATCATCGTTTGCTCCGACGGTCATAAAATCGATATTCCAAACGGCTCCATATTGGAAAATGTTGTCGTTACTGGTAATTTGCAAATCTTGGAACATTGAAG
chrXI	371618	2640	TCACTGGTAACGTCTTTTTAGGTAAAGATGTCACTTTGAGGGGTACTGTCATCATCGTTTGCTCCGACGGTCATAAAATCGATATTCCAAACGGCTCCATATTGGAAAATGTTGTCGTTACTGGTAATTTGCAAATCTTGGAACATTGAAG
chrXI	371618	7530	TCACTGGTAACGTCTTTTTAGGTAAAGATGTCACTTTGAGGGGTACTGTCATCATCGTTTGCTCCGACGGTCATAAAATCGATATTCCAAACGGCTCCATATTGGAAAATGTTGTCGTTACTGGTAATTTGCAAATCTTGGAACATTGAAG
chrXI	371618	10150	TCACTGGTAACGTCTTTTTAGGTAAAGATGTCACTTTGAGGGGTACTGTCATCATCGTTTGCTCCGACGGTCATAAAATCGATATTCCAAACGGCTCCATATTGGAAAATGTTGTCGTTACTGGTAATTTGCAAATCTTGGAACATTGA
chrXI	371618	70	TCACTGGTAACGTCTTTTTAGGTAAAGATGTCACTTTGAGGGGTACTGTCATCATCGTTTGCTCCGACGGTCATAAAATCGATATTCCAAACGGCTCCATATTGGAAAATGTTGTCGTTACTGGTAATTTGCAAATCTTGGAACATTGAAG
chrXI	371618	70	TCACTGGTAACGTCTTTTTAGGTAAAGATGTCACTTTGAGGGGTACTGTCATCATCGTTTGCTCCGACGGTCATAAAATCGATATTCCAAACGGCTCCATATTGGAAAATGTTGTCGTTACTGGTAAGTTGCACATCTTGGAACAGTGAAG
chrXI	371619	70	CACTGGTAACGTCTTTTTAGGTAAAGATGTCACTTTGAGGGGTACTGTCATCATCGTTTGCTCCGACGGTCATAAAATCGATATTCCAAACGGCTCCATATTGGAAAATGTTGTCGTTACTGGTAATTTGCAAATCTTGGAACATTGAAGG
chrXI	371619	1410	CACTGGTAACGTCTTTTTAGGTAAAGATGTCACTTTGAGGGGTACTGTCATCATCGTTTGCTCCGACGGTCATAAAATCGATATTCCAAACGGCTCCATATTGGAAAATGTTGTCGTTACTGGTAATTTGCAAATCTTGGAACATTGAAGG
chrXI	371619	70	CACTGGTAACGTCTTTTTAGGTAAAGATGTCACTTTGAGGGGTACTGTCATCATCGTTTGCTCCGACGGTCATAAAATCGATATTCCAAACGGCTCCATATTGGAAAATGTTGTCGTTACTGGTAATTTGCAAATCTTGGAACATTGAAGG
chrXI	371619	5150	CACTGGTAACGTCTTTTTAGGTAAAGATGTCACTTTGAGGGGTACTGTCATCATCGTTTGCTCCGACGGTCATAAAATCGATATTCCAAACGGCTCCATATTGGAAAATGTTGTCGTTACTGGTAATTTGCAAATCTTGGAACATTGAAGG
chrXI	371619	2640	CACTGGTAACGTCTTTTTAGGTAAAGATGTCACTTTGAGGGGTACTGTCATCATCGTTTGCTCCGACGGTCATAAAATCGATATTCCAAACGGCTCCATATTGGAAAGTGTGGTCGTTACTGGTAATTTGCACATCTTGGAACAGTGAAGG
chrXI	371619	70	CACTGGTAACGTCTTTTTAGGTAAAGATGTCACTTTGAGGGGTACTGTCAACATCGTTTCCTCCGACGGTCATAAAATCGATATTCCAAACGGCTCCATATTGGAAAATGTTGTCGTTACTGGTAATTTGCAAATCTTGTAACATTGAAGG
chrXI	371619	7530	CACGGGTAACGTCTTTTTAGGTAAAGATGTCACTTTGAGGGGTACTGTCATCATCGTTTGCTCCGACGGTCATAAAATCGATATTCCAAACGGCTCCATATTGGAAAATGTTGTCGTTACTGGTAATTTGCAAATCTTGGAACATTGAAGG
chrXI	371621	70	CTGGTAACGTCTTTTTAGGTAAAGATGTCACTTTGAGGTGTACTGTCATCATCGTTTGCTCCGACGGTCATAAAATCGATATTCCAAACGTCTCCATATAGGAAAATGTTGACGTTACAGGTAATTTGCAAATCATGGAAGATTGAAGGTG
chrXI	371622	2640	TGGTAACGTCTTTGTAGGTAAAGATGTCACTTTGAGGGGTACTGTCATCATCGATTGCTCCGAGGCTCAGAAAATCGATATTCCATACGGCTCCATATTGGAAAATGTTGTCGTTACTGGTAATTTGCAAATCTTGGAACAGTGAACGTGC
chrXI	371623	7530	GGTAACGTCTTTTTAGGTAAAGATGTCACTTTGAGGGGTACTGTCATCATCGTTTGCTCCGACGGTCATAAAATCGATATTCCAAACGGCTCCATATTGGAAAATGTTGTCGTTACTGGTAATTTGCAAATCTTGGAACATTGAAGGTGCG
chrXI	371623	7530	GGTAACGTCTTTTTAGGTAAAGATGTCACTTTGAGGGGTACTGTCATCATCGTTTGCTCCGACGGTCATAAAATCGATATTCCAAACGGCTCCATATTGGAAAATGTTGTCGTTACTGGTAATTTGCAAATCTTGGAACATTGAAGGTGCG
chrXI	371625	2640	TAACGTCTTTTTAGGTAAAGATGTCACTTTGAGGGGTACTGTCATCATCGTTTGCTCCGACGGTCATAAAATCGATATTCCAAACGGCTCCATATTGGAAAATGTTGTCGTTACTGGTAATTTGCAAATCTTGGAACATTGAAGGTGCGG
chrXI	371631	10150	CTTTTTAGGTAAAGATGTCACTTTGAGGGGTACTGTCATCATCGTTTGCTCCGACGGTCATAAAATCGATATTCCAAACGGCTCCATATTGGAAAATGTTGTCGTTACTGGTAATTTGCAAATCTTGGAACATTGAAGGTGCGGCTTGCA
chrXI	371634	2640	TTTAGGTAAAGATGTCACTTTGTGGGGTACTGTCATCATCGTTTGCTCCGACGGTCATAAAATCGATATTCCAAACGGCTCCATATTGGAAAGTGTTGTCGTTACTGGTAATTTGCAAATCTTGGAACATTGAAGGTGCGGCTTGCAATCC
chrXI	371639	2640	GTAACGATGTCACTTTGAGGGGTACTGTCATCATCGTTTGCTCCGACGGTCATAAAATCGATATTCCAAACGGCTCCATATTGGAAAATGTTGTCGTTACTGGTAATTTGCAAATCTTGGAACATTGAAGGTGCGGCTTGCAATCCCTT
chrXI	371643	1410	AGATGTCACTTTGAGGGGTACTGTCATCATCGTTTGCTCCGACGGTCATAAAATCGATATTCCAAACGGCTCCATATTGGAAAATGTTGTCGTTACTGGTAATTTGCAAATCTTGGAACATTGAAGGTGCGGCTTGCAATCCCTTTTTTAC
chrXI	371643	2640	AGATGTCACTTTGAGGGGTACTGTCATCATCGTTTGCTCCGACGGTCATAAAATCGATATTCCAAACGGCTCCATATTGGAAAATGTTGTCGTTACTGGTAATTTGCAAATCTTGGAACATTGAAGGTGCGGCTTGCAATCCCTTTTTTA
chrXI	371643	7530	AGATGTCACTTTGAGGGGTACTGTCATCATCGTTTGCTCCGACGGTCATAAAATCGATATTCCAAACGGCTCCATATTGGAAAATGTTGTCGTTACTGGTAATTTGCAAATCTTGGAACATTGAAGGTGCGGCTTGCAATCCCTTTTTTA
chrXI	371645	2640	ATGTCACTTTGAGGGGTACTGTCATCATCGTTTGCTCCGACGGTCATAAAATCGATATTCCAAACGGCTCCATATTGGAAAGTGTTGTCGTTACTGGTAATTTGCAAATCTTGGAACATTGAAGGTGCGGCTTGCAATCCCTTTTTTAC
chrXI	371646	7530	TGTCACTTTGAGGGGTACTGTCATCATCGTTTGCTCCGACGGTCATAAAATCGATATTCCAAACGGCTCCATATTGGAAAATGTTGTCGTTACTGGTAGTTTGCAAATCTTGGAACATTGAAGGTGCGGCTTGCAATCCCTTTTTTACTTT
chrXI	371649	2640	CACTTTGAGGGGTACTGTCATCAACGTATGCTCCGACGGTCATAAAATCGATATTCCAAACGGCTCCATATTTGAAAATGTTGTCGTTACTGGTAATTTGCAAATCTTGGGACATTGAAGGTGCGGCTTGCAATCCCTTTTTTACTATCAA
chrXI	371650	7530	ACTTTGAGGGGTACTGTCATCATCGTTTGCTCCGACGGTCCTAAAATCGATATTCCAAACGGCTCCCTCTTGGAAAATGTTGTCGTTACTGGTAATTTGCAAATCTTGGAACATTGAAGGTGCGGCTTGCAATCCCTTTTTTACTTTCAAT
chrXI	371650	70	ACTTTGAGGGGTACTGTCATCATCGTTTGCTCCGACGGTCATAAAATCGATATTCCAAACGGCTCCATATTGGAAAATGTTGTCGTTACTGGTAATTTGCAAATCTTGGAACATTGAAGGTGCGGCTTGCAATCCCTTTTTTACTGTCAAT
chrXI	371651	7530	CTTTGAGGGGTACTGTCATCATCGTTTGCTCCGACGGTCATAAAATCGATATTCCAAACGGCTCCATATTGGAAAATGTTGTCGTTACTGGTAATTTGCAAATCTTGGAACATTGAAGGTGCGGCTTGCAATCCCTTTTTTACTTTCAATT
chrXI	371653	10150	TTGAGGGGTACTGTCATCATCGTTTGCTCCGACGGTCATAAAATCGATATTCCAAACGGCTCCATATTGGAAAATGTTGTCGTTACTGGTAATTTGCAAATCTTGGAACATTGAAGGTGCGGCTTGCAATCCCTTTTTTACTTTCAATTC
chrXI	371653	70	TTGAGGGGTACTGTCATCATCGTTTGCTCCGACGGTCATAAAATCGATATTCCAAACGGCTCCATATTGGAAAATGTTGTCGTTACTGGTAATTTGCAAATCTAGGAACATTGAAGGTGCGGCTTGCAATCCCTTGTTTACTTTCAATT
chrXI	371655	2640	GAGGGGTACTGTCATCATCGTTTGCTCCGACGGTCATAAAATCGATATTCCAAACGGCTCCATATTGGAAAATGTTGTCGTTACTGGTAATTTGCAAATCTTGGAACATTGAATGTGCGGCTTGCAATCCCTTTTTTACTTTCAATTCTC
chrXI	371655	7530	GAGGGGTACTGTCATCATCGTTTGCTCCGACGGTCATAAAATCGATATTCCAAACGGCTCCATATTGGAAACTGTTGTCGTTAATGGTAATTTGCAAATCTTGGAACATTGAAGGTGCGGCTTGCAATCCCTTGTTTACTTTCAATTCTC
chrXI	371657	2640	(CGAGGTCACTGTGC)GGGGTACTGTCATCATCGTGTGCTGCGGCGGTCATCAACACGCTATTCCAAACCGCGCCATATACGAAAATGTTGTCCCTACTGCAAATTTGCAAATCATGGAACAATGAACCGGCGGCTTGCAATCCCTTT(ATAAC)
chrXI	371657	7530	GGGGTACTGTCATCATCGTTTGCTCCGACGGTCATAAAATCGATATTCCAAACGGCTCCATATTGGAAAATGTTGTCGTTACTGGTAATTTGCAAATCTTGGAACATTGAAGGTGCGGCTTGCAATCCCTTTTTTACTTTCAATTCTCCGT
chrXI	371658	70	GGGTACTGTCATCATCGTTTGCTCCGACGGTCATAAAATCGATATTCCAAACGGCTCCATATTGGAAAATGTTGTCGTTACTGGTAATTTGCAAATCTTGGAACATTGAAGGTGCGGCTTGCAATCCCTTTTTTACTTTCAATTCTCCGTT
chrXI	371658	2640	GGGTACTGTCATCATCGTTTGCTCCGACGGTCATAAAATCGATATTCCAAACGGCTCCATATTGGAAAATGTTGTCGTTACTGGTAATTTGCAAATCTTGGAACATTGAAGGTGCGGCTTGCAATCCCTTTTTTACTTTCAATTCTCCGTT
chrXI	371658	7530	GGGTACTGTCATCATCGTTTGCTCCGACGGTCATAAAATCGATAGTCCCACCGGCTCCATATTGGAAAATGTTGTCGTTACTGGTAATTTGCAAATCTTGGAACATTGAAGGTGCGGCTTGCAATCCCTTTTTTACTTTCAATTCTCCGT
chrXI	371658	2640	GGGTACTGTCATCATCGTTTGCTCCGACGGTCATAAAATCGATATTCCAAACGGCTCCATATTGGAAAATGTTGTCGTTACTGGTAATTTGCAAATCTTGGAACATTGAAGGTGCGGCTTGCAATCCCTTTTTTAC
chrXI	371658	2640	GGGTACTGTCATCATCGTTTGCTCCGACGGTCATAAAATCGATATTCCAAACGGCTCCATATTGGAAAATGTTGTCGTTACTGGTAATTTGCAAATCTTGGAACATTGAAGGTGCGGCTTGCAATCCCTTTTTTAC
chrXI	371660	7530	GTACTGTCATCATCGTTTGCTCCGACGGTCATAAAATCGATATTCCAAACGGCTCCATATTGGAAAATGTTGTCGTTACTGGTAATTTGCAAATCTTGGAACATTGAAGGTGCGGCTTGCAATCCCTTTTTTACTTTCAATTCTCCGTTAG
chrXI	371660	7530	GTACTGTCATCATCGTTTGCTCCGACGGTCATAAAATCGATATTCCAAACGGCTCCATATTGGAAAATGTTGTCGTTACTGGTAATTTGCAAATCTTGGAACATTGAAGGTGCGGCTTGAAATCCCTTTTTTACTTTCAATTCTCCGTTAG
chrXI	371660	70	GTACTGTCATCATCGTTTGCTCCGTCGGTCATAAAATCGATATTCCAAACCGCTCAATATTGGAAAATGTTGTCGTTCCTTGTAATTTCCAAATCTTGGAACAGTGAACGTGAGGCTTGCAATCCATTTTTTACTTTCAATTCTCCGTTAG
chrXI	371660	2640	GTACTGTCATCATCGTTTGCTCCGACGGTCATAAAATCGATATTCCAAACGGCTCCATATTGGAAAGTGTTGTCGTTACTGGTAATTTGCAAATCTTGGAACATTGAAGG
chrXI	371660	2640	GTACTGTCATCATCGTTTGCTCCGACGGTCATAAAATCGATATTCCAAACGGCTCCATATTGGAAAATGTTGTCGTTACTGGTAATTTGCAAATCTTGGAACATTGAAGGTGCGGCTTGCAATCCCTTTTTTACTTTCAATTCTCCGTTAG
chrXI	371660	7530	GTACTGTCATCATCGTTTGCTCCGACGGTCATAAAATCGATATTCCAAACGGCTCCATATTGGAAAATGTTGTCGTTACTGGTAATTTGCAAATCTTGGACCATTGAAGGTGCGGCTTGCAATCCCGTTTTTACTTTCAATTCTCCGTTAG
chrXI	371660	2640	GTACTGTCATCATCGTTTGCTCCGACGGTCATAAAATCGATATTCCAAACGGCTCCATATTGGAAAATGTTGTCGTTACTGGTAATTTGCAAATCTTGGAACATTGAAGGTGCGGCTTGCAATCCCTTTTTTACTTTCAATTCTCCGTTAG
chrXI	371660	2640	GTACTGTCATCATCGTTTGCTCCGACGGTCATAAAATCGATATTCCAAACGGCTCCATATTGGAAAGTGTTGTCGTTACTGGTAATTTGCAAATCTTGGAACATTGAAGG
chrXI	371660	2640	GTACTGTCATCATCGTTTGCTCCGACGGTCATAAAATCGATATTCCAAACGGCTCCATATTGGAAAATGTTGTCGTTACTGGTAATTTGCAAATCTTGGAACATTGAAGGTGCGGCTTGCAATCCCTTTTTTACTTTCAATTCTCCGTTAG
chrXI	371660	2640	GTACTGTCATCATCGTTTGCTCCGACGGTCATAAAATCGATATTCCAATCGGCTCCATATTGGAAAATGTTGTCGTTACTGGTAATTTGCAAATCTTGGAACATTGAAGGTGCGGCTTGCAATCCCTTTTTTACTTTCAATTCTCCGTGAG
chrXI	371660	7530	GTACTGTCATCATCGTTTGCTCCGACGGTCATAAAATCGATATTCCAAACGGCTCCATATTGGAAAATGTTGTCGTTACTGGTAATTTGCAAATCTTGGAACATTGAAGGTGCGGCTTGCAATCCCTTTTTTACTTTCAATTCTCCGTTAG
chrXI	371661	2640	TACTGTCATCATCGTTTGCTCCGACGGTCATAAAATCGATATTCCAAACGGCTCCATATTGGAAAATGTTGTCGTTACTGGTAATTTGCAAATCTTGGAACATTGAAGGTGCGGCTTGCAATCCCTTTTTTACTTTCAATTCTCCGTTAGG
chrXI	371661	70	TACTGTCATCATCGTTTGCTCCGACGGTCATAAAATCGATATTCCAAACGGCTCCATATTGGAAAATGTTGTCGTTACTGGTAATTTGCAAATCTTGGAACATTGAAGGTGCGGCTTGCAATCCCTTTTTTACTTTCAATTCTCCGTTAGG
chrXI	371661	7530	TACTGTCATCATCGTGTGCTCCGACGGTCATAACATCGATATTCCAAACGGCTCCATATTGGAAAATGTTGTCGTTACTGGTAATTTGCAAATCTTGGAACATTGAAGGTGCGGCTTGCAATCCCTTTTTTACTTTCAATTCTCCGTTAGG
chrXI	371662	2640	ACTGTCATCATCGTTTGCTCCGACGGTCATAAAATCGATATTCCAAACGGCTCCATATTGGAAAATGTTGTCGTTACTGGTAATTTGCAAATCTTGGAACATTGAAGGTGCGGCTTGCAATCCCTTTTTTACTTTCAATTCTCCGTTAGGT
chrXI	371662	2640	ACTGTCATCATGGTTTGCATCGACGGTCATAAAATCGATATTCCAAACGGCTCCATATTGGAAAATGTTGTCGTTACTGGTAATTTGCAAATCTTGGAACATTGAAGGTGCGGGTTGCAATCCCTTTTTTACTTTCAATTCTCCGTTAGGT
chrXI	371662	10150	ACTGTCATCATCGTTTGCTCCGACGGTCATAAAATCGATATTCCAAACGGCTCCATATTGGAAAATGTTGTCGTTACTGGTAATTTGCAAATCTTGGAACATTGAAGGTGCGGCTTGCAATCCCTTTTTTACTTTCAATTCTCCGTTAGG
chrXI	371662	7530	ACTGTCATCATCGTTTGCTCCGACGGTCATAAAATCGATATTCCAAACGGCTCCATATTGGAAAATGTTGTCGTTACTGGTAATTTGCAAATCTTGGAACATTGAAGGTGCGGCTTGCAATCCCTTTTTTACTTTCAATTCTCCGTTAGGT
chrXI	371662	7530	ACTGTCATCATCGTGTGCTCCGACGGTCATAAAATCGATATTCCAAACGGCTCCATATTGGAAAATGTTGTCGTTACTGGTAATTTGCAAATCTTGGAACATTGAAGGTGCGGCTTGCAATCCCTTTTTTACTTTCAATTCTCCGTTAGGT
chrXI	371662	2640	ACTGTCATCATCGTTTTCTCCGACGGTCATAAAATCGATATTCCAAACGGCTCCATATTGGAAAGTGTTGTCGTTACTGGTAATTTGCAAATCTTGGAACATTGAAGGTTCGGCTTGCAATCCCTTTTTTACTTTCAATTCTCCGTTAGGT
chrXI	371662	2640	ACTGTCCTCATCGTTTGCTCCGACGGTCATCAAATCGAGATTCCAACCGGCTCCATATTGGAAAATGTTGTCGTTACTGGTAATTTGCCAATCTTGGAACATTGAAGGTGCGGCTTGCAATCCCTTTTTTCCTTTCAATTCTCCGTGAGGT
chrXI	371665	1410	GTCATCATCGTTTGCTCCGACGGTCATAAAATCGATATTCCAAACGGCTCCATATTGGAAAGTGTTGTCGTTACTGGTAATTTGCAAATCTTGGAACATTGAAGGTGCGGCTTGCAATCCCTTTTTTACTTTCAATTCTCCGTTAGGT
chrXI	371665	2640	GTCATCATCGTTTGCTCCGACGGTCATAAAATCGATATTCCAAACGGCTCCATATTGGAAAATGTTGTCGTTACTGGTAATTTGCAAATCTTGGAACATTGAAGGTGCGGCTTGCACTCCCTTTTTTACTTTCAATTCTCCGTTAGGTTAT
chrXI	371665	7530	GTCATCATCGTTTGCTCCGACGGTCATAAAATCGATATTCCAAACGGCTCCATATTGGAAAATGTTGTCGTTACTGGTAATTTGCAAATCTTGGAACATTGAAGGTGCAGCTTGCAATCCCTTTTTTACTTTCAATTCTCCGTTAGGTTA
chrXI	371665	1410	GTCATCATCGTTTGCTCCGACGGTCATAAAATCGATATTCCAAACGGCTCCATATTGGAAAGTGTTGTCGTTACTGGTAATTTGCAAATCTTTGAACATTGAAGGTGCGGCTTGCAATCCCTTTTTTACTTTCAATTCTCCGTTAGGTTAT
chrXI	371665	2640	GTCATCATCGCTTGCTCCGACGGTCCTAAAATCGATATTCCAAACGGCTCCAGATTGGAAAATGGTGACGTTACTGGTCCTTTGCAAATCTTGGAACAATGTCGGTGCGGCTGGCAAACCCTATTTTTCTTTCAATTCTCCGTTAGGTTAT
chrXI	371665	2640	GTCATCATCGTTTGCTCCGACGGTCATAAAATCGATATTCCAAACGGCTCCATATTGGAAAATGTTGTCGTTACTGGTAATTTGCTAATCTTGGAACATTGAAGGTGCGGCTTGCAATCCCTTTTTTACTTTCAATTCTCCGTTAGGTTAT
chrXI	371665	2640	GTCATCATCGTTTGCTCCGACGGTCATAAAATCGATATTCCAAACGGCTCCATATTGGAAAGTGTTGTCGTTACTGGTAATTTGCAAATCTTGGAACATTGAAGGTGCGGCTTGCAATCCCTTTTTTACTTTCAATTCTCCGTTAGGTTAT
chrXI	371665	2640	GTCATCATCGTTTGCTCCGACGGTCATAAAATCGATATTCCAAACGGCTCCATATTGGAAAATGTTGTCGTTACTGGTAATTTGCAAATCTTGGAACATTGAAGGTGCGGCTTGCAATCCCTTTTTTACTTTCAATTCTCCGTTAGGTTAT
chrXI	371665	70	GTCATCATCGTTTGCTCCGACGGTCATAAAATCGATATTCCAAACGGCTCCATATTGGAAAATGTTGTCGTTACTGGTAATTTGCAAATCTTGGAACATTGAAGGTGCGGCTTGCAATCCCTTTTTTACTTTCAATTCTCCGTTAGGTTAT
chrXI	371665	5150	GTCATCATCGTTTGCTCCGACGGTCATAAAATCGATATTCCAAACGGCTCCATATTGGAAAATGTTGTCGTTACTGGTAATTTGCAAATCTTGGAACATTGAAGGTGCGGCTTGCAATCCCTTTTTTACTTTCAATTCTCCGTTAGGTTAT
chrXI	371665	1410	GTCATCATCGTTTGCTCCGACGGTCATAAAATCGATATTCCAAACGGCTCCATATTGGAAAGTGTTGTCGTTACTGGTAATTTGCAAATCTTGGAACATTGAAGGTGCGGCTTGCAATCCCTTTTTTACTTTCAATTCTCCGTTAGGT
chrXI	371666	7530	TCATCATCGTTTGCTCCGACGGTCATAAAATCGATATTCCAAACGGCTCCATATTGGAAAATGTTGTCGTTACTGGTAATTTGCAAATCTTGGAACATTGAAGGTGCGGCTTGCAATCCCTTTTTTACTTTCAATTCTCCGTTAGGTTATT
chrXI	371667	2640	CATCATCGTTTGCTCCGACGGTCATAAAATCGATATTCCAAACGGCTCCATATTGGAAAATGTTGTCGTTACTGGTAATTTGCAAATCTTGGAACATTGAAGGTGCGGCTTGCAATCCCTTTTTTACTTTCAATTCTCCGTTAGGTTATTT
chrXI	371667	70	CATCATCGTTTGCTCCGACGGTCATAAAATCGATATTCCAAACGGCTCCATATTGGAAAATGTTGTCGTTACTGGTAATTTGCAAATCTTGGAACATTGAAGGTGCGGCTTGCAATCCCTTTTTTACTTTCAATTCTCCGTTAGGTTATTT
chrXI	371668	70	ATCATCGTTTGCTCCGACGGTCATAAAATCGATATTCCAAACGGCTCCATATTGGAAAATGTTGTCGTTACTGGTAATTTGCAAATCTTGGAACATTGAAGGTGCGGCTTGCAATCCCTTTTTTACTTTCAATTCTCCGTTAGGTTATTTA
chrXI	371668	2640	ATCATCGTTTGCTCCGACGGTCATAAAATCGATATTCCAAACGGCTCCATATTGGAAAGTGTTGTCGTTACTGGTAATTTGCAAATCTTGGAACATTGAAGGTGCGGCTTGCAATCCCTTTTTTACTTTCAATTCTCCGTTAGGTTATTTA
chrXI	371668	2640	ATCATCGTTTGCTCCGACGGTCATAAAATCGATATTCCAAACGGCTCCATCTTGGAAAATGTTGTCGTTACTGGTAATTTGCAAATCTTGGAACATTGAAGGTGCGGCTTGCAATCCCTTTTTTACTTTCAATTCTCCGTTAGGTTATTTA
chrXI	371668	70	ATCATCGTTTGCTCCGACGGTCATAAAATCGATATTCCAAACGGCTCCATATTGGAAAATGTTGTCGTTACTGGTAATTTGCAAATCTTGGAACATTGAAGGTGCGGCTTGCAATCCCTTTTTTACTTTCAATTCTCCGTTAGGTTATTTA
chrXI	371669	2640	TCATCGTTTGCTCCGACGGTCATAAAATCGATATTCCAAACGGCTCCATATTGGAAAATGTTGTCGTTACTGGTAATTTGCAAATCTTGGAACATTGAAGGTGCGGCTTGCAATCCCTTTTTTACTTTCAATTCTCCGTTAGGTTATTTAT
chrXI	371669	70	ACATCGTTTGCTCCGACGGTCATAAAATCGATATTCCAAACGGCTCCATATTGGAAAATGTTGTCGTTACTGGTAATTTGCAAATCTTGGAACATTGAAGGTGCGGCTTGCAATCCCTTTTTTCCTTTCAATTCTCCGTTAGGTTATTTAT
chrXI	371669	2640	TCATCGTTTGCTCCGACGGTCATAAAATCGATATTCCAAACGGCTCCATATTGGAAAATGTTGTCGTTACTGGTAATTTGCAAATCTTGGAACATTGAAGGTGCGGCTTGCAATCCCTTTTTTACTTTCAATTCTCCGTTAGGTTATTTAT
chrXI	371670	10150	CATCGTTTGCTCCGACGGTCATAAAATCGATATTCCAAACGGCTCCATATTGGAAAATGTTGTCGTTACTGGTAATTTGCAAATCTTGGAACATTGAAGGTGCGGCTTGCAATCCCTTTTTTACTTTCAATTCTCCGTTAGGTTATTTAT
chrXI	371671	10150	ATCGTTTGCTCCGACGGTCATAAAATCGATATTCCAAACGGCTCCATATTGGAAAATGTTGTCGTTACTGGTAATTTGCAAATCTTGGAACATTGAAGGTGCGGCTTGCAATCCCTTTTTTACTTTCAATTCTCCGTTAGGTTATTTATTC
chrXI	371671	2640	ATCGTTTTCTCCGACTGTCATAAAATCGATATTCAATAAGGCTCAATATTGGAAAATGTTTTCTTTACTGGTATTTTGCAAATCTTGGAACATTGTAGGTGCGTCTTGCTATCCCTTTTTTACTTTCAATTCTCCGTTAGGTTATTTATT
chrXI	371671	10150	ATCGTTTGCTCCGACGGTCATAAAATCGATATTCCAAACGGCTCCATATTGGAAAATGTTGTCGTTACTGGTAATTTGCAAATCTTGGAACATTGAAGGTGCGGCTTGCAATCCCTTTTTTACTTTCAATTCTCCGTTAGGTTATTTATTC
chrXI	371671	2640	ATCGTTTGCTCCGACGGTCATAAAATCGATATTCCAAACGGCTCCATATTGGAAAATGTTGTCGTTACTGGTAATTTGCAAATCTTGGAACATTGAAGGTGCGGCTTGCAATCCCTTTTTTACTTTCAATTCTCCGTTAGGTTATTTATTC
chrXI	371672	10150	TCGTTTGCTCCGACGGTCATAAAATCGATATTCCAAACGGCTCCATATTGGAAAATGTTGTCGTTACTGGTAATTTGCAAATCTTGGAACATTGAAGGTGCGGCTTGCAATCCCTTTTTTACTTTCAATTCTCCGTTAGGTTATTTATTCT
chrXI	371672	2640	TCGTTTGCTCCGACGGTCATTAAATCGATTTTCCAAACGGCTCCATATTGGAAAATGTTGTCGTTACTGGTAATTTGCAAATCTTGGAACATTGAAGGTGCGGCTTGCAATCCCTTTTTTACTTTCAATTCTCCGTTAGGTTATTTATTCT
chrXI	371672	2640	TCGTTTGATCCTACGGTCATAAAATCGATATTCCATACGGCTCCATATTGGAAAATGTTGTCGTTACTGGTAATTTGCAAATCTTGGAACATTGAAGGTGCGGCTTGCAATCCCTTTTTTACTTTCAATTCTCCGTTAGGTTATTTATTCT
chrXI	371672	5150	TCGTTTGCTCCGACGGTCATAAAATCGATATTCCAAACGGCTCCATATTGGAAAATGTTGTCGTTACTGGTAATTTGCAAATCTTGGAACATTGAAGGTGCGGCTTGCAATCCCTTTTTTACTTTCAATTCTCCGTTAGGTTATTTATTCT
chrXI	371673	2640	CGTGTGCTCCGACGGACCTAAAATCGATATACCAAACGGCTCCAAATACGAACATGGTGTCGTAACAGCTAATTTGCAACACATGGACCATTGAAGGTGCGGCTTGCAATCCCTATTTTACTTGCAATTCTCCG(AGAGGATAAAACTTCGA)
chrXI	371674	10150	GTTTGCTCCGACGGTCATAAAATCGATATTCCAAACGGCTCCATATTGGAAAATGTTGTCGTTACTGGTAATTTGCAAATCTTGGAACATTGAAGGTGCGGCTTGCAATCCCTTTTTTACTTTCAATTCTCCGTTAGGTTATTTATTCTAC
chrXI	371674	5150	GTTTGCTCCGACGGTCATAAAATCGATATTCCAAACGGCTCCATATTGGAAAATGTTGTCGTTACTGGTAATTTGCAAATCTTGGAACATTGAAGGTGCGGCTTGCAATCCCTTTTTTACTTTCAATTCTCCGTTAGGTTATTTATTCTAC
chrXI	371675	2640	TGTGCTCCGACGGTCATAAAATCGATATTCCAAACGGCTCCATATTGGAAAATGTTGTCGTTACTGGTAATTTGCAAATCTTGGAACATTGAAGGTGCGGCTTGCAATCCCTTTTTTACTTTCAATTCTCCGTTAGGTTATTTATTCTAC
chrXI	371675	2640	TTTGCTCCGACGGTCATAAAATCGATATTCCAAACGGCTCCATATTGGAACATGTTGTCGTTACTGGTAATTTGCAAATCTTGGAACATTGAAGGTGCGGCTTGCAATCCCTTTTTTACTTTCACTTCTCCGTTAGGTTATTTATTCTAC
chrXI	371676	70	TTGCTCCGACGGTCATAAAATCGATATTCCAAACGGCTCCATATTGGAAAATGTTGTCGTTACTGGTAATTTGCAAATCTTGGAACATTGAAGGTGCGGCTTGCAATCCCTTTTTTACTTTCAATTCTCCGTTAGGTTATTTATTCTACTA
chrXI	371676	2640	TTGCTCCGACGGTCATAAAATCGATATTCCAAACGGCTCCATATTGGAAAATGTTGTCGTTACTGGTAATTTGCAAATCTTGGAACATTGAAGGTGCGGCTTGCAATCCCTTTTTTACTTTCAATTCTCCGTTAGGTTATTTATTCTACTA
chrXI	371676	2640	TTGCTCCGACGGTCATAAAATCGATATTCCAAACGGCTCCATATTGGAAAATGTTGTCGTTACTGGTAATTTGCAAATCTTGGAACATTGAAGGTGCGGCTTGCAATCCCTTTTTTACTTTCAATTCTCCGTTAGGTTATTTATTCTACTA
chrXI	371676	7530	TTGCTCCGACGTACATAAACTCTATATTCAAAAAGGATACATATTGGAAAATGTTGTCGTTACTGGTAATTTGCAAATCTTGGAACATTGAAGGTGCGTCTTGAAATCCCTTTTTTACTTTCAATTCTCCGTTAGGTTATTTATTCTACTA
chrXI	371676	2640	TTGCTCCGACGGTCATAAAATCGATATTCCACACGGCTCCATATTGGAAAGTGTTGTCGTTACTGGTAATTTGCAAATCTTGGAACATTGAAGGTGCGGCTTGCAATCCCTTTTTTACTTTCAATTCTCCGTTAGGTTATTTATTCTACTA
chrXI	371677	10150	TGCTCCGACGGTCATAAAATCGATATTCCAAACGGCTCCATATTGGAAAATGTTGTCGTTACTGGTAATTTGCAAATCTTGGAACATTGAAGGTGCGGCTTGCAATCCCTTTTTTACTTTCAATTCTCCGTTAGGTTATTTATTCTACTA
chrXI	371677	10150	TGCTCCGACGGTCATAAAATCGATATTCCAAACGGCTCCATATTGGAAAATGTTGTCGTTACTGGTAATTTGCAAATCTTGGAACATTGAAGGTGCGGCTTGCAATCCCTTTTTTACTTTCAATTCTCCGTTAGGTTATTTATTCTACTA
chrXI	371679	70	CTCCGACGGTCATAAAATCGATATTCCAAACGGCTCCATATTGGAAAATGTTGTCGTTACTGGTAATTTGCAAATCTTGGAACATTGAAGGTGCGGCTTGCAATCCCTTTTTTACTTTCAATTCTCCGGTAGGTTATTTATTCTACTACA
chrXI	371679	70	CTCCGACGGTCCTACAATCGATATTCCAAACGGCTCCATATTGGAAAATGTTGTCGTTACTGGTAATTTGCAAATCTTGGAACATTGAAGGTGCGGCTTGCAATCCCTTTTTTACTTTCAATTCTCCGTTAGGTTATTTATTCTACTACAC
chrXI	371679	2640	CTCAGACGGTCATAAAATCGATATTCCAAACGGCTCCATATTGGAAAATGTTGTCGTTACTGGTAATTTGCAAATCTTGGAACATTGAAGGTGCGGCTTGCAATCCCTTTTTTACTTTCAATTCTCCGTTAGGTTATTTATTCTACTACAC
chrXI	371681	2640	CCGACGGTCATAAAATCGATATTCCAAACGGCTCCATATTGGAAAATGTTGTCGTTACTGGTAATTTGCAAATCTTGGAACATTGAAGGTGCGGCTTGCAATCCCTTTTTTACTTTCAATTCTCCGTTAGGTTATTTATTCTACTACACGC
chrXI	371681	1410	CCGACGGTCATAAAATCGATATTCCAAACGGCTCCATATTGGAAAATGTTGTCGTTACTGGTAATTTGCAAATCTTGGAACATTGAAGGTGCGGCTTGCAATCCCTTTTTTACTTTCAATTCTCCGTTAGGTTATTTATTCTACTACACGC
chrXI	371687	1410	GTCATAAAATCGATATTCCAAACGGCTCCATATTGGAAAATGTTGTCGTTACTGGTAATTTGCAAATCTTGGAACATTGAAGGTGCGGCTTGCAATCCCTTTTTTACTTTCAATTCTCCGTTAGGTTATTTATTCTACTACACGCAGTTTT
chrXI	371687	70	GTCATAAAATCGATATTCCAAACGGCTCCATATTGGAAAATGTTGTCGTTACTGGTAATTTGCAAATCTTGGAACAGTGAAGGTGCGGCTTGCAATCACTTTTTTACTTTCAATTCTCCGTTAGGTTATTTATTCTACTACACGCAGTTTT
chrXI	371687	70	GTCATAAAATCGATATTCCAAACGGCTCCATATTGGAAAATGTTGTCGTTACTGGTAATTTGCAAATCTTGGAACATTGAAGGTGCGGCTTGCAATCCCTTTTTTACTTTCAATTCTCCGTTAGGTTATTTATTCTACTACACGCAGTTTT
chrXI	371688	7530	TCATAAAATCGATATTCCAAACGGCTCCATATTGGAAAATGTTGTCGTTACTGGTAATTTGCAAATCTTGGAACATTGAAGGTGCGGCTTGCAATCCCTTTTTTACTTTCAATTCTCCGTTAGGTTATTTATTCTACTACACGCAGTTTTT
chrXI	371697	2640	CGATATTCCAAACGGCTCCATATTGGAAAATGTTGTCGTTACTGGTAATTTGCAAATCTTGGAACATTGAAGGTGCGGCTTGCAATCCCTTTTTTACTTTCAATTCTCCGTTAGGTTATTTATTCTACTACACGCAGTTTTTTTTTTT(TT)
chrXI	371698	2640	(CACTGGTAACGTCTTTATAGGTAAAGTAGTCCCTTTGATGGGTTTTGTACTCATGGTTAGCTACGTAGTTCATATAATA)GATATTCCATACGGGTCCATATTGGTATATGTTGTCGTTACTTGTAATTTGCAAATCTTGGAAGATTGAAGG
chrXI	371701	2640	ATTCCAAACGGCTCCATATTGGAAAATGTTGTCGTTACTGGTAATTTGCAAATCTTGGAACATTGAAGGTGCGGCTTGCAATCCCTTTTTTACTTTCAATTCTCCGTTAGGTTATTTATTCTACTACACGCAGTTTTTTTTTTTCAATGGG
chrXI	371701	2640	ATTCCAAACGGCTCCATATTGGAAAATGTTGTCGTTACTGGTAATTTGCAAATCTTGGAACATTGAAGGTGCGGCTTGCAATCCCTTTTTTACTTTCAATTCTCCGTTAGGTTATTTATTCTACTACACGCAGTTTTTTTTTTTCAATGGG
chrXI	371701	10150	ATTCCAAACGGCTCCATATTGGAAAATGTTGTCGTTACTGGTAATTTGCAAATCTTGGAACATTGAAGGTGCGGCTTGCAATCCCTTTTTTACTTTCAATTCTCCGTTAGGTTATTTATTCTACTACACGCAGTTTTTTTTTTTCAATGGG
chrXI	371701	2640	ATTCCAAACGGCTCCATATTGGAAAATGTTGTCGTTACTGGTAATTTGCAAATCTTGGAACATTGAAGGTGCGGCTTGCAATCCCTTTTTTACTTTCAATTCTCCGTTAGGTTATTTATTCTACTACACGCAGTTTTTTTTTTTCAATGGG
chrXI	371701	70	ATTCCAAACGGCTCCATATTGGAAAATGTTGTCGTTACTGGTAATTTGCAAATCTTGGAACATTGAAGGTGCGGCTTGCAATCCCTTTTTTACTTTCAATTCTCCGTTAGGTTATTTATTCTACTACACGCAGTTTTTTTTTTTCAATGGG
chrXI	371701	7530	ATTCCAAACGGCTCCATATTGGAAAATGTTGTCGTTACTGGTAATTTGCACATCTTGGAACATTGAAGGTGCGGCTTGCACTCCCTTTTATCCTTTCAATTCTCCGTTAGGATATTTATTCTACTACACGCAGTTTTTATTTTTCAATGGG
chrXI	371701	70	ATTCCAAACGGCTCCATATTGGAAAATGTTGTCGTTACTGGTAATTTGCAAATCTTGGAACATTGAAGGTGCGGCTTGCAATCACTGTTTTACTTTCAATTCTCCGGTAGGTTATTTATTCTACTACACGCAGTTTTTTTTTTTCAATGGG
chrXI	371701	7530	ATTCCAAACGGCTCCATAGTGGAAAATGTTGTCGATACTGGTAATTTTCAAATCATGGACCATTTAAGGTGCGGCTTGCAATCCCTTTTTTAATTTCAAGTCTCGGTGAGGTTATTAATTCAACTACACGCAGTTTTTTTTTTTCAATGGG
chrXI	371703	5150	TCCAAACGGCTCCATATTGGAAAATGTTGTCGTTACTGGTAATTTGCAAATCTTGGAACATTGAAGGTGCGGCTTGCAATCCCTTTTTTACTTTCAATTCTCCGTTAGGTTATTTTTTCTACTACACGCAGTTTTTTTTTTTCAATGGGT
chrXI	371706	7530	AAACGGCTCCATATTGGAAAATGTTGTCGTTACTGGTAATTTGCAAATCTTGGAACATTGAAGGTGCGGCTTGCAATCCCTTTTTTACTTTCAATTCTCCGTTAGGTTATTTATTCTACTACACGCAGTTTTTTTTTTTCAATGGGTTATA
chrXI	371706	5150	AAACGGCTCCATATTGGAAAATGTTGTCGTTACTGGTAATTTGCAAATCTTGGAACATTGAATGTGCGGCTTGCAATCCCTTTTTTACTTTCAATTCTCCGTTAGGTTATTTATTCTACTACACGCAGTTTTTTTTTTT(AAATAAAAAAA)
chrXI	371707	70	AACGGCTCCATATTGGAAAATGTTGTCGTTACTGGTAATTTGCAAATCTTGGAACATTGAAGGTGCGGCTTGCAATCCCTTTTTTACTTTCAATTCTCCGTTAGGTTATTTATTCTACTACACGCAGTTTTTTTTTTTCAATGGGTTATAT
chrXI	371707	2640	AACGGCTCCATATTGGAAAATGTTGTCGTTACTGGTAATTTGCAAATCTTGGAACATTGAAGGTGCGGCTTGCAATCCCTTTTTTACTTTCAATTCTCCGTTAGGTTATTTATTCTACTACACGCAGTTTTTTTTTTTCAATGGGTTATAT
chrXI	371707	2640	AACGGCTCCATATTGGAAAATGTTGTCGTTACTGGTAATTTGCAAATCTTGGAACATTGAAGGTGCGGCTTGCAATCCCTTTTTTACTTTCAATTCTCCGTTAGGTTATTTATTCTACTACACGCAGTTTTTTTTTTTCAATGGGTTATAT
chrXI	371707	70	AACGGCTCCATATTGGAAATGGTTGTCGTTACTGGTAATTTGCAACTCTTGGAACATTGAAGGTGCGTCTTGCAATCCAATTTTTACTTTCAATTCTCCGTTAGGTTATTTTTTCTACTACACGCCGTTTTTTTTTTTCAATGGGTTATTT
chrXI	371707	2640	AACGGCTCCATATGGGAAAATGTTGTCGTTACTGGTAATTTGCAAATCTTGGAACATTGAAGGTGCGGCTTGCAATCCCTTTTTTACTTTCAATTCTCCGTTAGGTTATTTATTCTACTACACGCAGTTTTTTTTTTTCAATGGGTTATAT
chrXI	371707	2640	AACGGCTCCATATTGGAAAATGTTGTCGTTACTGGTAATTTGCAAATCTTGGAACATTGAAGGTGCGGCTTGCAATCCCTTTTTTACTTTCAATTCTCCGTTAGGTTATTTATTCTACTACACGCAGTTTTTTTTTTTCAATGGGTTATAT
chrXI	371707	2640	AACGGCTCCATATTGGAAAGTGTTGTCGTTACTGGTAATTTTCAAATCTTGGAACATTGAAGGTGCGGCTTGCAATCCCTTTTTTACTTTCAATTCTCCGTTAGGTTATTTATTCTACTACACGCAGTTTTTTTTTTTCAATGGGTTATAT
chrXI	371707	5150	AACGGCTCCATATTGGAAAATGTTGGCGTTACTGGTAATTTGCAAATCTTGGAACATTGACGGTGCGGCTTGCAATCCCTTTTTTACTTTCAATTATCCGTTAGGTTATTTATTCTACTACACGCAGTTTTTTTTTTTCAATGGGTTATAT
chrXI	371707	2640	CACGGCTCCATATTGGAAAATGTTGTCGTTACTGGTAATTTGCAAATCTTGGAACATTGAAGGTGCGGCTTGCAATCCCTTTTTTACTTTCAATTCTCCGTTAGGTTATTTATTCTACTACACGCAGTTTTTTTTTTTCAATGGGTTATAT
chrXI	371707	70	AACGGCTCCATATTGGAAAATGTTGTCGTTACTGGTAATTTGCAAATCTTGGAACATTGAAGGTGCGGCTTGCAATCCCTTTTTTACTTTCAATTCTCCGTTAGGTTATTTATTCTACTACACGCAGTTTTTTTTTTTCAATGGGTTATAT
chrXI	371707	70	AACGGCTCCATATTGGTAAATGTTGTCTTTACTGGTAATTTGCAAATCTTGGAACATTGAAGGTGCGGCTTGCAATCCCTTTTTTACTTTCAATTCTCCGTTAGGTTATTTATTCTACTACACGCAGTTTTTTTTTTTCAATGGGTTATAT
chrXI	371707	2640	AACGGCTCCATATTGGAAAGTGTTGTCGTTACTGGTAATTTGCAAATCTTGGAACATTGAAGGTGCGGCTTGCAATCCCTTTTTTACTTTCAATTCTCCGTTAGGTTATTTATTCTACTACACGCAGTTTTTTTTTTTCAATGGGTTATAT
chrXI	371707	1410	ATCGGCTTCATATTGTAAAATGTTTTGGTTACTGGTATTTTGCAATTTTTGGAACATTGAAGGTGCGGCTTGCAATCCCTTTTTTTCTTTCAATTCTCCGTTAGGTTTTTTATTCTACTACACGCAGTTTTTTTTTTTCAATGGGTTATAT
chrXI	371707	1410	AACGGCTCCATATTGGAAAATGTTGTCGTTACTGGTAATTTGCAAATCTTGGAACATTGAAGGTGCGTCTTGCAATCCCTTTTTTACTTTCAATTCTCCGTTAGGTTATTTATTCTACTACACGCAGTTTTTTTTTTTCAATGGGTTATAT
chrXI	371707	1410	AACGGCTCCATATTGGAAAATGTTGTCGTTACTGGTAATTTGCAAATCTTGGAACATTGAAGGTGCGGCTTGCAATCCCTTTTTTACTTTCAATTCTCCGTTAGGTTATTTATTCTACTACACGCAGTTTTTTTTTTTCAATGGGTTATAT
chrXI	371707	70	AACGGATCCATATTGGAAAATGTTGTCGTTAATTGTAATTTGAAAATCTTGGAACATTGAAGGTTCGGCTTGCAATCCCTTTTTTACTGTCAATTCTCCGTTATTTTTTTTATTCTACTACACGCAGTTTTTTTTTTTCAATGGGTTATAT
chrXI	371707	1410	AACGGCTCCATATTTGAAATTGTTGTCGTTACTGGTAATTTTCAAATTTTGGAACATTGAAGGTGCGGCTTGAAATCCCTTTTTTACTTTCAATTCTCCTTTAGGTTATTTATTCTAATACACGCAGTTTTTTTTTTTCAATGGGTTATAT
chrXI	371707	10150	AACGGCTCCATATTGGAAAATGTTGGCGTTACTGGTAATTTGCAAATCTTGGAACATTGAAGGTGCGGCTTGCAATCCCTTTTTTACTTTCAATTCTCCGTTAGGTTATTTATTCTACTACACGCAGTTTTTTTTTTTCAATGGGTTATAT
chrXI	371707	2640	AACTGCTCCATCTTGGAATTTGTTGTAGTTACTGGTAATTTGCATATCTTGGTACTTTGTATGTGAGGATTGCAATCACTTTTTTACTTTCTATTCTCAGTTAGGTTATTTTTTATACTACACGCAGTTTTTTTTTTTCAATGGGTTATAT
chrXI	371707	1410	AACGGCTGGATATTGTAAAATGTTGTCGTTACTGGTATTTTGCAAATTTTGTAACATTTAATGTGCGGTTTGCAATCCCTTTTTTATTTTCAATTGTAGGTTTGGTTATTTTTTATAATACTGGAATTTTTTTTTTTTCAATTGGTTATAT
chrXI	371707	10150	AACGGCTCCATATTGGAAAATGTTGTCGTTACTGGTAATTTGCAAATCTTGGAACATTGAAGGTGCGGCTTGCAATCCCTTTTTTACTTTCAATTCTCCGTTAGGTTATTTATTCTACTACACGCAGTTTTTTTTTTTCAATGGGTTATAT
chrXI	371707	2640	AACGGCTCCATATTGGAAAATGTTGTCGTTACTGGTAATTTGCAAATCTTGGAACATTGAAGGTGCGGCTTGCAATCCCTTTTTTACTTTCAATTCTCCGTTAGGTTATTTATTCTACTACACGCAGTTTTTTTTTTTCAATGGGTTATAT
chrXI	371708	5150	ACGGCTCCATATTTGAAAATGTTGTCGTTACTGGTAATTTGGAAATCTTGGAACATTGAAGGTGCGGCTTGCAATCCCTTTTTTACTTTCAATTCTCCGTTAGGTTATTTATTCTACTACACGCAGTTTTTTTTTTTCAATGGGTTATATA
chrXI	371708	2640	ACGGCTCCATATTGGAAAGTGTTGTCGTTACTGGTAATTTGCAAATCTTGGAACATTGAAGGTGCGGCTTGCAATCCCTTTTTTACTTTCAATTCTCCGTTAGGTTATTTATTATACTACACGCAG(T)TTTTTTTTTTTCAATGGGTTATAT
chrXI	371708	70	ACGGCTCCATATTGGAAAATGTTGTCGTTACTGTTAATTTGAAAATCTTGGAACATTGAAGGTGCGGCTTGCAATCCCTTTTTTACTTTCAATTCTCCGTTAGGTTATTTATTCTACTACACGCAGTTTTTTTTTTTCAATGGGTTATATA
chrXI	371708	5150	ACGGCTCCATATTGGAAAATGTTGTCGTTACTGGTAATTTGCAAATCTTGGAACATTGAAGGTGCGGCTTGCAATCCCTTTTTTACTTTCAATTCTCCGTTAGGTTATTTATTCTACTACACGCAG(T)TTTTTTTTTTTCAATGGGTTATAT
chrXI	371708	70	ACGGCTCCATATTGGAAAATGTTGTCGTTACTGGTAATTTGCAAATCTTGGAACATTGAAGGTGCGGCTTGCAATCCCTTTTTTACTTTCAATTCTCCGTTAGGTTATTTATTCTACTACACGCAGTTTTTTTTTTTCAATGGGTTATATA
chrXI	371708	7530	ACGGCTCCATATTGGAAAATGTTGTCGTTACTGGTAATTTGCAAATCTTGGAACATTGAAGGTGCGGCTTGCAATCCCTTTTTTACTTTCAATTCTCCGTTAGGTTATTTATTCTACTACACGCAG(T)TTTTTTTTTTTCAATGGGTTATAT
chrXI	371708	5150	ACGGCTCCATATTGGAAAATGTTGTCGTTACTGGTAATTTGCAAATCTTGGAACATTGAAGGTGCGGCTTGCAATCCCTTTTTTACTTTCAATTCTCCGTTAGGTTATTTATTCTACTACACGCAGTTTTTTTTTTTCAATGGGTTATATA
chrXI	371708	5150	ACGGCTCAATATTGGAAAATGTTGTCGTTACTGGTAATTTGCAAATCTTGGAACATTGAAGGTGCGGCTTGCAATCCCTTTTTTACTTTCAATTCTCCGTTAGGTTATTTATTCTACTACACGCAGTTTTTTTTTTTCAATGGGTTATATA
chrXI	371708	10150	ACGGCTCCATATTGTAAAATGTTGTCGTTACTGGTAATTTGCAAATCTTGGAACATTGAAGGTGCGGCTTGCAATCCCTTTTTTACTTTCAATTCTCCGTTAGGTTATTTATTCTACTACACGCAGTTTTTTTTTTTCAATGGGTTATATA
chrXI	371709	70	CGGCTCCATATTGGAAAATGTTGTCGTTACTGGTAATTTGCAAATCTTGGAACATTGTAGGTGCGGCTTGCAATCCCTTTTTTACTTTCAATTCTCCGTTTGGTTATTTATTCTACTACACGCAGTTTTTTTTTTTCAATGGGTTATATAT
chrXI	371709	70	CGGCTCCATATTGGAAAAGGTTGTCTTTACTGGTAATTTGCAAATCTTGGAACATTGAAGGTGCGGCTTGCAATCCCTTTTTTACTTTCAATTCTCCGTTAGGTTATTTATTCTACTACACGCAGTTTTTTTTTTTCAATGGGTTATATAT
chrXI	371709	5150	CGGCTCCATATTTGAAAATGTTGTCGTTACTGGTAATTTGCAAATCTTGGAACATTGAAGGTGCGGCTTGCAATCCCTTTTTTACTTTCAATTCTCCGTTAGGTTATTTATTCTACTACACGCAGTTTTTTTTTTTCAATGGGTTATATAT
chrXI	371709	1410	CGGCTCCATATTGGAAAATGTTGTCGTTACTGGTAATTTGCAAATCTTGGAACATTGAAGGGGCGGCTTGCAATCCCTTTTTTACTTTCAATTCTCCGTTAGGTTATTTATTCTACTACACGCAGTTTTTTTTTTTCAATGGGTTATATAT
chrXI	371709	70	CGGCTCCATATTGGAAAATGTTGTCGTTACTGTTATTTTGAAAATCTGGGAAATTTGAAGGTGCGGCTTGCAATCCCTTTATTACTTTCAATTCTCCGTTAGTTTATTTATTCTACTACACGCAGTTTTTTTTTTTCAATGGGTTATATAT
chrXI	371710	1410	GGCTCCATATTGGAAAGTGTTGTCGTTACTGGTAATTTGCAAATCTTGGAACATTGAAGGTGCGGCTTGCAATCCCTTTTTTACTTTCAATTCTCCGTTAGGTTATTTATTCTACTACACGCAG(T)TTTTTTTTTTTCAATGGGTTATATAT
chrXI	371710	2640	GGCTCCAGATTGGTAATTGTTGTCGTTTGTGGTAAGTTGCATATCTTGGAAAAGTGATGGTGCGGCTTGCACGGCCTTTTTTACTTTCAATGCTCGGTTAGTTTTTTTTTTCTCCTCCACGCAGTTTTATTTTTTCTATGTGTTATA(G)
chrXI	371710	10150	GGCTCCATATTGGAAAATGTTGTCGTTACTGGGAATTTGCAAATCTTGGAACATTGAAGGTGCGGCTTGCAATCCCTTTTTTACTTTCAATTCTCCGTTAGGTTATTTATTCTACTACCCGCAGTTTTTTTTTTTCAATGGGTTATATATC
chrXI	371711	10150	GCTCCATATTGGAAAATGTTGTCGTTACTGGTAATTTGCAAATCTTGGAACATTGAAGGTGCGGCTTGCAATCCCTTTTTTACTTTCAATTCTCCGTTAGGTTATTTATTCTACTACACGCAGTTTTTTTTTTT(AAAACAGATATATAAC)
chrXI	371711	70	GCTCCATATTGGAAAATGTTGTCGTTACTGGTAATTTGCAAATCTTGGAACATTGAAGGTGCGGCTTGCAATCCCTTTTTTACTTTCAATTCTCCGTTAGGTTATTTATTCTACTA
chrXI	371711	70	GCTCGATATTGGTAAATGTTGTCGTTACTGGTAATTTGCAAATCTTGTAACATTGAATGTGCGGCTTGCAATACCTTTTATACTTTCAATTCTCCGTGAGGTTATTTATTGTAATA
chrXI	371711	5150	GCTCCATATTGGAAAATGTTGTCGTTACTGGTAATTTGCAAATCTTGGAACATTGAAGGTGCGGCTTGCAATCCCTTTTTTACTTTCAATTCTCCGTTAGGTTATTTATTCTACTACACGCAGTTTTTTTTTTTCAATGGGTTATATATCT
chrXI	371711	2640	GCTCCATATTGGAAAATGTTGTCGTTACTGGTAATTTGCAAATCTTGGAACATTGAAGGTGCGGCTTGCAATCCCTTTTTTACTTTCAATTCTCCGTTAGGTTATTTATTCTACTACACGCAG(T)TTTTTTTTTTTCAATGGGTTATATAT
chrXI	371712	10150	GTCCATATTGGAAATTGTTGTCGTTACTGGTTATTTGCAAATGTTGGAAAATTTAAGGTGGGGCTTGCAATCCCTTTTTTACTTTCAATTCTCCGTTAGGTTTTTTATTCTACTACACGCAGTTTTTTTTTTTCAATGGGTTATATATCTC
chrXI	371712	70	CTCCATATTGGAAAATGTTGTCGTTACTGGTAATTTGCAAATCTTGGAACATTGAAGGTGCGGCTTGCAATCCCTTTTTTACTTTCAATTCTCCGTTAGGTTATTTATTCTACTACACGCAGTTTTTTTTTTTCAATGGGTTATATATCTC
chrXI	371713	7530	TCCATATTTGAAAATGTTGTCGTTACTGGTAATTTGCAAATCTTGGTACATTGAAGGTGCGGCTTGCAATCCCTTTTTTACTTTCAATTCTCCTTTAGGTTTTTTATTCTACTACACGCAGTTTTTTTTTTTCAATGGGTTATATATCTCT
chrXI	371714	70	CCATATTGGAAAATGTTGTCGTTACTGGTAATTTGCAAATCTTGGAACATTGAAGGTGCGGCTTGCAATCCCTTTTTTACTTTCAATTCTCCGTTAGGTTATTTATTCTACTACACGCAGTTTTTTTTTTTCAATGGGTTATATATCTCTA
chrXI	371714	70	CCATATGGGAAATTGTTGTCGTTTCTGGTAATTTGCAAATGTTGTAACATTGAAGGTGCGTGTTGGAATCCCTTTTTTACTTTCAATTCTCGGTTAGGTTATTTATTCTACTACACGCAG(T)TTTTTTTTTTTCAATGGGTTATATATCTCT
chrXI	371714	1410	CCATATTGGAAAATGTTGTCGTTACTGTTAATTTGCAAATTTTGGAACATTGAAGGTGCGGCTTGCAATCCCTTTTTTACTTTAAATTCTCCGTTAGGTTATTTATTCTACTACACGCAGTTTTTTTTTTTCAATGGGTTATATATCTC
chrXI	371714	10150	CCATATTGGAAAATGTTGTCGTTACTGGTAATTTGCAAATCTTGGAACATTGAAGGTGCGGCTTGCAATCCCTTTTTTACTTTCAATTCTCCGTTAGGTTATTTATTCTACTACACGCAGTTTTTTTTTTTCAATGGGTTATATATCTC
chrXI	371714	70	CCATATTGGAAAATGTTGTCGTTACTGGTAATTTGCAAATCTTGGAACATTGAAGGTGCGGCTTGCAATCCCTTTTTTACTTTCAATTCTCCGTTAGTTTATTTATTCTACTACACGCAGTTTTTTTTTTTCAATTGGTTATATATCACTA
chrXI	371716	7530	ATATTGGAAAATGTTGTCGTTACTGGTAATTTGCAAATCTTGGAACATTGAAGGTGCGGCTTGCAATCCCTTTTTTACTTTCAATTCTCCGTTAGGTTATTTATTCTACTACACGCAGTTTTTTTTTTTCAATGGGTTATATATCTCTAAT
chrXI	371716	2640	ATATTGGAAAGTGTTGTCGTTACTGGTAATTTGCAAATCTTGGAACATTGAAGGTGCGGCTTGCAATCCCTTTTTTACTTTCAATTCTCCGTGAGGTTATTTATTCTACTACACGCAGTTTTTTTTTTTCAATGGGTTATATATCTCTAAT
chrXI	371716	1410	(GGGGTCA)ATATTGGAAAATGTTGTCGTTACTGGTAATTTGAAAATGTTGGAACATTGAAGGTGGGGCTTGCAATCCCTTTTTTACTTTCAATTCTCCGTTAGGTTATTTATTCTACTACACGCAGTTTTTTTTTTTCAATGGGTTATATAT
chrXI	371716	1410	ATATTGGAAAATGTTGTCGTTACTGGTAATTTGCAAATCTTGGAACATTGAAGGTGCGGCTTGCAATCCCTTTTTTACTTTCAATTCTCCGTTAGGTTATTTATTCTACTACACGCAGTTTTTTTTTTTAAATGGGTTATATATATATAA
chrXI	371717	2640	TATTGGAAAATGTTGTCGTTACTGGTAATTTGCAACTCTTGGAACATTGAAGGTGCGGCTTGCAATCCCTTTTTTACTTTCAATTCTCCGTTAGGTTATTTATTCTACTACACGCAGTTTTTTTTTTTCAATGGGTTATATATCTCTAATA
chrXI	371717	7530	TATTGGAAAATGTTGTCGTTACTGGTAATTTGCAAATCTTGGAACATTGAAGGTGCGGCTTGCAATCCCTTTTTTACTTTCAATTCTCCGTTAGGTTATTTATTCTACTACACGCAGTTTTTTTTTTTCAATGGGTTATATATCTCTAATA
chrXI	371718	7530	ATTGGAAAATGTGGTCGTTACTGGTAATTGGCAAATCTTGGAACATTGAAGGTGCGGCTTGCAATCCCTTTTTTACTTTCAATTCTCCGTTAGGTTATTTATTCTACTACACGCAGTTTTTTTTTTTCACTGGGTTATATATCTCTAATAT
chrXI	371718	5150	ATTGGAAAATGTTGTCGTTACTGGTAATTTGCAAATCTTGGAACATTGAAGGTGCGGCTTGCAATCCCTTTTTTACTTTCAATTCTCCGTTAGGTTATTTATTCTACTACACGCAGTTTTTTTTTTTCAATGGGTTATATATCTCTAATAT
chrXI	371719	7530	(CATCCTTGTTTCTTTCGAACGTGATCATCTAGCTAGTGCTCACGGCTCGTAC)TTGGAAACTGTTGTCGTTTCTGGTAATTTGCAACTCTTGGTTCATTGTATGTTCTGCTTGCAATCCCTTTTTTACTTTCAATTCTCCGTTACGTTATTT
chrXI	371719	1410	TTGGAAAATGTTGTCGTTACTGGTAATTTGCAAATTTTTGAAAATTGTAGGTGCGGCTTTCAATCCCTTTTTTACTTTCAATTCTCCGTTATGTTATTTATTCTAATACACGCAGTTTTTTTTTTTCAATGGGTTATATATCTCTAATAT
chrXI	371720	70	TGGAAAATGTTGTCGTTACTGGTAATTTGCAAATCTTGGAACATTGAAGGTGCGGCTTGCAATCCCTTTTTTACTTTCAATTCTCCGTTAGGTTATTTATTCTCCTACACGCAG(TT)TTTTTTTTTTTCAATGGGTTATATATCTCTAATAT
chrXI	371720	2640	TGGAAAATGTTGTCGTTACTGGTAATTTGCAAATCTTGGAACATTGAAGGTGCGGCTTGCAATCCCTTTTTTACTTTCAATTCTCCGTTAGGTTATTTATTCTACTACACGCAGTTTTTTTTTTTCAATGGGTTATATATCTCTAATATAT
chrXI	371720	2640	TGGAATATGTTTTCGTTACTGGTAATTTGCAAATCTTGGAACATTGAAGGTGCGGCTTGCTATCCCTTTTTTACTTTCAATTCTCCGTTAGGTTATTTATTATACTACACGCATTTTTTTTTTTTCAATGGGTTATATATCTCTAATATAT
chrXI	371720	7530	TGGTAATTGTGGTCGTTACGGGTATTTTGCAAGTCTTGTAACATTGAATGTGGGGCTTGGAATCCCATTTTTCCATTCAATTCTCCGTTTCGTTTTTTAGTCTTCTTCTCTGAGTTTTTATTTTTCAATGGGTTATATAACTCTTATATAT
chrXI	371720	7530	TGGAAAATGTTGTCGTTACTGGTAATGTGCAAATCTTGGAACATTGAAGGTGCGGCTTGCAATCCCTTTTTTACATTCAATTCTCCGTTAGGTTATTTATTCTCCTACACGCAGTTTTTTTTTTTCAATGGGTTATATATCTCTAATATAT
chrXI	371720	7530	TGGAAAATGTTGTCGTTACTGGTAATTTGCAAATCTTGGAACATTGAAGGTGCGGCTTGCAATCACATTTTGACTTTCAATTCTCCGTTAGGTTATTTATTCTACTACACGCAGTTTTTTTTTTTCAATGGGTTATATATCTCTAATATAT
chrXI	371721	1410	GGAAAATGTTGTCGTTACTGGTATTTTGCAAATCTTGGAACATTTAAGGTGCGGCTTGCAATCCCTTTTTTACTTTCAATTCTCCGTTCGGTTATTTATTCTACTACACGCATTTTTTTTTTTTCAATGGGTTATATATCTCTAATATAT
chrXI	371721	10150	GGAAAATGTTGTCGTTACTGGTAATTTGCAAATCTTGGAACATTGAAGGTGCGGCTTGCAATCCCTTTTTTACTTTCAATTCTCCGTTAGGTTATTTATTCTACTACACGCAGTTTTTTTTTGTAAATGGGTTATATATCT(AAAATATAA)
chrXI	371723	1410	AAAATGTTGTTGTTAATGGTATTTTGCAAATCTTTGAACATTGATGGTGGGGCTTGCAATCCCTTTTTTACTTTCAATTCTCCGTTAGGTTATTTATTCTACTACACGCAG(T)TTTTTTTTTTTCAATGGGTTATATATCTCTAATATATAC
chrXI	371723	70	AAAATGTTGTCGTTACTGGTAATTTGCAAATCTTGGAACATTGAAGGTGCGGCTTGCAATCCCTTTTTTACTTTCAATTCTCCGTTAGGTTATTTATTCTACTACACGCAGTTTTTTTTTTTCAATGGGTTATATATCTCTAATATATAC
chrXI	371723	70	AAAATGTTGTCGTTACTGGTAATTTGCAAATCTTGGAACATTGAAGGTGCGGCTTGCAATCCCTTTTTTACTTTCAATTCTCCGTTAGGTTATTTATTCTACTACACGCAGTTTTTTTTTTTCAATGGGTTATATATCTCTAATATATAC
chrXI	371723	2640	AAAATGTTGTCGTTACTGGTAATTTGCAAATCTTGGAACATTGAAGGTGCGGCTTGCAATCCCTTTTTTACTTTCAATTCTCCGTTAGGTTATTTATTCTACTACACGCAGTTTTTTTTTTTCAATGGGTTATATATCTCTAATATATAC
chrXI	371723	7530	(ACGGGATCCATTTTGT)AAAATGTTGTGGTTACGGTTATTTTGCAAATTTTGTAACATTGAAGGTGGGGCTTGAAATCCCTTTTTTACTTTCAATTCTCCGTTAGGTTTTTTATTCTAATACACGAAGTTTTTTTTTTTCAATGGGTTATAT
chrXI	371723	2640	AAAATGTTGCCGTTACTGGTAATTTGCAAATCTTGGAACATTGAAGGTGCGGCTTGCAATCCCTTTTTTACTTTCAATTCTCCGTTAGGTTATTTATTAGACTACACGCTGTTTTTTTATTTCAATGGGTTATATATCTCTAATATATAC
chrXI	371723	7530	AAAATGTTGTCGTTACTTGTAATTTGCAAATCTTGGAACATTGAAGGTGCGGCTTGCAATCCCTTTTTTACTTTCAATTCACCGTTAGGTTATTTATTCTACTACACGCAG(T)TTTTTTTTTTTCAATGGGTTATATATCTCTAATATATAC
chrXI	371723	7530	AAAATGTTGTCGTTACTGGTAATTTGCAAATCTTGGAACATTGAAGGTGCGGCTTGCAATCCCTTTTTTACTTTCAATTCTCCGTTAGGTTATTTATTCTACTACACGCAGTTTTTTTTTTTCAATGGGTTATATATCTCTAATATATAC
chrXI	371723	2640	AAAATGTTGTCGTTACTGGTAATTTGCAAATCTTGGAACATTGAAGGTGCGGCTTGCAATCCCTTTTTTACTTTCAATTCTCCGTTAGGTTATTTATTCTACTACACGCAGTTTTTTTTTTTCAATGGGTTATATATCTCTAATATATAC
chrXI	371723	5150	AAAATGTTTTCGTTAATTGTAATTTTCAAATTTTTGAACATTTATTGTGCGGCTTGCAATCCCTTTTTTAATTTCAATTTTCCGTTTTGTTTTTTATTCTAATAAACGCA(T)TTTTTTTTTTTTCAATGGGTTATATATCTCTAATATATAC
chrXI	371724	5150	AAATGTTGTCGTTAATTGTAATTTGCAAATCTTGGAAAATTGATGGTGCTGCTTGCAATAGCTTTTTTACTTTAAATTCTCCGTTAGGTTATTTTTTCTACTACACGCAGTTTTTTTTTTTCAATGGGTTATATATCTCTAATATATACAC
chrXI	371724	7530	AAATGTTGTCGTTACTGGTAATTTGCAAATCTTGGAACATTGAAGGTGCGGCTTGCAATCCCTTTTTTACTTTCAATTCTCCGTTAGGTTATTTATTCTACTACACGCAGTTTTTTTTTTTCAATGGGTTATATATCTCTAATATATACAC
chrXI	371724	1410	AAATGTTGTCGTTACTGGTAATTTGCAAATCTTGGAACATTGAAGGTGCGGCTTGCAATCCCTTTTTTACTTTCAATTCTCCGTTAGGTTATTTATTCTACTACACGCAGTTTTTTTTTTTCAATGGGTTATATATCTCTAATATATACAC
chrXI	371724	2640	AAATGTTGTCGTTACTGGTAATTTGCAAATCTTGGAACATTGAAGGTGCGGCTTGCAATCCCTTTTTTACTTTCAATTCTCCGTTAGGTTATTTATTCTACTACACGCAGTTTTTTTTTTTCAATGGGTTATATATCTCTAATATATACAC
chrXI	371725	70	AATGTTGTCGTGACTGGTAATTTGCAAATCTTGGAACATTGAAGGTGCGGCTTGCAATCCCTTTTTTACTTTCAATTCTCCGTTAGGTTATTTATTCTACTACACGCAGTTTTTTTTTTTCAATGGGTTATATATCTCTACTATATACACA
chrXI	371725	1410	AGTGTTGTCGTTACTGGTAATTTGCAAATCTTGGAACATTGAAGGTGCGGCTTGCAATCCCTTTTTTACTTTCAATTCTCCGTTAGGTTATTTATTCTACTACACGCAGTTTTTTTTTTTCAATGGGTTATATATCTCTAATATATACACA
chrXI	371726	2640	ATGTTGTCGTTACTGGTAATTTGCAAATCTTGGAACATTGATGGTGCGGCTTGCATTCCCTTTTTTACTTTCAATTCTCCGTTAGGTTATTTATTCTACTACACGCAG(T)TTTTTTTTTTTCAATGGGTTATATATCTCTAATATATACACA
chrXI	407404	7530	TCGTTAACCGCCAAGTTAGGTCCCAGTTCCATATATAATTTGCCACTGAGACCGGATCTTATGTTTTCTAGATGTATGTTGTTTATTGCCAAGCCATTTTGCACCAATTGTTGGATAGATAGCGTTGTTAATAGCCTAGAAGTTGTTTGAC
chrXI	407406	1410	GTTAACCGCCAAGTTAGGTCCCAGTTCCATATATAATTTGCCAATGAGACCGGATCTTATGTTTTCTAGATGTATGTTGTTTATTGCCAAGCCATTTTGCACCAATTGTTGGATAGATAGCGTTGTTAATAGCCTAGAAGTTGTTTGAATG
chrXI	407407	7530	TTAACCGCCAAGTTAGGTCCCAGTTCCATATATAATTTGCCAATGAGACCGGATCTTATGTTTTCTAGATGTATGTTGTTTATTGCCAAGCCATTTTGCACCAATTGTTGGATAGATAGCGTTGTTAATAGCCTAGAAGTTGTTTGAATG
chrXI	407410	5150	ACCGCCAAGTTAGGTCCCAGTTCCATATATAATTTGCCAATGAGACCGGATCTTATGTTTTCTAGATGTATGTTGTTTATTGCCAAGCCATTTTGCACCAATTGTTGGATAGATAGCGTTGTTAATAGCCTAGAAGTTGTTTGAATGTCTT
chrXI	407414	5150	CCAAGTTAGGTCCCAGTTCCATATATAATTTGCCAATGAGACCGGATCTTATGTTTTCTAGATGTATGTTGTTTATTGCCAAGCCATTTTGCACCAATTGTTGGATAGATAGCGTTGTTAATAGCCTAGAAGTTGTTTGAATGTCTTGTTC
chrXI	407415	10150	CAAGTTAGGTCCCAGTTCCATATATAATTTGCCAATGAGACCGGATCTTATGTTTTCTAGATGTATGTTGTTTATTGCCAAGCCATTTTGCACCAATTGTTGGATAGATAGCGTTGTTAATAGCCTAGAAGTTGTTTGAATGTCTTGTTC
chrXI	407417	10150	AGTTAGGTCCCAGTTCCATATATAATTTGCCAATGAGACCGGATCTTATGTTTTCTAGATGTATGTTGTTTATTGCCAAGCCATTTTGCACCAATTGTTGGATAGATAGCGTTGTTAATAGCCTAGAAGTTGTTTGAATGTCTTGTTCACG
chrXI	407418	2640	GTTAGGTCCCAGTTCCATATATAATTTGCCAATGAGACCGGATCTTATGTTTTCTAGATGTATGTTGTTTATTGCCAAGCCATTTTGCACCAATTGTTGGATAGATAGCGTTGTTAATAGCCTAGAAGTTGTTTGAATGTCTTGTTCACGT
chrXI	407418	10150	GTTAGGTCCCAGTTCCATATATAATTTGCCAATGAGACCGGATCTTATGTTTTCTAGATGTATGTTGTTTATTGCCAAGCCATTTTGCACCAATTGTTGGATAGATAGCGTTGTTAATAGCCTAGAAGTTGTTTGAATGTCTTGTTCACGT
chrXI	407418	7530	GTTAGGTCCCAGTTCCATATATAATTTGCCAATGAGACCGGATCTTATGTTTTCTAGATGTATGTTGTTTATTGCCAAGCCATTTTGCACCAATTGTTGGATAGATAGCGTTGTTAATAGCCTAGAAGTTGTTTGAATGTCTTGTTCACGT
chrXI	407424	70	TCCCAGTTCCATATATAATTTGCCAATGAGACCGGATCTTATGTTTTCTAGATGTATGTTGTTTATTGCCAAGCCATTTTGCACCAATTGTTGGATAGATAGCGTTGTTAATAGCCTAGAAGTTGTTTGAATGTCTTGTTCACGTTCATG
chrXI	407424	1410	TCCCAGTTCCATATATAATTTGCCAATGAGACCGGATCTTATGTTTTCTAGATGTATGTTGTTTATTGCCAAGCCATTTTGCACCAATTGTTGGATAGATAGCGTTGTTAATAGCCTAGAAGTTGTTTGAATGTCTTGTTCACGTTCATGC
chrXI	407426	2640	CCAGTTCCATATCTAATTTGCCAATGAGACCGGATCTTATGTTTTCTAGATGTATGTTGTTTATTGCCAAGCCATTTTGCACCAATTGTTGGATAGATAGCGTTGTTAATAGCCTAGAAGTTGTTTGAATGTCTTGTTCACGTTCATGCTT
chrXI	407426	70	CCAGTTCCATATATAATTTGCCAATGAGACCGGATCTTATGTTTTCTAGATGTATGTTGTTTATTGCCAAGCCATTTTGCACCAATTGTTGGATAGATAGCGTTGTTAATAGCCTAGAAGTTGTTTGAATGTCTTGTTCACGTTCATGCTT
chrXI	407429	7530	GTTCCATATATAATTTGCCAATGAGACCGGATCTTATGTTTTCTAGATGTATGTTGTTTATTGCCAAGCCATTTTGCACCAATTGTTGGATAGATAGCGTTGTTAATAGCCTAGAAGTTGTTTGAATGTCTTGTTCACGTTCATGCTTGAT
chrXI	407429	1410	GTTCCATATATAATTTGCCAATGAGACCGGATCTTATGTTTTCTAGATGTATGTTGTTTATTGCCAAGCCATTTTGCACCAATTGTTGGATAGATAGCGTTGTTAATAGCCTAGAAGTTGTTTGAATGTCTTGTTCACGTTCATGCTTGAT
chrXI	407429	7530	GTTCCATATATAATTTGCCAATGAGACCGGATCTTATGTTTTCTAGATGTATGTTGTTTATTGCCAAGCCATTTTGCACCAATTGTTGGATAGATAGCGTTGTTAATAGCCTAGAAGTTGTTTGAATGTCTTGTTCACGTTCATGCTTGAT
chrXI	407429	2640	GTTCCATATATAATTTGCCAATGAGACCGGATCTTATGTTTTCTAGATGTATGTTGTTTATTGCCAATACATTTTGCACCAATTGTTGGATAGATATAGATGTTAATAGCCTAGAAGTTTTTTGAATGTCTTGTTCACGTTCATGCTAGAT
chrXI	407429	7530	GTTCCATATATAATTTGCCAATGAGACCGGATCTTATGTTTTCTAGATGTATGTTGTTTATTGCCAAGCCATTTTGCACCAATTGTTGGATAGATAGCGTTGTTAATAGCCTAGAAGTTGTTTGAATGTCTTGTTCACGTTCATGCTTGAT
chrXI	407429	7530	GTTCCATATATAATTTGCCAATGAGACCGGATCTTATGTTTTCTAGATGTATGTTGTTTATTGCCAAGCCATTTTGCACCAATTGTTGGATAGATAGCGTTGTTAATAGCCTAGAAGTTGTTTGAATGTCTTGTTCACGTTCATGCTTGAT
chrXI	407429	10150	GTTCCATATATAATTTGCCAATGAGACCGGATCTTATGTTTTCTAGATGTATGTTGTTTATTGCCAAGCCATTTTGCACCAATTGTTGGATAGATAGCGTTGTTAATAGCCTAGAAGTTGTTTGAATGTCTTGTTCACGTTCATGCTTGAT
chrXI	407429	5150	GTTCCATATATAATTTGCCAATGAGACCGGATCTTATGTTTTCTAGATGTATGTTGTTTATTGCCAAGCCATTTTGCACCAATTGTTTGATAGATAGCGTTGTTAATAGCCTAGAAGTTGTTTGAATGTCTTGTTCACGTTCATGCTTGAT
chrXI	407430	2640	TTCCATATATAATTTGCCAATGAGACCGGATCTTATGTTTTCTAGATGTATGTTGTTTATTGCCAAGCCATTTTGCACCAATTGTTGGATAGATAGCGTTGTTAATAGCCTAGAAGTTGTTTGAATGTCTTGTTCACGTTCATGCTTGATG
chrXI	407430	2640	TTCCATATATAATTTGCCAATGAGACCGGATCTTATGTTTTCTAGATGTATGTTGTTTATTGCCAAGCCATTTTGCACCAATTGTTGGAGAGATAGCGTTGTTAATAGCCTAGAAGTTGTTTCAATGTCTTGTTCACGTTCATGCTTGATG
chrXI	407430	1410	TTCCATATATAATTTGCCAATGAGACCGGATCTTATGTTTTCTAGATGTATGTTGTTTATTGCCAAGCCATTTTGCACCAATTGTTGGATAGATAGCGTTGTTAATAGCCTAGAAGTTGTTTGAATGTCTTGTTCACGTTCATGCTTGATG
chrXI	407431	7530	TCCATATATAATTTGCCCATGAGACCGGATCTTATGTTTTCTAGATGTATTTTGTTTATTGCCAAGCCATTTTGCACCAATTGTTGGATAGATAGCGTTGTTAATAGCCTAGAAGTTGTTTGAATGTCTTGTTCACGTTCATGCTTGATGC
chrXI	407431	2640	TCCATATATAATTTGCCAATGAGACCGGATCTTATGTTTTCTAGATGTATGTTGTTTATTGCCAAGCCATTTTGCACCAATTGTTGGATAGATAGCGTTGTTAATAGCCTAGAAGTTGTTTGAATGTCTTGTTCACGTTCATGCTTGATG
chrXI	407431	7530	TCCATATATAATTTGCCAATGAGACCGGATCTTATGTTTTCTAGATGTATGTTGTTTAATGCCAAGCGATTTAGCACCATTTGTTGGATAGATAGCGGTGTTAAAAGCCTAGAAGTTTTTTGAATGTCTTGTTCACGTTCATGGTTGATT
chrXI	407431	1410	TCCATATATAATTTGCCAATGAGACCGGATCTTATGTTTTCTAGATGTATGTTGTTTATTGCCAAGCCATTTTGCACCAATTGTTGGATAGATAGCGTTGTTAATAGCCTAGAAGTTGTTTGAATGTCTTGTTCACGTTCATGCTTGATGC
chrXI	407431	10150	TCCATATATAATTTGCCAATGAGACCGGATCTTATGTTTTCTAGATGTATGTTGTTTATTGCCAAGCCATTTTGCACCAATTGTTGGATAGATAGCGTTGTTAATAGCCTAGAAGTTGTTTGAATGTCTTGTTCACGTTCATGCTTGATGC
chrXI	407432	2640	CCATATATAATTTGCCAATGAGACCGGATCTTATGTTTTCTAGATGTATGTTGTTTATTGACAAGCCATTTTGCACCAATTGTTGGATAGATAGCGTTGTTAATAGCCTAGAAGTTGTTTGAATGTCTTGTTCACGTTCATGCTTGATGCT
chrXI	407432	2640	CCATATATAATTTGCCAATGAGACCGGATCTTATGTTTTCTAGATGTATGTTGTTTATTGCCAAGCCATTTTGCACCAATTGTTGGATAGATAGCGTTGTTAATAGCCTAGAAGTTGTTTGAATGTCTTGTTCACGTTCATGCTTGATG
chrXI	407432	10150	CCATATATAATTTGCCAATGAGACCGGATCTTATGTTTTCTAGATGTATGTTGTTTATTGCCAAGCCATTTTGCACCAATTGTTGGATAGATAGCGTTGTTAATAGCCTAGAAGTTGTTTGAATGTCTTGTTCACGTTCATGCTTGATGC
chrXI	407432	10150	CCATATATAATTTTCCAATGAGACCGGATCTTATGTTTTCTAGATGTATGTTGTTTATTGCCAAGCCATTTTGCACCAATTGTTGGATAGATAGCGTTGTTAATAGCCTAGAAGTTGTTTGAATGTCTTGTTCACGTTCATGCTTGATGC
chrXI	407432	7530	CCATATATTATTTGCCCAGGAGATCGGATCTTAAGTTTTCTTGATGTATGTTGTATCTTGCCAAGCCATTTTGCACCATTTGTTGGATAGATAGCGTTGTTAATAGCCTAGAAGTTGATTGAACGTCTTCTTCACGATCATGATTGATGCA
chrXI	407433	70	CATATATAATTTGCCAATGAGACCGGATCTTATGTTTTCTAGATGTATGTTGTTTATTGCCAAGCCATTTTGCACCAATTGTTGGATAGATAGCGTTGTTAATAGCCTAGAAGTTGTTTGAATGTCTTGTTCACGTTCATGCTTGATG
chrXI	407434	7530	ATATATAATTTGCCAATGAGACCGGATCTTATGTTTTCTAGATGTATGTGGTTTATTGCCAAGCCATTTTGCACCAATTGTTGGATAGATAGCGTTGGTAATAGCCTAGAAGTTGTTTGAATGTCTTGTTCACGTTCATGCTTGATGCTTG
chrXI	407434	70	ATATATAATTTGCCAATGAGACCGGATCTTATGTTTACTAGATGTATGAAGTTTATTGCCAAGGCCTTTTGCACCTATAGTTGGATAGATAGCGTTGTTAATACCCTCGAACATGTTAGAATGTCTTGTTCACCGTCATGCTTGATGCTTG
chrXI	407434	70	ATATATAATTTGCCAATGAGACCGGATCTTATGTTTTCTAGATGTATGTTGTTTATTGCCAAGCCATTTTGCACCAATTGTTGGATAGATAGCGTTGTTAATAGCCTAGAAGTGGTTTGAATGTCTTGTTCACGTTCATGCTTGATGCTTG
chrXI	407434	5150	ATATATAATTTGCCAATGAGACCGGATCTTATGTTTTCTAGATGTATGTTGTTTATTGCCAAGCCATTTTGCACCAATTGTTGGATAGATAGCGTTGTTAATAGCCTAGAAGTTGTTTGAATGTCTTGTTCACGTTCATGCTTGATGCTTG
chrXI	407434	70	ATATATAATTTGCCAATGAGACCGGATCTTATGTTTTCTAGATGTATGTTGTTTATTGCCAAGCCATTTTGCACCCAGTGTTGGATAGATAGCGTTGTTAATAGCCTAGAAGTTGTTTGAATGTCTTGTTCACGTTCATGCTTGATGCTTG
chrXI	407434	70	ATATATAATTTGCAAATGAGACCGGATCTCATGTTTTCTAGATGTATGTTGTTTATTGCCAAGCCATTTTGCACCAATTGTTGGATAGATAGCGTTGTTAATAGCCTAGAAGTTGTTTGAATGTCTTGTTCACGTTCATGCTTGATGCTTG
chrXI	407434	2640	ATATATAATTTGCCAATGAGACCGGATCTTATGTTTTCTAGATGTATGTTGTTTATTGCCAAGCCATTTTGCACCAATTGTTGGATAGATAGCGTTGTTAATAGCCTAGAAGTTGTTTGAATGTCTTGTTCACGTTCATGCTTGATGCTTG
chrXI	407434	70	ATATATAATTTGCCAATGAGACCGGATCTTATGTTTTCTAGATGTATGTTGTTTATTGCCAAGCCATTTTGCACCAATTGTTGGATAGATAGCGTTGTTAATAGCCTAGAAGTTGTTTGAATGTCTTGTTCACGTTCATGCTTGATGCTTG
chrXI	407436	10150	ATATAATTTGCCAATGAGACCGGATCTTATGTTTTCTAGATGTATGTTGTTTATTGCCAAGCCATTTTGCACCAATTGTTGGATAGATAGCGTTGTTAATAGCCTAGAAGTTGTTTGAATGTCTTGTTCACGTTCATGCTTGATGCTTGAT
chrXI	407436	1410	ATATAATTTGCCAATGAGACCGGATCTTATGTTTTCTAGATGTATGTTGTTTATTGCCAAGCCATTTTGCACCAATTGTTGGATAGATAGCGTTGTTAATAGCCTAGAAGTTGTTTGAATGTCTTGTTCACGTTCATGCTTGATGCTTGAT
chrXI	407442	2640	TCTGCCTATGAGACCGGATCTTAGGATTTCTAGATGTCTGGTGTTTATTGCCAAGCCATTTTGCACCTATTGTTGGATAGTTAGCGTTGTTAATAGCCTAGAAGTTGTTTGAAGGACTTGTTCACGTTCATGCTTGATGCTTGATAAAAAC
chrXI	407442	1410	TTTGCCAATGAGACCGGATCTTATGTTTTCTAGATGGATGTTGTTTATTGCCAAGCCATTTTGCACCAATTGTTGGATAGATAGCGTTGTTAATAGCCTAGAAGTTGTTTGAATGTCTTGTTCACGTTCATGCTTGATGCTTAATAAAAAC
chrXI	407443	70	TTGCCAATGAGACCGGATCTTATGTTTTCTAGATGTATGTTGTTTATTGCCAAGCCATTTTGCACCAATTGTTGGATAGATAGCGTTGTTAATAGCCTAGAAGTTGTTTGAATGTCTTGTTCACGTTCATGCTTGATGCTTGATAAAAA
chrXI	407444	2640	(CCTAGTTAGGTCGGAGGTTGATTTCTTATG)TGCCAATGAGACCGGAGCTTATGGATGCTAGTTGTAAGTTGATTATTGCCAAGCCATTTTGCCCCAATTGTTGGATAGATAGCGGTGTTAATAGCCTAGAAGTTCATTGAATGTCTTCTTC
chrXI	407445	2640	GCCAATGAGACCGGATCTTATGTTTTCTAGATGTATGTTGTTTATTGCCAAGCCATTTTGCACCAATTGTTGGATAGATAGCGTTGTTAATAGCCTAGAAGTTGTTTCAATGTCTTGTTCACGTTCATGCTTGATGCTTGATAAAAACTTA
chrXI	407445	5150	GCCAATGAGACCGGATCTTATGTTTTCTAGATGTATGTTGTTTATTGCCAAGCCATTTTGCACCAATTGTTGGATAGATAGCGTTGTTAATAGCCTAGAAGTTGTTTGAATGTCTTGTTCACGTTCATGCTTGATGCTTGATAAAAACTT
chrXI	407447	1410	CAATGAGACCGGATCTTATGTTTTCTAGATGTATGTTGTTTATTGCCAAGCCATTTTGCACCAATTGTTGGATAGATAGCGTTGTTAATAGCCTAGAAGTTGTTTGAATGTCTTGTTCACGTTCATGCTTGATGCTTGATAAAAACTTAGA
chrXI	407447	2640	CAATGAGACCGGATCTTATGTTTTCTAGATGTATGTTGTTTATTGCCAAGCCATTTTGCACCAATTGTTGGATAGATAGCGTTGTTAATAGCCTAGAAGTTGTTTGAATGTCTTGTTCACGTTCATGCTTGATGCTTGATAAAAACTTAGA
chrXI	407447	1410	CAATGAGACCGGATCTTATGTTTTCTAGATGTATGTTGTTTATTGCCAAGCCATTTTGCACCAATTGTTGGATAGATAGCGTTGTTAATAGCCTAGAAGTTGTTTGAATGTCTTGTTCACGTTCATGCTTGATGCTTGATAAAAACTT
chrXI	407450	1410	TGAGACCGGATCTTATGTTTTCTAGATGTATGTTGTTTATTGCCAAGCCATTTTGCACCAATTGTTGGATAGATAGCGTTGTTAATAGCCTAGAAGTTGTTTCAATGTCTTGTTCACGTTCATGCTTGATGCTTGATAAAAACTTAGAAG
chrXI	407450	1410	TGAGACCGGATCTTATGTTTTCTAGATGTATGTTGTTTATTGCCAAGCCATTTTGCACCAATTGTTGGATAGATAGCGTTGTTAATAGCCTAGAAGTTGTTTCAATGTCTTGTTCACGTTCATGCTTGATGCTTGATAAAAACTTAGAAG
chrXI	407453	10150	GACCGGATCTTATGTTTTCTAGATGTATGTTGTTTATTGCCAAGCCATTTTGCACCAATTGTTGGATAGATAGCGTTGTTAATAGCCTAGAAGTTGTTTGAATGTCTTGTTCACGTTCATGCTTGATGCTTGATAAAAACTTAGAAGCCA
chrXI	407453	70	GACCGGATCTTATGGTTTCTAGATGTATGTTGTTTATTGCCAAGCCATTTTGCACCAATTGTTGGATAGATAGCGTTGTTAATAGCCTAGAAGTTGTTTGAATCTCTTGTTCACGTTCATGCTTGATGCTTGATAAAAACTTAGAAGCCAA
chrXI	407453	5150	GACCGGATCTTATGTTTTCTAGATGTATGTTGTTTATTGCCAAGCCATTTTGCACCAATTGTTGGATAGATAGCGTTGTTAATAGCCTAGAAGTTGTTTGAATGTCTTGTTCACGTTCATGCTTGATGCTTGATAAAAACTTAGAAGCCA
chrXI	407453	5150	GACCGGATCTTATGTTTTCTAGATGTATGTTGTTTATTGCCAAGCCATTTTGCACCAATTGTTGGATAGATAGCGTTGTTAATAGCCTAGAAGTTGTTTGAATGTCTTGTTCACGTTCATGCTTGATGCTTGATAAAAACTTAGAAGCCA
chrXI	407455	2640	CCGGATCTTATGTTTTCTAGATGTATGTTGTTTATTGCCAAGCCATTTTGCACCAATTGTTGGATAGATAGCGTTGTTAATAGCCTAGAAGTTGTTTGAATGTCTTGTTCACGTTCATGCTTGATGCTTGATAAAAACTTAGAAGCCAATT
chrXI	407455	2640	CCGGATCTTATGTTTTCTAGATGTATGTTGTTTATTGCCAAGCCATTTTGCACCAATTGTTGGATAGATAGCGTTGTTAATAGCCTAGAAGTTGTTTGAATGTCTTGTTCACGTTCATGCTTGATGCTTGATAAAAACTTAGAAGCCAATT
chrXI	407456	7530	CGGATCTTATGTTTTCTAGATGTATGTTGTTTATTGCCAAGCCATTTTGCACCAATTGTTGGATAGATAGCGTTGTTAATAGCCTAGAAGTTGTTTGAATGTCTTGTTCACGTTCATGCTTGATGCTTGATAAAAACTTAGAAGCCAATTC
chrXI	407456	10150	CGGATCTTATGTTTTCTAGATGTATGTTGTTTATTGCCAAGCCATTTTGCACCAATTGTTGGATAGATAGCGTTGTTAATAGCCTAGAAGTTGTTTGAATGTCTTGTTCACGTTCATGCTTGATGCTTGATAAAAACTTAGAAGCCAATTC
chrXI	407456	7530	CGGATCTTATGTTTTCTAGATGTATGTTGTTTATTGCCAAGCCATTTTGCACCAATTGTTGGTTAGATAGCGTTGTTAATAGCCTAGAAGTTGTTTGAATGTCTTGTTCACGTTCATGCTTGATGCTTGATAAAAACTTAGAAGCCAATTC
chrXI	407458	2640	GATCTTATGTTTTCTAGATGTATGTTGTTTATTGCCAAGCCATTTTGCACCAATTGTTGGATAGATAGCGTTGTTAATAGCCTAGAAGTTGTTTGAATGTCTTGTTCACGTTCATGCTTGATGC
chrXI	407458	10150	GATCTTATGTTTTCTAGATGTATGTTGTTTATTGCCAAGCCATTTTGCACCAATTGTTGGATAGATAGCGTTGTTAATAGCCTAGAAGTTGTTTGAATGTCTTGTTCACGTTCATGCTTGATGCTTGATAAAAACTTAGAAGCCAATTCTT
chrXI	407458	2640	GATCTTATGTTTTCTAGATGTATGTTGTTTATTGCCAAGCCATTTTGCACCAATTGTTGGATAGATAGCGTTGTTAATAGCCTAGAAGTTGTTTGAATGTCTTGTTCACGTTCATGCTTGATGC
chrXI	407458	7530	GATCTTATGTTTTCTAGATGTATGTTGTTTATTGCCAAGCCATTTTGCACCAATTGTTGGATAGATAGCGTTGTTAATAGCCTAGAAGTTGTTTGAATGTCTTGTTCACGTTCATGCTTGATGCTTGATAAAAACTTAGAAGCCAATTCTT
chrXI	407458	7530	GATCTTATGTTTTCTAGATGTATGTTGTTTATTGCCAAGCCATTTTGCACCAATTGTTGGATAGATAGCGTTGTTAATAGCCTAGAAGTTGTTTGAATGTCTTGTTCACGTTCATGCTTGATGCTTGATAAAAACTTAGAAGCCAATTCTT
chrXI	407459	70	ATCTTATGTTTTCTAGATGTATGTTGTTTATTGCCAAGCCATTTTGCACCAATTGTTGGATAGATAGCGTTGTTAATAGCCTAGAAGTTGTTTGAATGTCTTGTTCACGTTCATGCTTGATGCTTGATAAAAACTTAGAAGCCAATT
chrXI	407459	70	ATCTTATGTTTTCTAGATGTATGTTGTTTATTGCCAAGCCATTTTGCACCAATTGTTGGATAGATAGCGTTGTTAATAGCCTAGAAGTTGTTTGAATGTCTTGTTCACGTTCATGCTTGATGCTTGATAAAAACTTAGAAGCCAATTCTTT
chrXI	407459	5150	ATCTTATGTTTTCAAGATGTATGTTGTTTATTGCCAAGCCATTTTGCACCAATTGTTGGATAGATAGCGTTGTTAATAGCCTAGAAGTTGTTTGAATGTCTTGTTCACGTTCATGCTTGATGCTTGATAAAAACTTAGAAGCCAATTCTTT
chrXI	407463	2640	TATGTTTTCTAGATGTATGTTGTTTATTGCCAAGCCATTTTGCACCAATTGTTGGATAGATAGCGTTGTTAATAGCCTAGAAGTTGTTTGAATGTCTTGTTCACGTTCATGCTTGATGCTTGATAAAAACTTAGAAGCCAATTCTTTGTTC
chrXI	407468	70	TTTCTAGATGTATGTTGTTTATTGCCAAGCCATTTTGCACCAATTGTTGGATAGATAGCGTTGTTAATAGCCTAGAAGTTGTTTGAATGTCTTGTTCACGTTCATGCTTGATGCTTGATAAAAACTTAGAAGCCAATTCTTTGTTCATTTC
chrXI	407469	2640	TTCTAGATGTATGGTGTTTATTGCCAAGCCATTTTGCACCAATTGTTGGATAGATAGCGTTGTTAATAGCCTAGAAGTTGTTTGAATGTCTTGTTCACGTTCATGCTTGATGCTTGATAAAAACTTAGAAGCCAATTCTGTGTTCATTTC
chrXI	407469	2640	TTCTAGATGTATGTTGTTTATTGCCAAGCCATTTTGCACCAATTGTTGGATAGATAGCGTTGTTAATAGCCTAGAAGTTGTTTGAATGTCTTGTTCACGTTCATGCTTGATGCTTGATAAAAACTTAGAAGACAATTATTTGTTCATTTCA
chrXI	407469	5150	TTCTAGATGTATGTTGTTTATTGCCAAGCCATTTTGCACCAATTGTTGGATAGATAGCGTTGTTAATAGCCTAGAAGTTGTTTGAATGTCTTGTTCACGTTCATGCTTGATGCTTGATAAAAACTTAGAAGCCAATTCTTTGTTCATTTCC
chrXI	407469	70	TTCTAGATGTATGTTGTTTATTGCCAAGCCATTTTGCACCAATTGTTGGATAGATAGCGTTGTTAATAGCCTAGAAGTTGTTTGAATGTCTTGTTCACGTTCATGCTTGATGCTTGATAAAAACTTAGAAGCCAATTCTTTGTTCATTTC
chrXI	407469	7530	TTCTAGATGTATGTTGTTTATTGCCAAGCCATATTGCACCCATAGATCGAGAGATAGCGTTGGTAATATCCTAGAAGTTGATTGAATGTCTTGTTCACGTTCATGCTTGATGCTTGAGAAAAACTTAAAAGCCAA(ATCTATGTGGATTTC)
chrXI	407470	70	TCTAGATGTATGTTGTTTATTGCCAAGCCATTTTGCACCAATTGTTGGATAGATAGCGTTGTTAATAGCCTAGAAGTTGTTTGAATGTCTTGTTCACGTTCATGCTTGATGCTTGATAAAAACTTAGAAGCCAATTCTTTGTTCATTTCCC
chrXI	407473	5150	AGATGTATGTTGTTTATTGCCAAGCCATTTTGCACCAATTGTTGGATAGATAGCGTTGTTAATAGCCTAGAAGTTGTTTGAATGTCTTGTTCACGTTCATGCTTGATGCTTGATAAAAACTTAGAAGCCAATTCTTTGTTCATTTCCCTCT
chrXI	407474	10150	GATGTATGTTGTTTATTGCCAAGCCATTTTGCACCAATTGTTGGATAGATAGCGTTGTTAATAGCCTAGAAGTTGTTTGAATGTCTTGTTCACGTTCATGCTTGATGCTTGATAAAAACTTAGAAGCCAATTCTTTGTTCATTTCCCTC
chrXI	407474	5150	GATGTATGTTGTTTATTGCCAAGCCATTTTGCACCAATTGTTGGATAGATAGCGTTGTTAATAGCCTAGAAGTTGTTTGAATGTCTTGTTCACGTTCATGCTTGATGCTTGATAAAAACTTAGAAGCAAATTCTTTGTTCATTTCCCTCT
chrXI	407474	7530	GACGTATGTTGTTTATTGCCAAGCCATTTTGCACCAATTGTTGGATAGATAGCGTTGTTAATAGCCTAGAAGTTGTTTGAATGTCTTGTTCACGTTCATGCTTGATGCTTGATAAAAACTTAGAAGCCAATTCTTTGTTCATTTCCCTCTA
chrXI	407474	2640	GATGTATGTTGTTTATTGCCAAGCCATTTTGCACCAATTGTTGGATAGATAGCGTTGTTAATAGCCTAGAAGTTGTTTGAATGTCTTGTTCACGTTCATGCTTGATGCTTGATAAAAACTTAGAAGCCAATTCTTTGTTCATTTCCCTCT
chrXI	407474	10150	GATGTATGTTGTTTATTGCCAAGCCATTTTGCACCAATTGTTGGATAGATAGCGTTGTTAATAGCCTAGAAGTTGTTTGAATGTCTTGTTCACGTTCATGCTTGATGCTTGATAAAAACTTAGAAGCCAATTCTTTGTTCATTTCCCTCT
chrXI	407474	10150	GATGTATGTTGTTTATTGCCAAGCCATTTTGCACCAATTGTTGGATAGATAGCGTTGTTAATAGCCTAGAAGTTGTTTGAATGTCTTGTTCACGTTCATGCTTGATGCTTGATAAAAACTTAGAAGCCAATTCTTTGTTCATTTCCCTC
chrXI	407474	70	GAGGTATGTTGTTTATTGCCAAGCCATTTTGCACCAATTGTTGGATAGATAGCGTTGTTAATAGCCTAGAAGTTGTTTGAATGTCTTGTTCACGTTCATGCTTGATGCTTGATAAAAACTTAGAAGCCAATTCTTTGTTCATTTCCCTCT
chrXI	407474	70	GATGTATGTTGTTTATTGCCAAGCCATTTTGCACCAATTGTTGGATAGATAGCGTTGTTAATAGCCTAGAAGTTGTTTGAATGTCTTGTTCACGTTCATGCTTGATGCTTGATAAAAACTTAGAAGCCAATTCTTTGTTCATTTCCCTCTA
chrXI	407475	5150	ATGTATGTTGTTTATTGCCAAGCCATTTTGCACAAATTGTTGGATAGATAGCGTTGTTAATAGCCTAGAAGTTGTTTGAATGTCTTGTTCACGTTCATGCTTGATGCTTGATAAAAACTTAGAAGCCAATTCTTTGTTCATTTCCCTCTAC
chrXI	407475	2640	ATGTATGTTGTTTATTGCCAAGCCATTTTGCACCAATTGTTGGATAGATAGCGTTGTTAATAGCCTAGAAGTTGTTTGAATGTCTTGTTCACGTTCATGCTTGATGCTTGATAAAAACTTAGAAGCCAATTCTTTGTTCATTTCCCTCTA
chrXI	407476	7530	TGTATGTTGTTTATTGCCAAGCCATTTTGCACCAATTGTTGGATAGATAGCGTTGTTAATAGCCTAGAAGTTGTTTGAATGTCTTGTTCACGTTCATGCTTGATGCTTGATAAAAACTTAGAAGCCAATTCTTTGTTCATTTCCCTCTA
chrXI	407476	2640	TGTATGTTGTTTATTGCCAAGCCATTTTGCACCAATTGTTGGATAGATAGCGTTGTTAATAGCCTAGAAGTTGTTTGAATGTCTTGTTCACGTTCATGCTTGATG
chrXI	407476	2640	TGTATGTTGTTTATTGCCAAGCCATTTTGCACCAATTGTTGGATAGATAGCGTTGTTAATAGCCTAGAAGTTGTTTGAATGTCTTGTTCACGTTCATGCTTGATG
chrXI	407476	10150	TGTATGTTGTTTATTGCCAAGCCATTTTGCACCAATTGTTGGATAGATAGCGTTGTTAATAGCCTAGAAGTTGTTTGAATGTCTTGTTCACGTTCATGCTTGATGCTTGATAAAAACTTAGAAGCCAATTCTTTGTTCATTTCCCTCTACT
chrXI	407477	10150	GTATGTTGTTTATTGCCAAGCCATTTTGCACCAATTGTTGGATAGATAGCGTTGTTAATAGCCTAGAAGTTGTTTGAATGTCTTGTTCACGTTCATGCTTGATGCTTGATAAAAACTTAGAAGCCAATTCTTTGTTCATTTCCCTCTACTC
chrXI	407478	2640	TATGTTGTTTATTGCCAAGCCATTTTGCACCTATTGTTGGATAGATAGCGTTGTGAATAGCCTAGAAGTTGTTTGAATGTCTTGTTCACGTTCATGCTTGATGCTTGATAAAAACTTAGAAGCCAATTCTTTGTTCATTTCCCTCTACTC
chrXI	407478	2640	TATGTTGTTTATTGCCAAGCCATTTTGCACCAATTGTTGGATAGATAGCGTTGTTAATAGCCTAGAAGTTGTTTGAATGTCTTGTTCACGTTCATGCTTGATGCTTGATAAAAACTTAGAAGCCAATTCTTTGTTCATTTCCCTCTACTC
chrXI	407478	2640	(TCTTGAGT)TATGTTGTTTAGTGCCACGCCATGTTGCACCTATTGTTGGATCGATAGCGTTGAGAAGAGCCAAGACGTTGTGTCTATGTCGTGTTCACGTTCATGCTGGATGGGTGATAAAAACT(AAGACGACACGTCTTTGTTCATTCCC)
chrXI	407479	70	ATGTTGTTTATTGCCAAGCCATTTTGCACCAATTGTTGGATAGATAGCGTTGTTAATAGCCTAGAAGTTGTTTGAATGTCTTGTTCACGTTCATGCTGGATGCTTGATAAAAACTTAGAAGCCAAGTCTTTGTTCATTTCCCTCTCCTCTT
chrXI	407479	7530	ATGTTGTTTATTGCCAAGCCATTTTGCACCAATTGTTGGATAGATAGCGTTGTTAATAGCCTAGAAGTTGTTTGAATGTCTTGTTCACGTTCATGCTTGATGCTTGATAAAAACTTAGAAGCCAATTCTTTGTTCATTTCCCTCTACTCTT
chrXI	407479	70	ATGTTGTTTATTGCCAAGCCATTTTGCACCAATTGTTGGATAGATAGCGTTGTTAATAGCCTAGAAGTTGTTTGAATGTCTTGTTCACGTTCATGCTTGATGCTTGATAAAAACTTAGAAGCCAATTCTTTGTTCATTTCCCTCTACTCTT
chrXI	407479	70	ATGTTGTTTATTGCCAAGCCATTTTGCACCAATTGTTGGATAGATAGCGTTGTTAATAGCCTAGAAGTTGTTTGAATGTCTTGTTCACGTTCATGCTTGATGCTTGATAAAAACTTAGAAGCCAATTCTTTGTTCATTTCGCTCTACTCTT
chrXI	407479	7530	ATGTTGTTTATTGCCAAGCCATTTTGCACCAATTGGTGGATAGATAGCGTTGTTAATAGCCTAGAAGTTGTTTGAATGTCTTGTTCACGTTCATGCTTGATGCTTGATCAAAACTTAGAAGCCAATTCTTTGTTCATTTCCCTCTCCTCTT
chrXI	407479	10150	ATGTTGTTTATTGCCAAGCCATTTTGCACCAATTGTTGGATAGATAGCGTTGTTAATAGCCTAGAAGTTGTTTGAATGTCTTGTTCACGTTCATGCTTGATGCTTGATAAAAACTTAGA
chrXI	407479	10150	ATGTTNTTTATTGCCAAGCCATTTTGCACCAATTGTTGGATAGATAGCGTTGTTAATAGCCTAGAAGTTGTTTGAATGTCTTGTTCACGTTCATGCTTGATGCTTGATAAAAACTTAGA
chrXI	407479	7530	ATGTTGTTTATTGCCAAGCCATTTTGCACCAATTGTTGGATAGATAGCGTTGTTAATAGCCTAGAAGTTGTTTGAATGTCTTGTTCACGTTCATGCTTGATGCTTGATAAAAACTTAGAAGCCAATTCTTTGTTCATTTCCCTCTACTCTT
chrXI	407480	7530	TGTTGTTTTTTGCCAAGCCATTGTGAACCATTTTTTTGATAGATAGCGTTGTTAATAGCCGAGAAGTTGTTTGACTGTCTTGTTCACGTTCATGCTTGATGCTTGATAAAAACTTAGACGCCAATTCTTTGTTCATGTCCCTCTACTCTTT
chrXI	407481	5150	GTTGTTTATTGCCAAGCCATTTTGCACCAATTGTTGGATAGATAGCGTTGTTAATAGCCTAGAAGTTGTTTGAATGTCTTGTTCACGTTCATGCTTGATGCTTGATAAAAACTTAGAAGCCAATTCTTTGTTCATTTCCCTCTACTCTTT
chrXI	407481	2640	GTTGTTTATTGCCAAGCCATTTTGCACCAATTGTTGGATAGATAGCGTTGTTAATAGCCTAGAAGTTGTTTGAATGTCTTGTTCACGTTCATGCTTGATGCTTGATAAAAACTTAGAAGCCAATTCTTTGTTCATTTCCCTCTACTCTTTT
chrXI	407484	70	GTTTATTGCCAAGCCATTTTGCACCAATTGTTGGATAGATAGCGTTGTTAATAGCCTAGAAGTTGTTTGAATGTCTTGTTCACGTTCATGCTTGATGCTTGATAAAAACTTAGAAGCCAATTCTTTGTTCATTTCCCTCTACTCTTTTTT
chrXI	407484	2640	GTTTATTGCCAAGCCATTTTGCACCAATTGTTGGATAGATAGCGTTGTTAATAGCCTAGAAGTTGTTTCAATGTCTTGTTCACGTTCATGCTTGATGCTTGATAAAAACTTAGAAGCCAATTCTTTGTTCATTTCCCTCTACTCTTTTTT
chrXI	407484	1410	GTTTATTGCCAAGCCATTTTGCACCAATTGTTGGATAGATAGCGTTGTTAATAGCCTAGAAGTTGTTTGAATGTCTTGTTCACGTTCATGCTTGATGCTTGATAAAAACTTAGAAGCCAATTCTTTGTTCATTTCCCTCTACTCTTTTTTC
chrXI	407484	10150	GTTTATTGCCAAGCCATTTTGCACCAATTGTTGGATAGATAGCGTTGTTAATAGCCTAGAAGTTGTTTGAATGTCTTGTTCACGTTCATGCTTGATGCTTGATAAAAACTTAGAAGCCAATTCTTTGTTCATTTCCCTCTACTCTTTTTTC
chrXI	407484	5150	GTTTATTGCCAAGCCATTTTGCACCAATTGTTGGATAGATAGCGTTGTTAATAGCCTAGAAGTTGTTTGAATGTCTTGTTCACGTTCATGCTTGATGCTTGATAAAAACTTAGAAGCCAATTCTTTGTTCATTTCCCTCTACTCTTTTTTC
chrXI	407484	2640	GTTTATTGCCAAGCCATTTTGCACCAATTGTTGGATAGATAGCGTTGTTAATAGCCTAGAAGTTGTTTGAATGTCTTGTTCACGTTCATGCTTGATGCTTGATAAAAACTTAGAAGCCAATTCTTTGTTCATTTCCCTCTACTCTTTTTT
chrXI	407484	10150	GTTTATTGCCAAGCCATTTTGCACCAATTGTTGGATAGATAGCGTTGTTAATAGCCTAGAAGTTGTTTGAATGTCTTGTTCACGTTCATGCTTGATGCTTGATAAAAACTTAGAAGCCAATTCTTTGTTCATTTCCCTCTACTCTTT
chrXI	407484	10150	GTTTATTGCCAAGCCATTTTGCACCAATTGTTGGATAGATAGCGTTGTTAATAGCCTAGAAGTTGTTTGAATGTCTTGTTCACGTTCATGCTTGATGCTTGATAAAAACTTAGAAGCCAATTCTTTGTTCATTTCCCTCTACTCTTT
chrXI	407484	1410	GTTTATTGCCAAGCCATTTTGCACCAATTGTTGGATAGATAGCGTTGTTAATAGCCTAGAAGTTGTTTGAATGTCTTGTTCACGTTCATGCTTGATGCTTGATAAAAACTTAGAAGCCAATTCTTTGTTCATTTCCCTCTACTCTTTTTTC
chrXI	407484	7530	GTTTATTGCCAAGCCCTTTTGCACCAATTGTTGGATAGATAGCGTTGTTAATAGCCTAGAAGGTGTTTGAATGTCTTGTTCACGTTCATGCTTGATGCTTGATAAAAACTTAGAAGCCAATTCTTTGTTCATTTCCCTCTACTCTTTTTT
chrXI	407484	1410	GTTTATTGCCAAGCCATTTTGCACCAATTGTTGGATAGATAGCGTTGTTAATAGCCTAGAAGTTGTTTGAATGTCTTGTTCACGTTCATGCTTGATGCTTGATAAAAACTTAGAAGCCAATTCTTTGTTCATTTCCCTCTACTCTTTTTTC
chrXI	407484	10150	GTTTATTGCCAAGCCATTTTGCACCAATTGTTGGATAGATAGCGTTGTTAATAGCCTAGAAGTTGTTTGAATGTCTTGTTCACGTTCATGCTTGATGCTTGATAAAAACTTAGAAGCCAATTCTTTGTTCATTTCCCTCTACTCTTTTTTC
chrXI	407486	10150	TTATTGCCAAGCCATTTTGCACCAATTGTTGGATAGATAGCGTTGTTAATAGCCTAGAAGTTGTTTGAATGTCTTGTTCACGTTCATGCTTGATGCTTGATAAAAACTTAGAAGCCAATTCTTTGTTCATTTCCCTCTACTCTTTTTTCT
chrXI	407489	2640	TTGCCAAGCCATTTTGCACCAATTGTTGGATAGATAGCGTTGTTAATAGCCTAGAAGTTGTTTGAATGTCTTGTTCACGTTCATGCTTGATGCTTGATAAAAACTTAGAAGCCAATTCTTTGTTCATTTCCCTCTACTCTTTTTTCTATAT
chrXI	407489	2640	TTGCCAAGCCATTTTGCACCAATTGTTGGATAGATAGCGTTGTTAATAGCCTAGAAGTTGTTTGAATGTCTTGTTCACGTTCATGCTTGATGCTTGATAAAAACTTAGAAGCCAATTCTTTGTTCATTTCCCTCTACTCTTTTTTCTATCT
chrXI	407489	2640	TTGCCAAGCCATTTTGCACCAATTGTTGGATAGATAGCGTTGTTAATAGCCTAGAAGTTGTTTGAATGTCTTGGTCACGTTCATGCTTGATGCTTGATAAAAACTTAGAAGCCAATTCTTTGTTCATTTCCCTCTACTCTTTTTTCTATAT
chrXI	407489	70	TTGCCAAGCCATTTTGCACCAATTGTTGGATAGATAGCGTTGTTAATAGCCTAGAAGTTGTTTGAATGTCTTGTTCACGTTCATGCTTGATGCTTGATAAAAACTTAGAAGCCAATTCTTTGTTCATTTCCCTCTACTCTTTTTTCTATAT
chrXI	407490	5150	TGCCAAGCCATTTTGCACCAATTGTTGGATATATAGCGTTGTTAATAGACTATAAGTTGTTTGAATGTCTTGTTCAAGTTCATGCTTGATGCTTTATAAAAACTTAGAAGCCAATTCTTTGTTCATTTCCCTCTACTCTTTTTTCTATAT
chrXI	407494	2640	AAGCCATTTTGCACCAATTGTTGGATAGATAGCGTTGTTAATAGCCTAGAAGTTGTTTGAATGTCTTGTTCACGTTCATGCTTGATGCTTGATAAAAACTTAGAAGCCAATTCTTTGTTCATTTCCCTCTACTCTTTTTTCTATATTTCTC
chrXI	407496	2640	GCCATTTTGCACCAATTGTTGGATAGATAGCGTTGTTAATAGCCTAGAAGTTGTTTCAATGTCTTGTTCACGTTCATGCTTGATGCTTGATAAAAACTTAGAAGCCAATTCTTTGTTCATTTCCCTCTACTCTTTTTTCTATATTTCTCAA
chrXI	407497	70	CCATTTTGCACCAATTGTTGGATAGATAGCGTTGTTAATAGCCTAGAAGTTGTTTGAATGTCTTGTTCACGTTCATGCTTGATGCTTGATAAAAACTTAGAAGCCAATTCTTTGTTCATTTCCCTCTACTCTTTTTTCTATATTTCTCA
chrXI	407499	7530	ATTTTGCACCAATTGTTGGATAGATAGCGTTGTTAATAGCCTAGAAGTTGTTTGAATGTCTTGTTCACGTTCATGCTTGATGCTTGATAAAAACTTAGAAGCCAATTCTTTGTTCATTTCCCTCTACTCTTTTTTCTATATTTCTCAAGAG
chrXI	407499	5150	ATTTTGCACCAATTGTTGGATAGATAGCGTTGTTAATAGCCTAGAAGTTGTTTGAATGTCTTGTTCACGTTCATGCTTGATGCTTGATAAAAACTTAGAAGCCAATTCTTTGTTCATTTCCCTCTACTCTTTTTTCTATATTTCTCAAG
chrXI	407499	5150	ATTTTGCACCAATTGTTGGATAGATAGCGTTGTTAATAGCCTAGAAGTTGTTTGAATGTCTTGTTCACGTTCATGCTTGATGCTTGATAAAAACTTAGAAGCCAATTCTTTGTTCATTTCCCTCTACTCTTTTTTCTATATTTCTCAAGAG
chrXI	407499	2640	ATTTTGCACCAATTGTTGGATAGATAGCGTTGTTAATAGCCTAGAAGTTGTTTCAATGTCTTGTTCACGTTCATGCTTGATGCTTGATAAAAACTTAGAAGCCAATTCTTTGTTCATTTCCCTCTACTCTTTTTTCTATATTTCTCAAGAG
chrXI	407499	2640	ATTGTGCACCAATTGGTGGATAGATAGCGTTCTTAAACGCCTAGAAGTAGTTTGAATGTCTTGTTCACGTTCATGCATGATGCTTGATAAAAACTTAGAAGCCAATTCTTTGTTCATTTCCCTCTACTCTTTTTTCTATATTTCTCAAGAA
chrXI	407499	2640	ATTTTGCACCAATTGTTGGATAGATAGCGTTGTTAATAGCCTAGAAGTTGTTTGAATGTCTTGTTCACGTTCATGCTTGATGCTTGATAAAAACTTAGAAGCCAATTCTTTGTTCATTTCCCTCTACTCTTTTTTCTATATTTCTCAAGAG
chrXI	407504	2640	GCACCAATTGTTGGATAGATAGCGTTGTTAATAGCCTAGAAGTTGTTTGAATGTCTTGTTCACGTTCATGCTTGATGCTTGATAAAAACTTAGAAGCCAATTCTTTGTTCATTTCCCTCTACTCTTTTTTCTATATTTCTCAAGAGACAA
chrXI	407504	2640	GCACCAATTGTTGGATAGATAGCGTTGTTAATAGCCTAGAAGTTGTTTGAATGTCTTGTTCACGTTCATGCTTGATGCTTGATAAAAACTT
chrXI	407504	2640	GCACCAATTGTTGGATAGATAGCGTTGTTAATAGCCTAGAAGTTGTTTGAATGTCTTGTTCACGTTCATGCTTGATGCTTGATAAAAACTT
chrXI	407507	5150	CCAATTGTTGGATAGATAGCGTTGTTAATAGCCTAGAAGTTGTTTGAATGTCTTGTTCACGTTCATGCTTGAAGCTTGATAAAAACTTAGAAGCCAATTCTTTGTTCATTTCCCTCTACTCTTTTTTCTATATTTCTCAAGAGACAACTTT
chrXI	407511	2640	TTGTTGGATAGATAGCGTTGTTAATAGCCTAGAAGTTGTTTGAATGTCTTGTTCACGTTCATGCTTGATGCTTGATAAAAACTTAGAAGCCAATTCTTTGTTCATTTCCCTCTACTCTTTTTTCTATATTTCTCAAGAGACAACTTTACAT
chrXI	407511	1410	TTGTTGGATAGATAGCGTTGTTAATAGCCTAGAAGTTGTTTGAATGTCTTGTTCACGTTCATGCTTGATGCTTGATAAAAACTTAGAAGCCAATTCTTTGTTCATTTCCCTCTACTCTTTTTTCTATATTTCTCAAGAGACAACTTTACAT
chrXI	407511	7530	TTGTTGGATAGATAGCGTTGTTAATAGCCTAGAAGTTGTTTGAATGTCTTGTTCACGTTCATGCTTGATGCTTGATAAAAACTTAGAAGCCAATTCTTTGTTCATTTCCCTCTACTCTTTTTTCTATATTTCTCAAGAGACAACTTTACAT
chrXI	407511	2640	TTTTTGGATAGATAGCGTTGTTAATAGCCTAGAAGTTGTTTGAATGTCTTGTTCACGTTCATGCTTGATGCTTGATAAAAACTTAGAAGCCAATTCTTTGTTCATTTCCCTCTACTCTTTTTTCTATATTTCTCAAGAGACAACTTTACAT
chrXI	407511	2640	TTGTTGGATAGATAGCGTTGTTAATAGCCTAGAAGTTGTTTGAATGTCTTGTTCACGTTCATGCTTGATGCTTGATAAAAACTTAGAAGCCAATTCTTTGTTCATTTCCCTCTACTCTTTTTTCTATATTTCTCAAGAGACAACTTTACAT
chrXI	407511	7530	TTGTTGGATAGCTAGCGTTGTTAATAGCCTAGAAGTTGTTTGAATGTCTTGTTCACGTTCATGCTTGATGCTTGATAAAAACTTAGAAGCCAATTCTTTGTTCATTTCCCTCTACTCTTTTTTCTATATTTCTCAAGAGACAACTTTACAT
chrXI	407511	2640	TTGTTGGATAGATAGCGTTGTTAATAGCCTAGAAGTTGTTTGAATGTCTTGTTCACGTTCATGCTTGATGCTTGATAAAAACTTAGAAGCCAATTCTTTGTTCATTTCCCTCTACTCTTTTTTCTATATTTCTCAAGAGACAACTTTACAT
chrXI	407511	10150	TTGTTGGATAGATAGCGTTGTTAATAGCCTAGAAGTTGTTTGAATGTCTTGTTCACGTTCATGCTTGATGCTTGATAAAAACTTAGAAGCCAATTCTTTGTTCATTTCCCTCTACTCTTTTTTCTATATTTCTCAAGAGACAACTTTACAT
chrXI	407511	7530	TTGTTGGATAGATAGCGTTGTTAATAGCCTAGAAGTTGTTTGAATGTCTTGTTCACGTTCATGCTTGATGCTTGATAAAAACTTAGAAGCCAATTCTTTGTTCATTTCCCTCTACTCTTTTTTCTATATTTCTCAAGAGACAACTTTACAT
chrXI	407511	7530	TTGTTGGATAGATAGCGTTGTTAATAGCCTAGAAGTTGTTTGAATGTCTTGTTCACGTTCATGCTTGATGCTTGATAAAAACTTAGAAGCCAATTCTTTGTTCATTTCCCTCTACTCTTTTTTCTATATTTCTCAAGAGACAACTTTACAT
chrXI	407511	7530	TTGTTGGATAGATAGCTTTGTTAATAGCCTAGAAGTTGTTTGAATGTCTTGTTCACGTTCATGCTTGATGATTGATAAAAACTTAGAAGCCAATACTTTGTTCATTTCCCTCTACTCTTTTTTCTATATTTCACAAGAGACAACTTTACAT
chrXI	407512	10150	TGTTGGATAGATAGCGTTGTTAATAGCCTAGAAGTTGTTTGAATGTCTTGTTCACGTTCATGCTTGATGCTTGATAAAAACTTAGAAGCCAATTCTTTGTTCATTTCCCTCTACTCTTTTTTCTATATTTCTCAAGAGACAACTTTACAT
chrXI	407512	10150	TGTTGGATAGATAGCGTTGTTAATAGCCTAGAAGTTGTTTGAATGTCTTGTTCACGTTCATGCTTGATGCTTGATAAAAACTTAGAAGCCAATTCTTTGTTCATTTCCCTCTACTCTTTTTTCTATATTTCTCAAGAGACAACTTTACAT
chrXI	407512	70	TGTTGGATAGATAGCGTTGTTAATAGCCTAGAAGTTGTTTGAATGTCTTGTTCACGTTAATGCTTGATGCTTGATAAAAACTTAGAAGCCAATTCTTTGTTCATTTCCCTCTACTCTTTTTTCTATATTTCTCAAGAGACAACTTTACATC
chrXI	407512	2640	TGTTGGATAGATAGCGTTGTTAATAGCCTAGAAGTTGTTTCAATGTCTTGTTCACGTTCATGCTTGATGCTTGATAAAAACTTAGAAGCCAATTCTTTGTTCATTTCCCTCTACTCTTTTTTCTATATTTCTCAAGAGACAACTTTACATC
chrXI	407512	2640	TGTTGGATAGATAGCGTTGTTAATAGCCTAGAAGTTGTTTGAATGTCTTGTTCACGTTCATGCTTGATGCTTGATAAAAACTTAGAAGCCAATTCTTTGTTCATTTCCCTCTACTCTTTTTTCTATATTTCTCAAGAGACAACTTTACATC
chrXI	407512	2640	TGTTGGATAGATAGCGTTGTTAATAGCCTAGAAGTTGTTTGAATGTCTTGTTCTCGTTCATGCTTGATGCTTGATAAAAACTTAGAAGCCAATTCTTTGTTCATTTCCCTCTACTCTTTTTTCTATATTTCTCAAGAGACAACTTTACATC
chrXI	407512	2640	TGTTGGATAGATAGCGTTGTTAATAGCCTAGAAGTTGTTTCAATGTCTTGTTCACGTTCATGCTTGATGCTTGATAAAAACTTAGAAGCCAATTCTTTGTTCATTTCCCTCTACTCTTTTTTCTATATTTCTCAAGAGACAACTTTACATC
chrXI	407512	70	TGTTGGATAGATAGCGTTGTTAATAGCCTAGAAGTTGTTTGAATGTCTTGTTCACGTTCATGCTTGATGCTTGATAAAAACTTAGAAGCCAATTCTTTGTTCATTTCCCTCTACTCTTTTTTCTATATTTCTCAAGAGACAACTTTACATC
chrXI	407512	70	TGTTGGATAGATAGCGTTGTTAATAGCCTAGAAGTTGTTTGAATGTCTTGTTCACGTTCATGCTTGATGCTTGATAAAAACTTAGAAGCCAATTCTTTGTTCATTTCCCTCTACTCTTTTTTCTATATTTCTCAAGAGACAACTTTACATC
chrXI	407512	10150	TGTTGGATAGATAGCGTTGTTAATAGCCTAGAAGTTGTTTGAATGTCTTGTTCACGTTCATGCTTGATGCTTGATAAAAACTTAGAAGCCAATTCTTTGTTCATTTCCCTCTACTCTTTTTTCTATATTTCTCAAGAGACAACTTTACAT
chrXI	407512	5150	TGTTGGATAGATAGCGTTGTTAATAGCCTAGAAGTTGTTTGAATGTCTTGTTCACGTTCATGCTTGATGCTTGATAAAAACTTAGAAGCCAATTCTTTGATCATTTCCCTCTACTCTTTTTTCTATATTTCTCAAGAGACAACTTTACAT
chrXI	407513	1410	GTTGGATAGATAGCGTTGTTAATAGCCTAGAAGTTGTTTGAATGTCTTGTTCACGTTCATGCTTGATGCTTGATAAAAACTTAGAAGCCAATTCTTTGTTCATTTCCCTCTACTCTTTTTTCTATATTTCTCAAGAGACAACTTTACATC
chrXI	407513	10150	GTTGGATAGATATCGTTGTTAATAGCCTAGAAGTTGTTTGAATGTCTTGTTCACGTTCATGCTTGATGCTTGATAAAAACTTAGAAGCCAATTCTTTGTTCATTTCCCTCTACTCTTTTTTCTATATTTCTCAAGAGACAACTTTACATC
chrXI	407513	2640	GATGGATAGATAGCGTTGTTAATAGCCTAGAAGTTGTTTGAATGTCTTGTTCACGTTCATGCTTGATGCTTGATAAAAACTTAGAAGCCAATTCTTTGTTCATTTCCCTCTACTCTTTTTTCTATATTTCTCAAGAGACAACTTTACATCA
chrXI	407513	1410	GTTGGATAGATAGCGTTGTTAATAGCCTAGAAGTTGTTTGAATGTCTTGTTCACGTTCATGCTTGATGCTTGATAAAAACTTAGAAGCCAATTCTTTGTTCATTTCCCTCTACTCTTTTTTCTATATTTCTCAAGAGACAACTTTACATC
chrXI	407513	10150	GTTGGATAGATAGCGTTGTTAATAGCCTAGAAGTTGTTTGAATGTCTTGTTCACGTTCATGCTTGATGCTTGATAAAAACTTAGAAGCCAATTCTTTGTTCATTTCCCTCTACTCTTTTTTCTATATTTCTCAAGAGACAACTTTACATC
chrXI	407515	2640	TGGATAGATAGCGTTGTTAATAGCCTAGAAGTTGTTTGAATGTCTTGTTCACGTTCATGCTTGATGCTTGATAAAAACTTAGAAGCCAATTCTTTGTTCATTTCCCTCTACTCTTTTTTCTATATTTCTCAAGAGACAACTTTACATCAG
chrXI	407515	7530	TGGATAGATAGCGTTGTTAATAGCCTAGAAGTTGTTTGAATGTCTTGTTCACGTTCATGCTTGATGCTTGATAAAAACTTAGAAGCCAATTCTTTGTTCATTTCCCTCTACTCTTTTTTCTATATTTCTCAAGAGACAACTTTACATCAG
chrXI	407516	7530	(GTGAA)GGATAGATAGCGTAGTTAATAGCCTAGAAGTTGTTAGATTGACTTGTTCACGTTAATTCTTGATGCTTGATAAAAACTTAGAAGCCCAATGTGTGTTCATATCTCTCTCATCTTTTTTCTATATTAATCAAGAGACAACTTTACAT
chrXI	407516	5150	GGATAGATAGCGTTGTTAATAGCCTAGAAGTTGTTTGAATGTCTTGTTCACGTTCATGCTTGATGCTTGATAAAAACTTAGAAGCCAATTCTTTGTTCATTTCCCTCTACTCTTTTTTCTATATTTCTCAAGAGACAACTTTACATCAGCC
chrXI	407516	70	GGATAGTTAGCGTTGTTAATAGCCTTGAAGTTGTTTGCATGTCTTGTTCACGTTCATGCTTGATGCTTGATAAAAACTTAGTAGCCACTTCTTGGTTCATTTCCCTCTACTCTTTTTTCAATATTTCTCAAGAGACCACTTTACATCAGC
chrXI	407516	1410	GGATAGATAGCGTTGTTAATAGCCTAGAAGTTGTTTGAATGTCTTGTTCACGTTCATGCTTGATGCTTGATAAAAACTTAGAAGCCAATTCTTTGTTCATTTCCCTCTACTCTTTTTTCTATATTTCTCAAGAGACAACTTTACATCAGCC
chrXI	407517	70	GATAGATAGCGTTGTTAATAGCCTAGAAGTTGTTTGAATGTCTTGTTCACGTTCATGCTTGATGCTTGATAAAAACTTAGAAGCCAATTCTTTGTTCATTTCCCTCTACTCTTTTTTCTATATTTATCAAGAGACAACTTTACATCAGC
chrXI	407517	7530	GATAGATAGCGTTGTTAATAGCCTAGAAGTTGTTTGAATGTCTTGTTCACGTTCATGCTTGATGCTTGATAAAAACTTAGAAGCCAATTCTTTGTTCATTTCCCTCTACTCTTTTTTCTATATTTCTCAAGAGACAACTTTACATCAGCC
chrXI	407519	10150	TAGATAGCGTTGTTAATAGCCTAGAAGTTGTTTGAATGTCTTGTTCACGTTCATGCTTGATGCTTGATAAAAACTTAGAAGCCAATTCTTTGTTCATTTCCCTCTACTCTTTTTTCTATATTTCTCAAGAGACAACTTTACATCAGCCTTC
chrXI	407520	2640	AGATAGCGTTGTTAATAGCCTAGAAGTTGTTTGAATGTCTTGTTCACGTTCATGCTTGATGCTTGATAAAAACTTAGAAGCCAATTCTTTGTTCATTTCCCTCTACTCTTTTTTCTATATTTCTCAAGAGACAACTTTACATCAGCCTTCA
chrXI	407520	2640	AGATAGCGTTGTTAATAGCCTAGAAGTTGTTTCAATGTCTTGTTCACGTTCATGCTTGATGCTTGATAAAAACTTAGAAGCCAATTCTTTGTTCATTTCCCTCTACTCTTTTTTCTATATTTCTCAAGAGACAACTTTACATCAGCCTTCA
chrXI	407521	1410	GATAGCGTTGTTAATAGCCTAGAAGTTGTTTGAATGTCTTGTTCACGTTCATGCTTGATGCTTGATAAAAACTTAGAAGCCAATTCTTTGTTCATTTCCCTCTACTCTTTTTTCTATATTTCTCAAGAGACAACTTTACATCAGCCTTCAT
chrXI	407521	2640	GATAGCGTTGTTAATAGCCTAGAAGTTGTTTGAATGTCTTGTTCACGTTCATGCTTGATGCTTGATAAAAACTTAGAAGCCAATTCTTTGTTCATTTCCCTCTACTCTTTTTTCTATATTTCTAAAGAGACAACTATACATCAGCATTCAT
chrXI	407521	2640	GATAGCGTTGTTAATAGCCTAGAAGTTGTTTGAATGTCTTGTTCACGTTCATGCTTGATGCTTGATAAAAACTTAGAAGCCAATTCTTTGTTCATTTCCCTCTACTCTTTTTTCTATATTTCTCAAGAGACAACTTTACATCAGCCTTCAT
chrXI	407522	10150	ATAGCGTTGTTAATAGCCTAGAAGTTGTTTGAATGTCTTGTTCACGTTCATGCTTGATGCTTGATAAAAACTTAGAAGCCAATTCTTTGTTCATTTCCCTCTACTCTTTTTTCTATATTTCTCAAGAGACAACTTTACATCAGCCTTCAT
chrXI	407522	10150	ATAGCGTTGTTAATAGCCTAGAAGTTGTTTGAATGTCTTGTTCACGTTCATGCTTGATGCTTGATAAAAACTTAGAAGCCAATTCTTTGTTCATTTCCCTCTACTCTTTTTTCTATATTTCTCAAGAGACAACTTTACATCAGCCTTCATA
chrXI	407522	10150	ATAGCGTTGTTAATAGCCTAGAAGTTGTTTGTATGTCTTGTTCACGTTCATGCTTGATGCTTGATAAAAACTTAGAAGCCAATTCTTTGTTCATTTCCCTCTACTCTTTTTTCTATATTTCTCAAGAGACAACTTTACATCAGCCTTCATA
chrXI	407522	7530	ATAGCGTTGTTAATACCCTAGAAGTTGTTTGAATGTCTTGTTCACGTTCATGCTTGATGCTTTATAAAAACTTAGAATCCAATTCTTTGTTCATTTCCCTCTACTCTTTTTTCTATATTTCTCAAGAGACAACTTTACATCAGCCTTCATA
chrXI	407522	7530	ATAGCGTTGTTAATAGCCTAGAAGTTGTTTGAATGTATTGTTCACGTTCATGCTTGATGCTTGATAAAAACTTAGAAGCCAATTCTTTGTTCATTTCCCTCTACTCTTTTTTCGATATTTCTCAAGAGACAACTTTACATCAGCCTTCATA
chrXI	407522	7530	ATAGCGTTGTTAATAGCCTAGAAGTTGTTTGAATGTCTTGTTCACGTTCATGCTTGATGCTTGATAAAAACTTAGAAGCCAATTCTTTGTTCATTTCCCTCTACTCTTTTTTCTATATTTCTCAAGAGACAACTTTACATCAGCCTTCATA
chrXI	407522	70	ATAGCGTTGTTAATAGCCTAGAAGTTGTTTGAATGTCTTGTTCACGTTCATGCTTGATGCTTGATAAAAACTTAGAAGCCAAATCTTTGTTCATTTCCCTCTACTCTTTTTTCTATATTTCTCAAGAGACAACTTTACATCAGCCTTCATA
chrXI	407525	7530	GCGTTGTTAATAGCCTAGAAGTTGTTTGAATGTCTTGTTCACGTTCATGCTTGATGCTTGATAAAAACTTAGAAGCCAATTCTTTGTTCATTTCCCTCTACTCTTTTTTCTATATTTCTCAAGAGACAACTTTACATCAGCCTTCATATTT
chrXI	407525	10150	GCGTTGTTAATAGCCTAGAAGTTGTTTGAATGTCTTGTTCACGTTCATGCTTGATGCTTGATAAAAACTTAGAAGCCAATTCTTTGTTCATTTCCCTATACTCTTTTTTCTATATTTCTCAAGAGACAACTTTACATCAGCCTTCATATTT
chrXI	407530	5150	GTTAATAGCCTAGAAGTTGTTTGAATGTCTTGTTCACGTTCATGCTTGATGCTTGATAAAAACTTAGAAGCCAATTCTTTGTTCATTTCCCTCTACTCTTTTTTCTATATTTCTCAAGAGACAACTTTACATCAGCCTTCATATTTTTGA
chrXI	407530	2640	GTTAATAGCCTAGAAGTTGTTTGAATGTCTTGTTCACGTTCATGCGTGATGCTTGATAAAAACTTAGAAGCCAATTGTTTGTTCGTTTCCCTCTACTCTTTTTTCTATATTTCTCGGGAGACAACTT(GTCATCCGCCTGCTGATTTTTGG)
chrXI	407530	70	GTTAATAGCCTAGAAGTTGTTTGAATGTCTTGTTCACGTTCATGCTTGATGCTTGATAAAAACTTAGAAGCCAATTCTTTGTTCATTTCCCTCTACTCTTTTTTCTATATTTCTCAAGAGACAACTTTACATCAGCCTTCATATTTTTGAA
chrXI	407530	7530	GTTAATAGCCTAGAAGTTGTTTGAATGTCTTGTTCACGTTCATGCTTGATGCTTGATAAAAACTTAGAAGCCAATTCTTTGTTCATTTCCCTCTACTCTTTTTTCTATATTTCTCAAGAGACAACTTTACATCAGCCTTCATATTTTTGAA
chrXI	407530	5150	GTTAATAGCCTAGAAGTTGTTTGAATGTCTTGTTCACGTTCATGCTTGATGCTTGATAAAAACTTAGAAGCCAATTCTTTGTTCATTTCCCTCTACTCTTTTTTCTATATTTCTCAAGTGACAACTTTACATCAGCCTTCATATTTTTGA
chrXI	407530	10150	GTTAATAGCCTAGAAGTTGTTTGAATGTCTTGTTCACGTTCATGCTTGATGCTTGATAAAAACTTAGAAGCCAATTCTTTGTTCATTTCCCTCTACTCCTTTTTCTATATTTCTCAAGAGACAACTTTACATCAGCCTTCATATTTTTGA
chrXI	407530	5150	GTTAATAGCCTAGAAGTTGTTTGAATGTCTTGTTCACGTTCATGCTTGATGCTTGATAAAAACTTAGAAGCCAATTCTTTGTTCATTTCCCTCTACTCTTTTTTCTATATTTATCAAGAGACAACTTTACATCAGCCTTCATATTTTTGA
chrXI	407531	2640	TTAATAGCCTAGAAGTTGTTTGAATGTCTTGTTCACGTTCATGCTTGATGCTTGATAAAAACTTAGAAGCCAATTCTTTGTTCATTTCCCTCTACTCTTTTGTCTATATTTCTCAAGAGACAACTTTACATCAGCCTTCATATTTTTGAAA
chrXI	407532	1410	TAATAGCCTAGAAGTTGTTTGAATGTCTTGTTCACGTTCATGCTTGATGCTTGATAAAAACTTAGAAGCCAATTCTTTGTTCATTTCCCTCTACTCTTTTTTCTATATTTCTCAAGAGACAACTTTACATCAGCCTTCATATTTTTGAAAT
chrXI	407537	2640	GCCTAGAAGTTGTTTGAATGTCTTGTTCACGTTCATGCTTGATGCTTGATAAAAACTTAGAAGCCAATTCTTAGTTCATTTCCCTCTACTCTTTTATCAATATTTCTCAAGAGACAAATTTACATCAGACTTAATATTTTTGAAATATATG
chrXI	407537	10150	GCCTAGAAGTTGTTTGAATGTCTTGTTCACGTTCATGCTTGATGCTTGATAAAAACTTAGAAGCCAATTCTTTGTTCATTTCCCTCTACTCTTTTTTCTATATTTCTCAAGAGACAACTTTACATCAGCCTTCATATTTTTGAAATATATT
chrXI	407537	7530	GCCTAGAAGTTGTTTGAATGTCTTGTTCACGTTCATGCTTGATGCTTGATAAAAACTTAGAAGCCAATTCTTTGTTCATTTCCCTCTACTCTTTTTTCTATATTTCTCAAGAGACAACTTTACATCAGCCTTCATATTTTTGAAATATATG
chrXI	407537	10150	GCCTAGAAGTTGTTTGAATGTCTTGTTCACGTTCATGCTTGATGCTTGATAAAAACTTAGAAGCCAATTCTTTGTTCATTTCCCTCTACTCTTTTTTCTATATTTCTCAAGAGACAACTTTACATCAGCCTTCATATTTTTGAAATATATG
chrXI	407537	1410	GCCTAGAAGTTGTTTGAATGTCTTGTTCACGTTCATGCTTGATGCTTGATAAAAACTTAGAAGCCAATTCTTTGTTCATTTCCCTCTACTCTTTTTTCTATATTTCTCAAGAGACAACTTTACATCAGCCTTCATATTTTTGAAATATATG
chrXI	407537	70	GCCTAGAAGTTGTTTGAATGTCTTGTTCACGTTCATGCTTGATGCTTGATAAAAACTTAGAAGCCAATTCTTTGTTCATTTCCCTCTACTCTTTTTTCTATATTTCTCAAGAGACAACTTTACATCAGCCTTCATATTTTTGAAATATATG
chrXI	407537	70	GCCTAGAAGTTGTTTGAATGTCTTGTTCACGTTCATGCTTGATGCTTGATAAAAACTTAGAAGCCAATTCTTTGTTCATTTCCATCTACTCTTTTTTCTATATTTCTCAAGAGACAACTTTACATCAGCCTTCATATTTTTGAAATATATG
chrXI	407537	10150	GCCTAGAAGTTGTTTGAATGTCTTGTTCACGTTCATGCTTGATGCTTGATAAAAACTTAGAAGCCAATTCTTTGTTCATTTCCCTCTACTCTTTTTTCTATATTTCTCAAGAGACAACTTTACATCAGCCTTCATATTTTTGAAATATATG
chrXI	407537	5150	GCCTAGAAGTTGTTTGAATGTCTTGTTCACGTTCATGCTTGATGCTTGATAAAAACTTAGAAGCCAATTCTTTGTTCATTTCCCTCTACTCTTTTTTCTATATTTCTCAAGAGACAACTTTACATCAGCCTTCATATTTTTGAAATATATG
chrXI	407537	1410	GCCTAGAAGTTGTTTGAATGTCTTGTTCACGTTCATGCTTGATGCTTGATAAAAACTTAGAAGCCAATTCTTTGTTCATTTCACTCTACTCTTTTTTCTATATTTCTCAAGAGACAACTTTACATCAGCCTTCATATTTTTGAAATATATG
chrXI	407537	70	GCCTAGAAGTTGTTTGAATGTCTTGTTCACGTTCATGCTTGATGCTTGATAAAAACTTAGAAGCCAATTCTTTGTTCATTTCCCTCTCCTCTTTTTTCTATATTTCTCAAGAGACAACTTTACATCAGCCTTCATATTTTTGAAATATATG
chrXI	407537	70	GCCTAGAAGTTGTTTGAATGTCTTGTTCACGTTCATGCTTGATGCTTGATAAAAACTTAGAAGCCAATTCTTTGTTCATTTCCCTCTACTCTTTTTTCTCTATTTCTCAAGAGACAACTTTACATCAGCCTTCATATTTTTGAAATATATG
chrXI	407537	70	(TTAGAGTTGATATGT)GCCTAGATGTTGTTTGATTGTCTGGTTGACGTTCATGCGGGATGCGTGATTAAAACTTAGAAGCC(TCTTCGTTGTTGCTGTACCGCTCCTCGTTTTTCTATATTTCTAACGTGACTACTGTCCTTCAGCCTAGCTC)
chrXI	407538	70	CCTAGAAGTTGTTTGAATGTCTTGTTCACGTTCATGCTTGATGCTTGATAAAAACTTAGAAGCCAATTCTTTGTTCATTTCCCTCTACTCTTTTTTCTATATTTCACAAGAGACAACTTTACATCAGCCTTCATATTTTTGAAATATATGT
chrXI	407538	2640	GCTAGAAGTTGTTTGTCTGTCTTTTTCACTTTCATGCTTGATGCTTGATAAAAACTTATAAGCGATTTCTTTGTTCATTTCCCTCTACTCTTTTTTCTATATTTCTCTAGAGACTACTTTACATCAGCCTTCATATTTTTGAAATATAT
chrXI	407538	7530	CCTAGAAGTTGTTTGAATGTCTTGTTCACGTTCATGCTTGATGCTTGATAAAAACTTAGAAGCCAATTCTTTGTTCATTTCCCTCTACTCTTTTTTCTATATTTCTCAAGAGACAACTTTACATCAGCCTTCATATTTTTGAAATATATGT
chrXI	407538	7530	CCTAGAAGTTGTTTGAATGTCTTGTTCACGTTCATGCTTGAAGCTTGATAAAAACTTAGAAGCCAATTCTTTGTTCATTTCCCTCTACTCTTTTTTCTATATTTCTCAAGAGACCACTTTACATCAGCCTTCATAATTTTGAAATATATGT
chrXI	407540	7530	TAGAAGTTGTTTGAATGTCTTGTTCACGTTCATGCTTGATGCTTGATAAAAACTTAGAAGCCAATTCTTTGTTCATTTCCCTCTACTCTTTTTTCTATATTTCTCAAGAGACAACTTTACATCAGCCTTCATATTTTTGAAATATATGTAA
chrXI	407540	7530	TAGAAGTTGTTTGAATGTCTTGTTCACGTTCATGCTTGATGCTTGATAAAAACTTAGAAGCCAATTCTTTGTTCATTTCCCTCTACTCTTTTTTCTATATTTCTCAAGAGACAACTTTACATCAGCCTTCATATTTTTGAAATATATGTAA
chrXI	407540	2640	TAGAAGTTGTTTGAATGTCTTGTTCACGTTCATGCTTGATGCTTGATAAAAACTTAGAAGCCAATTCTTTGTTCATTTCCCTCTACTCTTTTTTCTATATTTCTCAAGAGACAACTTTACATCAGCCTTCATATTTTTGAAATATATGTAA
chrXI	407541	1410	AGAAGTTGTTTGAATGTCTTGTTCACGTTCATGCTTGATGCTTGATAAAAACTTAGAAGCCAATTCTTTGTTCATTTCCCTCTACTCTTTTTTCTATATTTCTCAAGAGACAACTTTACATCAGCCTTCACATTTTTGAAATATATGTAA
chrXI	407541	1410	AGAAGTTGTTTGAATGTCTTGTTCACGTTCATGCTTGATGCTTGATAAAAACTTAGAAGCCAATTCTTTGTTCATTTCCCTCTACTCTTTTTTCTATATTTCTCAAGAGACAACTTTACATCAGCCTTCATATTTTTGAAATATATGTAA
chrXI	407541	5150	AGAAGTTGTTTGAATGTCTTGTTCACGTTCATGCTTGATGCTTGATAAAAACTTAGAAGCCAATTCTTTGTTCATTTCCCTCTACTCTTTTTTCTATATTTCTCAAGAGACAACTTTACATCAGCCTTCATATTTTTGAAATATATGTAAC
chrXI	407541	5150	AGAAGTTGTTTGAATGTCTTGTTCACGTTCATGCTTGATGCTTGATAAAAACTTAGAAGCCAATTCTTTGTTCATTTCCCTCTACTCTTTTTTCTATATTTCTCAAGAGACAACTTTACATCAGCCTTCATATTTTTGAAATATATGTAA
chrXI	407541	10150	AGAAGTTGTTTGAATGTCTTGTTCACGTTCATGCTTGATGCTTGATAAAAACTTAGAAGCCAATTCTTTGTTCATTTCCCTCTACTCTTTTTTCTATATTTCTCAAGAGACAACTTTACATCAGCCTTCATATTTTTGAAATATATGTAA
chrXI	407542	7530	GAAGTTGTTTGAATGTCTTGTTCACGTTCATGCTTGATGCTTGATAAAAACTTAGAAGCCAATTCTTTGTTCATTTCCCTCTACTCTTTTTTCTATATTTCTCAAGAGACAACTTTACATCAGCCTTCATATTTTTGAAATATATGTAACG
chrXI	407543	70	AAGTTGTTTGAATGTCTTGTTCACGTTCATGCTTGATGCTTGATAAAAACTTAGAAGCCAATTCTTTGTTCATTTCCCTCTACTCTTTTTTCTATATTTCTCCAGAGACAACTTTACATCAGCCTTCATATTTTTGAAATATATGTAACG
chrXI	407543	7530	AAGTTGTTTGAATGTCTTGTTCACGTTCATGCTTGATGCTTGATAAAAACTTAGAAGCCAATTCTTTGTTCATTTCCCTCTACTCTTTTTTCTATATTTCTCAAGAGACAACTTTACATCAGCCTTCATATTTTTGAAATATATGTAAC
chrXI	407543	7530	AAGTTGTTTGAATGTCTTGTTCACGTTCATGCTTGATGCTTGATAAAAACTTAGAAGCCAATTCTTTGTTCATTTCCCTCTACTCTTTTTTCTATATTTCTCAAGAGACAACTTTACATCAGCCTTCATATTTTTGAAATATATGTAAC
chrXI	407543	7530	AAGTTGTTAGAATGTCTTGTTCACGTTCATGCTTGATGCTTGATAAAAACTTAGAAGCCAATTCTTTGTTCATGTCCCTCGACTCTTTTTTCTATATTTCTCAAGAGACAACTTTACATCAGCCTTCATATTTTTGAAATATATGTAACG
chrXI	407543	7530	AAGTTGTTTGAATGTCTTGTTCACGTTCATGCTTGATGCTTGATAAAAACTTAGAAGCCAATTCTTTGTTCATTGCCCTCTACTCTTTTTTCTATATTTCTCAAGAGACCACTTTACATCAGCCTTCATATTTTTGAAATATATGTAACGT
chrXI	407543	2640	AAGTTGTTTCAATGTCTTGTTCACGTTCATGCTTGATGCTTGATAAAAACTTAGAAGCCAATTCTTTGTTCATTTCCCTCTACTCTTTTTTCTATATTTCTCAAGAGACAACTTTACATCAGCCTTCATATTTTTGAAATATATGTAACGT
chrXI	407545	2640	GTTGTTTCAATGTCTTGTTCACGTTCATGCTTGATGCTTGATAAAAACTTAGAAGCCAATTCTTTGTTCATTTCCCTCTACTCTTTTTTCTATATTTCTCAAGAGACAACTTTACATCAGCCTTCATATTTTTGAAATATATGTAACGTA
chrXI	407546	5150	TTGTTTGAATGTCTTGTTCACGTTCATGCTTGATGCTTGATAAAAACTTAGAAGCCAATTCTTTGTTCATTTCCCTCTACTCTTTTTTCTATATTTCTCAAGAGACAACTTTACAT
chrXI	407546	5150	TTGTTTGAATGTCTTGTTCACGTTCATGCTTGATGCTTGATAAAAACTTAGAAGCCAATTCTTTGTTCATTTCCCTCTACTCTTTTTTCTATATTTCTCAAGAGACAACTTTACAT
chrXI	407548	10150	GTTTGAATGTCTTGTTCACGTTCATGCTTGATGCTTGATAAAAACTTAGAAGCCAATTCTTTGTTCATTTCCCTCTACTCTTTTTTCTATATTTCTCAAGAGACAACTTTACATCAGCCTTCATATTTTTGAAATATATGTAACGTACAAG
chrXI	407548	2640	GTTTGAATGTCTTGTTCACGTTCATGCTTGATGCTTGATAAAAACTTAGAAGCCAATTCTTTGTTCTTTTCCCTCTACTCTTTTTTCTATATTTCTCAAGAGACAACTTTACATCAGCCTTCATATTTTTGAAATATATGTAACGTACAAG
chrXI	407548	70	GTTTGAATGTCTTGTTCACGTTCATGCTTGATGCTTGATAAAAACTTAGTAGCCAATTCTGTGTTCATTTCCCTCTACTCTTTTTTCTTTATTTCTCAAGAGACAACTTTACATCAGCCTTCATATTTTTGAAATATATGTAACGTACAAG
chrXI	407548	2640	GTTTGAATGTCTTGTTCACGTTCATGCTTGATGCTTGATAAAAACTTAGAAGCCAATTCTTTGTTCATTTCCCTCTACTCTTTTTTCTATATTTCTCAAGAGACAACTTTACATCAGCCTTCATATTTTTGAAATATATGTAACGTACAAG
chrXI	407548	1410	GTTTGAATGTCTTGTTCACGTTCATGCTTGATGCTTGATAAAAACTTAGAAGCCAATTCTTTGTTCATTTCCCTCTACTCTTTTTTCTATATTTCTCAAGAGACAACTTTACATCAGCCTTCATATTTTTGAAATATATGTAACGTACAAG
chrXI	407550	70	TTGAATGTCTTGTTCACGTTCATGCTTGATGCTTGATAAAAACTTAGAAGCCAATTCTTTGTTCATTTCCCTCTACTCTTTTTTCTATATTTCTCAAGAGACAACTTTACATCAGCCTTCATATTTTTGAAATATATGTAACGTACAAGAT
chrXI	407551	10150	TGAATGTCTTGTTCACGTTCATGCTTGATGCTTGATAAAAACTTAGAAGCCAATTCTTTGTTCATTTCCCTCTACTCTTTTTTCTATATTTCTCAAGAGACAACTTTACATCAGCCTTCATATTTTTGAAATATATGTAACGTACAAGAT
chrXI	407552	10150	GAATGTCTTGTTCACGTTCATGCTTGATGCTTGATAAAAACTTAGAAGCCAATTCTTTGTTCATTTCCCTCTACTCTTTTTTCTATATTTCTCAAGAGACAACTTTACATCAGCCTTCATATTTTTGAAATATATGTAACGTACAAGATT
chrXI	517608	2640	CTAAACTTTGCAGTTTCACTGCTTGTTAAACATTTTCCTACTATAAATGACATTTAAAACGTAATTGAGACAAAAAAAGTTAAATCGTTATTAACTTTCACTGCGGCTCCGCTCTTTTCCTCATAAGGAAATCCCCTCTTATGATCTTGAT
chrXI	517610	1410	AAACTTTGCAGTTTCACTGCTTGTTAAACATTTTCCTACTATAAATGACATTTAAAACGTAATTGAGACAAAAAAAGTTAAATCGTTATTAACTTTCACTGCGGCTCCGCTCTTTTCCTCATAAGGAAATCCCCTCTTATGATCTTGAT
chrXI	517610	1410	AAACTTTGCAGTTTCACTGCTTGTTAAACATTTTCCTACTATAAATGACATTTAAAACGTAATTGAGACAAAAAAAGTTAAATCGTTATTAACTTTCACTGCGGCTCCGCTCTTTTCCTCATAAGGAAATCCCCTCTTATGATCTTGATA
chrXI	517755	2640	(ATGAAACGACGACAACTATGCTGGTTATTACCTAGAGGGATAATTG)TGAGAAATGGGGGAATGTTGAGATAATTGTTGGGATTCCATTGTTGATAAAGGCTATAATATTAGGTATACAGAATATACTAGAAGTTCTCCTCAAGGATATAGG
chrXI	517755	10150	(GGTCACATGAAACGACGACAACTATGCTGGTTATTACCTAGAGGGATAATTG)TGAGAAATGGGGGAATGTTGAGATAATTGTTGGGATTCCATTGTTGATAAAGGCTATAAT
chrXI	517755	10150	(GGTCACATGAAACGACGACAACTATGCTGGTTATTACCTAGAGGGATAATTG)TGAGAAATGGGGGAATGTTGAGATAATTGTTGGGATTCCATTGTTGATAAAGGCTATAATATTAGGTATACAGAATATACTAGAAGTTCTCCTCAAGGA
chrXI	517755	70	(AATTG)TGAGAAATGGGGGAATGTTGAGATAATTGTTGGGATTCCATTGTTGATAAAGGCTATAATATTAGGTATACAGAATATACTAGAAGTTCTCCTCAAGGATATAGGAATCCTCAAAATGGAATCTATATTTCTACATACTAATATTA
chrXI	517755	2640	
chrXI	517755	70	(ATGCTGGTTATTACCTAGAGGGATAATTG)TGAGAAATGGGGGAATGTTGAGATAATAGTTGGGATTCCATTGTTGATAAAGTCTATAATATTAGGTATAAAGAATATACTAGAAGTTCTCCTCAAGGATATAGGAATCCTCAAAATGGAAT
chrXI	517755	7530	
chrXI	517755	70	(TGATCCAATTAAAGGGGAATAGGTCACATGAAACGACGACAACTATGCTGGTTATTACCTAGAGGGATAATTG)TGAGAAATGGGGGAATGTTGAGATAATTGTTGGGATTCCATTGTTGATAAAGGCTATAATATTAGGTATACAGAATAT
chrXI	517755	70	
chrXI	517755	2640	
chrXI	517755	7530	(GTCACATGAAACGACGACAACTATCCTGGTTAGTACCTAGAGGGATAATTG)TGAGAAATGGGGGAATTTTGAGATAATTGTTGGGATTCCATTGTTGATAAAGGCTATAATATTAGGTATACAGAATATACTAGAAGTTCTCCTCAAGGA
chrXI	517755	7530	
chrXI	517755	70	
chrXI	517755	2640	
chrXI	517755	70	
chrXI	517755	70	(TG)TGAGAAATGGGGGAATGTTGAGATAATTGTTGGGATTCCATTGTTGATAAAGGCTATAATATTAGGTATACAGAATATACTAGAAGTTCTCCTCAAGGATATAGGAATCCTCAAAATGGAATCTATATTTCTACATACTAATATTACGA
chrXI	517755	70	(TATTGGAAGATTGATCCTAGTCAAGGGGAATAGGTCACCTGAATCGACGACAACTATGCTGGTTATTACCTAGAGGGATACTTG)TGAGAAATGGGGGTATGTTGAGATTATTGTTGGGATTCCATTGTTGATAAAGGCTATAATATTAGGT
chrXI	517755	70	(ATGAAACGACGACAACTATGCTGGTTATTACCTAGAGGGATAATTG)TGAGAAATGGGGGAATGTTGAGATAATTGTTGGGATTCCATTGTTGATAAAGGCTATAATATTAGGTATACAGAATATACTAGAAGTTCTCCTCAAGGATATAGG
chrXI	517755	1410	(ATAATTG)TGAGAAATGGGGGAATGTTGAGATAATTGTTGGGATTCCATTGTTGATAAAGGCTATAATATTAGGTATACAGAATATACTAGAAGTTCTCCTCAAGGATATAGGAATCCTCAAAATGGAATCTATATTTCTACATACTAATAT
chrXI	517755	5150	(ATAATTG)TGAGAAATGGGGGAATGTTGAGATAATTGTTGGGATTCCATTGTTGATAAAGGCTATAATATTAGGTATACAGAATATACTAGAAGTTCTCCTCAAGGATATAGGAATCCTCAAAATGGAATCTATATTTCTACATACTAATAT
chrXI	517755	2640	
chrXI	517755	10150	
chrXI	517755	5150	
chrXI	517755	2640	(CAACTATGCTGGTTATTACCTAGAGGGATAATTG)TGAGAAATGGGGGAATGTTGAGATAATTGTTGGGATTCCATTGTTGATAAAGGCTATAATATTAGGTATACAGAATATACTAGAAGTTCTCCTCAAGGATATAGGAATCCTCAAAAT
chrXI	517755	2640	(TTATTACCTAGAGGGATAATTG)TGAGAAATGGGGGAATGTTGAGATAATTGTTGGGATTCCATTGTTGATAAAGGCTATAATATTAGGTATACAGAATATACTAGAAGTTCTCCTCAAGGATATAGGAATCCTCAAAATGGAATCTATATT
chrXI	517755	5150	
chrXI	517755	5150	(GATCCAATTAAAGGGGAATAGGTCACATGAAACGACGACAACTATGCTGGTTATTACCTAGAGGGATAATTG)TGAGAAATGGGGGAATGTTGAGATAATTGTTGGGATTCCATTGTTGATAAAGGCTATAATATTAGGTATACAGAATAT
chrXI	517755	2640	(ATTACCTAGAGGGATAATTG)TGAGAAATGGGGGAATGTTGAGATAATTGTTGGGATTCCATTGTTGATAAAGGCTATAATATTAGGTATACAGAATATACTAGAAGTTCTCCTCAAGGATATAGGAATCCTCAAAATGGAATCTATATTTC
chrXI	517755	70	
chrXI	517755	10150	(ATTGATCCAATTAAAGGGGAATAGGTCACATGAAACGACGACAACTATGCTGGTTATTACCTAGAGGGATAATTG)TGAGAAATGGGGGAATGTTGAGATAATTGTTGGGATTCCATTGTTGATAAAGGCTATAATATTAGGTATACAGAAT
chrXI	517755	7530	
chrXI	517755	5150	(CAATTAAAGGGGAATAGGTCACATGAAACGACGACAACTATGCTGGTTATTACCTAGAGGGATAATTG)TGAGAAATGGGGGAATGTTGAGATAATTGTTGGGATTCCATTGTTGATAAAGGCTATAATATTAGGTATACAGAATATACTAG
chrXI	517755	5150	(GGTCACATGAAACGACGACAACTATGCTGGTTATTACCTAGAGGGATAATTG)TGAGAAATGGGGGAATGTTGAGATAATTGTTGGGATTCCATTGTTGATAAAGGCTATAATATTAGGTATACAGAATATACTAGAAGTTCTCCTCAAGGA
chrXI	517755	10150	
chrXI	517755	5150	(TTATTACCTAGAGGGATAATTG)TGAGAAATGGGGGAATGTTGAGATAATTGTTGGGATTCCATTGTTGATAAAGGCTATAATATTAGGTATACAGAATATACTAGAAGTTCTCCTCAAGGATATAGGAATCCTCAAAATGGAATCTATATT
chrXI	517755	1410	
chrXI	517755	7530	(ATGACCTAGAGGGATAATTG)TGAGAAATGGGGGAATGTTGAGATAATTGTTGGGATTCCATTGTTGATAAAGTCTCTAATATTAGGTATACAGAATATACTAGAAGTTCTCCTCAAGTATATAGGAATCCTCAAAATGGAATCTATATTTC
chrXI	517755	2640	(GACGACAACTATGCTGGTTATTACCTAGAGGGATAATTG)TGAGAAATGGGGGAATGTTGAGATAATTGTTGGGATTCCATTGTTGATAAAGGCTATAATATTAGGTATACAGAATATACTAGAAGTTCTCCTCAAGGATATAGGAATCCT
chrXI	517755	1410	(ATTACCTAGAGGGATAATTG)TGAGAAATGGGGGAATGTTGAGATAATTGTTGGGATTCCATTGTTGATAAAGGCTATAATATTAGGTATACAGAATATACTAGAAGTTCTCCTCAAGGATATAGGAATCCTCAAAATGGAATCTATATTTC
chrXI	517755	7530	(GGGGAATAGGTCACATGAAACGACGACAACTATGCTGGTTATTACCTAGAGGGATAATTG)TGAGAAATGGGGGAATGTTGAGATAATTGTTGGGATTCCATTGTTGATAAAGGCTATAATATTAGGTATACAGAATATACTAGAAGTTCT
chrXI	517755	1410	(CAACTATGCTGGTTATTACCTAGAGGGATAATTG)TGAGAAATGGGGGAATGTTGAGATAATTGTTGGGATTCCATTGTTGATAAAGGCTATAATATTAGGTATACAGAATATACTAGAAGTTCTCCTCAAGGATATAGGAATCCTCAAAAT
chrXI	517755	2640	
chrXI	517755	7530	(TG)TGAGAAATGGGGGAATGTTGAGATAATTGTTGGGATTCCATTGTTGATAAAGGCTATAATATTAGGTATCCAGAATATACTAGAAGTTCTCCTCAAGGATATAGGAATCCTCAAAATGGAATCTATATTTCTACATACTAATATTACGA
chrXI	517755	7530	
chrXI	517755	1410	
chrXI	517755	2640	(CCTATAGGGATAATTG)TGAGAAATGGGGGAATGTTGAGATAATTGTTGTGATTCCATTTTTGATAAAGGCTATAATATTAGGTATACATAATATACTATAAGTTCTCCTCAATGATATAGGAATCCTCAAAATGGAATCTATATTTCTACA
chrXI	517755	2640	
chrXI	517755	7530	(TTATTACCTAGAGGGATAATTG)TGAGAAATGGGGGAATGTTGAGATAATTGTTGGGATTCCATTGTTGATAAAGGCTATAATATTAGGTATACAGAATATACTAGAAGTTCTCCTCAAGGATATAGGAATCCTCAAAATGGAATCTATATT
chrXI	517755	10150	(GCTGGTTATTACCTAGAGGGATAATTG)TGAGAAATGGGGGAATGTTGAGATAATTGTTGGGATTCCATTGTTGATAAAGGCTATAATATTAGGTATACAGAATATACTAGAAGTTCTCCTCAAGGATATAGGAATCCTCAAAATGGAATCT
chrXI	517755	1410	(ATTAAAGGGGAATAGGTCACATGAAACGACGACAACTATGCTGGTTATTACCTAGAGGGATAATTG)TGAGAAATGGGGGAATGTTGAGATAATTGTTGGGATTCCATTGTTGATAAAGGCTATAATATTAGGTATACAGAATATACTAGA
chrXI	517755	5150	(GGGGAATAGGTCACATGAAACGACGACAACTATGCTGGTTATTACCTAGAGGGATAATTG)TGAGAAATGGGGGAATGTTGAGATAATTGTTGGGATTCCATTGTTGATAAAGGCTATAATATTAGGT
chrXI	517755	1410	
chrXI	517755	5150	
chrXI	517755	10150	(GGATAATTG)TGAGAAATGGGGGAATGTTGAGATAATTGTTGGGATTCCATTGTTGATAAAGGCTATAATATTAGGTATACAGAATATACTAGAAGTTCTCCTCAAGGATATAGGAATCCTCAAAATGGATTCTATATTTCGACATACTAAT
chrXI	517755	2640	
