RNAME	POS	Gen	Aligned
chrMito	52670	1410	AATCATATATTATAATTATTTATTATTTTTATATTATATTAATAAAATATTATTATTAT-AAAAAAAATAGAAATTTTATAATATTTTTATATATTTTTAATTATTATTATTAATATTTATTAAAGGAAATATAAAAACCGAAGGAATATTA
chrMito	52671	70	ATCATATATTATAATTATTTATTATTTTTATATTATATTAATAAAATATTATTATTATAAAAAAAAATAGAAATTTTATAATATTTTTATATATTTTTAATTATTATTATTAATATTTATTAAAGGAAATATAAAAACAGAAGGAATATTA
chrMito	52673	5150	CATATATTATAATTATTTATTATTTTTATATTATATTAATAAAATATTATTATTATAAAAAAAAATAGAAATTTTATAATATTTTTATATATTTTTAATTATTATTATTAATATTTATTAAAGGAAATATAAAAACCGAAGGAATATTAT
chrMito	52673	5150	CATATATTATAATTATTTATTATTTTTATATTATATTAATAAAATATTATTATTAT-AAAAAAAATAGAAATTTTATAATATTTTTATATATTTTTAATTATTATTATTAATATTTATTAAAGGAAATATAAAAACCGAAGGAATATTATAA
chrMito	52674	2640	ATATATTATAATTATTTATTATTTTTATATTATATTAATAAAATATTATTATTATAAAAAAAAATAGAAATTTTATAATATTTTTATATATTTTTAATTATTATTATTAATATTTATTAAAGGAAATATAAAAACCGAAGGAATATTATAA
chrMito	52674	10150	ATATATTATAATTATTTATTATTTTTATATTATATTAATAAAATATTATTATTATAAAAAAAAATAGAAATTTTATAATATTTTTATATATTTTTAATTATTATTATTAATATTTATTAAAGGAAATATAAAAACCGAAGGAATATTATAA
chrMito	52674	70	ATATATTATAATTATTTATTATTTTTATATTATATTAATAAAATATTATTATTATAAAAAAAAATAGAAATTTTATAATATTTTTATATATTTTTAATTATTATTATTAATATTTATTAAAGGAAATATAAAAACCGAAGGAATATTATAA
chrMito	52674	2640	ATATATTATAATTATTTATTATTTTTATATTATATTAATAAAATATTATTATTATAAAAAAAAATAGAAATTTTATAATATTTTTATATATTTTTAATTATTATTATTAATATTTATTAAAGGAAATATAAAATCCGAAGGAATATTATAA
chrMito	52676	7530	ATATTATAATTATTTATTATTTTTATATTATATTAATAAAATATTATTATTATAAAAAAAAATAGAAATTTTATAATATTTTTATATATTTTTAATTATTATTATTAATATTTATTAAAGGAAATATAAAAACCGAAGGAATATTATAATT
chrMito	52676	1410	ATATTATAATTATTTATTATTTTTATATTATATTAATAAAATATTATTATTATAAAAAAAAATAGAAATTTTATAATATTTTTATATATTTTTAATTATTATTATTAATATTTATTAAAGGAAATATAAAAACCGAAGGAATATTATAAT
chrMito	52676	10150	ATATTATAATTATTTATTATTTTTATATTATATTAATAAAATATTATTATTATAAAAAAAAATAGAAATTTTATAATATTTTTATATATTTTTAATTATTATTATTAATATTTATTAAAGGAAATATAAAAACCGAAGGAATATTATAAT
chrMito	52676	70	ATATTATAATTATTTATTATTTTTATATTATATTAATAAAATATTATTATTAT(A)AAAAAAAAATAGAAATTTTATAATATTTTTATATATTTTTAATTATTATTATTAATATTTATTAAAGGAAATATAAAAACCGAAGGAATATTATAAT
chrMito	52694	7530	ATTTTTATATTATATTAATAAAATATTATTATTATAAAAAAAAATAGAAATTTTATAATATTTTTATATATTTTTAATTATTATTATTAATATTTATTAAAGGAAATATAAAAACCGAAGGAATATTATAATTATAATTATAATTATAATT
chrMito	52694	7530	ATTTTTATATTATATTAATAAAATATTATTATTATAAAAAAAAATAGAAATTTTATAATATTTTTATATATTTTTAATTATTATTATTAATATTTATTAAAGGAAATATAAAAACCGAAGGAATATTATAATTATAATTATAATTATAATT
chrMito	52700	1410	ATATTATATTAATAAAATATTATTATTATAAAAAAAAATAGAAATTTTATAATATTTTTATATATTTTTAATTATTATTATTAATATTTATTAAAGGAAATATAAAAACCGAAGGAATATTATAATTATAATTATAATTATTATTATATTT
chrMito	52700	7530	ATATTATATTAATAAAATATTATTATTATAAAAAAAAATAGAAATTTTATAATATTTTTATATATTTTTAATTATTATTATTAATATTTATTAAAGGAAATATAAAAACCGAAGGAATATTATAATTATAATTATAATTATAATTA(T)TATT
chrMito	52704	1410	TATATTAATAAAATATTATTATTATAAAAAAAAATAGAAATTTTATAATATTTTTATATATTTTTAATTATTATTATTAATATTTATTAAAGGAAATATAAAAACCGAAGGAATATTATAATTATAATTATAATTATTATTATATTTAAT
chrMito	52716	7530	ATATTATTATTATAAAAAAAAATAGAAATTTTATAATATTTTTATATATTTTTAATTATTATTATTAATATTTATTAAAGGAAATATAAAAACCGAAGGAAT(ATTATA)ATTATAATTATAATTATAATTATTATTATATTTAATTTATTAT
chrMito	52716	2640	ATATTATTATTATAAAAAAAAATAGAAATTTTATAATATTTTTATATATTTTTAATTATTATTATAAATATTTATTAATGTAAATATAAAAACCGTAGGAATATTATAATAATAATTATAATTATTATTATATTTAATTTATTTTTATAAT
chrMito	52716	2640	ATATTATTATTATAAAAAAAAATAGTAATTTTATAATATTTTTATATATTTTTAATTATTATTATTAATATTTATTAAAGGAAATATAAAAAAGGAAGTAATATTATAATTATAAATATAATTATTTTTATATTTAATTTATTATTATAAT
chrMito	52718	70	ATTATTATTATAAAAAAAAATAGAAATTTTATAATATTTTTATATATTTTTAATTATTATTATTAATATTTATTAAAGGAAATATAAAAACCGAAGGAATATTATAATTATAATTATAATTATTATTATATTTAATTTATTATTATAATAA
chrMito	52718	5150	ATTATTATTATAAAAAAAAATAGAAATTTTATAATATTTTTATATATTTTTAATTATTATTATTAATATTTATTAAAGGAAATATAAAAACCGAAGGAAT(ATTATA)ATTATAATTATAATTATAATTATTATTATATTTAATTTATTATT
chrMito	52727	70	ATAAAAAAAAATAGAAATTTTATAATATTTTTATATATTTTTAATTATTATTATTAATATTTATTAAAGGAAATATAAAAACCGAAGGAATATTATAATTATAATTATAATTATTATTATATTTAATTTATTATTATAATAATAATTATAG
chrMito	52727	2640	ATAAAAAAAAATAGAAATTTTATAATATTTTTATATATTTTTAATTATTATTATTAATATTTATTAAAGGAAATATAAAAACCGAAGGAATATTATAATTATAATTATAATTATTATTATATTTAATTTATTATTATAATAATAATTATAG
chrMito	52727	70	ATAAAAAAAAATAGAAATTTTATAATATTTTTATATATTTTTAATTATTATTATTAATATTTATTAAAGGAAATATAAAAACCGAAGGAATATTATAATTATAATTATAATTATTATTATATTTAATTTATTATTATAATAATAATTATAG
chrMito	52730	10150	AAAAAAAATAGAAATTTTATAATATTTTTATATATTTTTAATTATTATTATTAATATTTATTAAAGGAAATATAAAAACCGAAGGAAT(ATTATA)ATTATAATTATAATTATAATTATTATTATATTTAATTTATTATTATAATAATAATT
chrMito	52731	5150	AAAAAAATAGAAATTTTATAATATTTTTATATATTTTTAATTATTATTATTAATATTTATTAAAGGAAATATAAAAACCGAAGGAAT(ATTATA)ATTATAATTATAATTATAATTATTATTATATTTAATTTATTATTATAATAATAATTAT
chrMito	52732	2640	AAAAAATAGAAATTTTATAATATTTTTATATATTTTTAATTATTATTATTAATATTTATTAAAGGAAATATAAAAACCGAAGGAATATTATAATTATAATTATAATTATTATTATATTTAATTTATTATTATAATAATAATTATAGTCTG
chrMito	52751	2640	ATATTTTTATATATTTTTAATTATTATTATTAATATTTATTAAAGGAAATATAAAAACCGAAGGAATATTATAATTATAATTATAATTATTATTATATTTAATTTATTATTATAATAATAATTATAGTCTGCCCCCTCTTTATCTTTATTT
chrMito	52756	2640	TTTATATATTTTTAATTATTATTATTAATATTTATTAAAGGAAATATAAAAACCGAAGGAATATTATAATTATAATTATAATTATTATTATATTTAATTTATTATTATAATAATAATTATAGTCTGCCCCCTCTTTATCTTTATTTTAAAG
chrMito	52768	2640	(ATAAAAAAAAATATCTATTGTATAAGATATTTAGATATATA)TAATTATTATTAAAAATATATATTAAAGGAAATATAAACACCGAAGGAAGACTATAATTATAATTAT(CAATATAAATACATTTAAATAATGATTATACTAAGAACTAGAG)
chrMito	52783	2640	ATATTTATTAAAGGAAATATAAAAACCGAAGGAATATTATAATTATAATTATAATTATTATTATATTTAATTTATTATTATAATAATAATTATAGTCTGCCCCCTCTTTATCTTTATTTTAAAGTTCCGGGGCCCGGCTACGGGAGCCGGA
chrMito	52783	7530	ATATTTATTAAAGGAAATATAAAAACCGAAGGAAT(ATTATA)ATTATAATTATAATTATAATTATTATTATATTTAATTTATTATTATAATAATAATTATAGTCTGCCCCCTCTTTATCTTTATTTTAAAGTTCCGGGGCCCGGCTACGGGA
chrMito	52784	7530	TATTTATTAAAGGAAATATAAAAACCGAAGGAAT(ATTATA)ATTATAATTATAATTATAATTATTATTATATTTAATTTATTATTATAATAATAATTATAGTCTGCCCCCTCTTTATCTTTATTTTAAAGTTCCGGGGCCCGGCTACGGGAG
chrMito	52788	5150	TATTAAAGGAAATATAAAAACCGAAGGAAT(ATTATA)ATTATAATTATAATTATAATTATTATTATATTTAATTTATTATTATAATAATAATTATAGTCTGCCCCCTCTTTATCTTTATTTTAAAGTTCCGGGGCCCGGCTACGGGAGCCGG
chrMito	52789	70	ATTAAAGGAAATATAAAAACCGAAGGAATATTATAATTATAATTATAATTATTATTATATTTAATTTATTATTATAATAATAATTATAGTCTGCCCCCTCTTTATCTTTATTTTAAAGTTCCGGGGCCCGGCTACGGGAGCCGGAACCCCG
chrMito	52793	2640	AAGGAAATATAAAAACAGAAGGAATATTATAATTATAATTATAATTATTATTATATTTAATTTATTATTATAATAATAATTATAGTCTGCCCCCTCTTTATCTTTATTTTAAAGTTCCGGGGCCCGGCTACGGGAGCCGGAACCCCAAAAG
chrMito	52796	5150	GAAATATAAAAACCGAAGGAAT(ATTATA)ATTATAATTATAATTATAATTATTATTATATTTAATTTATTATTATAATAATAATTATAGTCTGCCCCCTCTTTATCTTTATTTTAAAGTTCCGGGGCCCGGCTACGGGAGCCGGAACCCCG
chrMito	52796	70	GAAATATAAAAACCGAAGGAATATTATAATTATAATTATAATTATTATTATATTTAATTTATTATTATAATAATAATTATAGTCTGCCCCCTCTTTATCTTTATTTTAAAGTTCCGGGGCCCGGCTACGGGAGCCGGAACCCCGAAAGG
chrMito	52798	7530	AATATAAAAACCGAAGGAAT(ATTATA)ATTATAATTATAATTATAATTATTATTATATTTAATTTATTATTATAATAATAATTATAGTCTGCCCCCTCTTTATCTTTATTTAAAAGTTCCGGGGCCCGGCTACGGGAGCCGGAACCCCGAAA
chrMito	52799	2640	ATATAAAAACCGAAGGAATATTATAATTATAATTATAATTATTATTATATTTAATTTATTATTATAATAATAATTATAGTCTGCCCCCTCTTTATCTTTATTTTAAAGTTCCGGGGCCCGGCTACGGGAGCCGGAACCCCGAAAGGAGAAG
chrMito	52801	5150	ATAAAAACCGAAGGAAT(ATTATA)ATTATAATTATAATTATAATTATTATTATATTTAATTTATTATTATAATAATAATTATAGTCTGCCCCCTCTTTATCTTTATTTTAAAGTTCCGGGGCCCGGCTACGGGAGCCGGAACCCCGAAAGG
chrMito	52801	2640	ATAAAAACCGAAGGAATATTATAATTATAATTATAATTATTATTATATTTAATTTATTATTATAATAATAATTATAGTCTGCCCCCTCTTTATCTTTATTTTAAAGTTCCGGGGCCCGGCTACGGGAGCCGGAACCCCGAAAGGAGAAGGA
chrMito	52802	2640	TAAAAACCGAAGGAATATTATAATTATAATTATAATTATTATTATATTTAATTTATTATTATAATAATAATTATAGTCTGCCCCCTCTTTATCTTTATTTTAAAGTTCCGGGGCCCGGCTACGGGAGCCGGAACCCCGAAAGGAGAAGGAT
chrMito	52804	2640	AAAACCGAAGGAATATTATAATTATAATTATAATTATTATTATATTTAATTTATTATTATAATAATAATTATAGTCTGCCCCCTCTTTATCTTTATTTTAAAGTTCCGGGGCCCGGCTACGGGAGCCGGAACCCCGAAAGGAGAA(TAAAAT)
chrMito	52804	7530	AAAACCGAAGGAAT(ATTATA)ATTATAATTATAATTATAATTATTATTATATTTAATTTATTATTATAATAATAATTATAGTCTGCCCCCTCTTTATCTTTATTTTAAAGTTCCGGGGCCCGGCTACGGGAGCCGGAACCCCGAAAGGAGAA
chrMito	52806	2640	AACCGAAGGAATATTATAATTATAATTATAATTATTATTATATTTAATTTATTATTATAATAATAATTATAGTCTGCCCCCTCTTTATCTTTATTTTAAAGTTCCGGGGCCCGGCTACGGGAGCCGGAACCCCGAAAGGAGAAGGATATTT
chrMito	52806	70	AACCGAAGGAATATTATAATTATAATTATAATTATTATTATATTTAATTTATTATTATAATAATAATTATAGTCTGCCCCCTCTTTATCTTTATTTTAAAGTTCCGGGGCCCGGCTACGGGAGCCGGAACCCCGAAAGGAGAAGGATATTT
chrMito	52807	7530	ACCGAAGGAAT(ATTATA)ATTATAATTATAATTATAATTATTATTATATTTAATTTATTATTATAATAATAATTATAGTCTGCCCCCTCTTTATCTTTATTTTAAAGTTCCGGGGCCCGGCTACGGGAGCCGGAACCCCGAAAGGAGAAGGA
chrMito	52807	2640	ACCGAAGGAATATTATAATTATAATTATAATTATTATTATATTTAATTTATTATTATAATAATAATTATAGTCTGCCCCCTCCTTATCTTTATTTTAAAGTTCCGGGGCCCGGCTACGGGAGCCGGAACCCCGAAAGGAGAAGGATATTTA
chrMito	52808	5150	CCGAAGGAAT(ATTATA)ATTATAATTATAATTATAATTATTATTATATTTAATTTATTATTATAATAATAATTATAGTCTGCCCCCTCTTTATCTTTATTTTAAAGTTCCGGGGCCCGGCTACGGGAGCCGGAACCCCGAAAGGAGAAGGAT
chrMito	52808	7530	CCGAAGGAAT(ATTATA)ATTATAATTATAATTATAATTATTATTATATTTAATTTATTATTATAATAATAATTATAGTCTGCCCCCTCTTTATCTTTATTTTAAAGTTCCGGGGCCCGGCTACGGGAGCCGGAACCCCGAAAGGAGAAGGAT
chrMito	52809	2640	CGAAGGAATATTATAATTATAATTATAATTATTATTATATTTAATTTATTATTATAATAATAATTATAGTCTGCCCCCTCTTTATCTTTATTTTAAAGTTCCGGGGCCCGGCTACGGGAGCCGGAACCCCGAAAGGAGAAGGATATTTAAT
chrMito	52810	1410	GAAGGAATATTATAATTATAATTATAATTATTATTATATTTAATTTATTATTATAATAATAATTAAAGTCTGCCCCCTCTTTATCTTTATTTTAAAGTTCCGGGGCCCGGCTACGGGAGCCGGAACCCCGAAAGGAGAAGGA
chrMito	52810	1410	GAAGGAATATTATAATTATAATTATAATTATTATTATATTTAATTTATTATTATAATAATAATTATAGTCTGCCCCCTCTTTATCTTTATTTTAAAGTTCCGGGGCCCGGCTACGGGAGCCGGAACCCCGAAAGGAGAAGGA
chrMito	52811	1410	AAGGAATATTATAATTATAATTATAATTATTATTATATTTAATTTATTATTATAATAATAATTATAGTCTGCCCCCTCTTTATCTTTATTTTAAAGTTCCGGGGCCCGGCTACGGGAGCCGGAACCCCGAAAGGAGAAGGATATTTAATAA
chrMito	52811	2640	AAGGAATATTATAATTATAATTATAATTATTATTATATTTAATTTATTATTATAATAATAATTATAGTCTGCCCCCTCTTTATCTTTATTTTAAAGTTCCGGGGCCCGGCTACGGGAGCCGGAACCCCGAAAGGAGAAGGATATTTAATAA
chrMito	52813	1410	GGAATATTATAATTATAATTATAATTATTATTTTATTTAATTTATTATTATAATAATAATTATAGTCTGCCCCCTCTTTATCTTTATTTTAAAGTTCCGGGGCCCGGCTACGGGAGCCGGAACCCCGAAAGGAGAAGGATATTTAATAATT
chrMito	52814	70	GAATATTATAATTATAATTATAATTATTATTATATTTAATTTATTATTATAATAATAATTATAGTCTGCCCCCTCTTTATCTTTATTTTAAAGTTCCGGGGCCCGGCTACGGGAGCCGGAACCCCGAAAGGAGAAGGATATTTAATAATTT
chrMito	52815	70	(AATT)AATATTATAATTATAATTATAATTATTATTAAATTTAATTTATTATTATAATAATAATTATAGTCTGCCCCCTCTTTATCTTTATTTTAAAGTTCAGGTGCCCGGATACGGGAGCAGTAACCCCGAAAGGAGAAGGATATTTAATAA
