info	CHROM	POS	ID	REF	ALT	QUAL	ANN	FILTER	INFO	FORMAT	af_trajectory	perc_of_alt	G70_allele_counts	G1410_allele_counts	G2640_allele_counts	G5150_allele_counts	G7530_allele_counts	G10150_allele_counts
chrI 5654 C -> T nan	chrI	5654	.	C	T	1042.33		.	AC=3;AF=2.820e-03;AN=1064;BaseQRankSum=-3.850e-01;DP=12089;ExcessHet=0.0061;FS=0.000;InbreedingCoeff=0.5051;MLEAC=3;MLEAF=2.820e-03;MQ=60.00;MQRankSum=0.00;QD=27.43;ReadPosRankSum=-1.760e+00;SOR=1.123;ANN=T|upstream_gene_variant|MODIFIER|YAL068C|YAL068C|transcript|TRANSCRIPT_YAL068C|protein_coding||c.-3486G>A|||||3486|,T|upstream_gene_variant|MODIFIER|YAL066W|YAL066W|transcript|TRANSCRIPT_YAL066W|protein_coding||c.-4436C>T|||||4436|,T|downstream_gene_variant|MODIFIER|YAL068W-A|YAL068W-A|transcript|TRANSCRIPT_YAL068W-A|protein_coding||c.*4863C>T|||||4863|,T|downstream_gene_variant|MODIFIER|YAL067W-A|YAL067W-A|transcript|TRANSCRIPT_YAL067W-A|protein_coding||c.*2948C>T|||||2948|,T|downstream_gene_variant|MODIFIER|YAL067C|YAL067C|transcript|TRANSCRIPT_YAL067C|protein_coding||c.*1580G>A|||||1580|,T|intergenic_region|MODIFIER|YAL067W-A-YAL067C|YAL067W-A-YAL067C|intergenic_region|YAL067W-A-YAL067C|||n.5654C>T||||||	GT:AD:DP:GQ:PL	70_0.0;1410_0.0;2640_0.0;5150_0.7142857142857143;10150_1.0	1.0	20,0	16,0	18,0	6,15	1,0	0,17
chrI 41157 C -> T T|synonymous_variant|YAL056W||GPB2|Multistep regulator of cAMP-PKA signaling	chrI	41157	.	C	T	4742.57	T|synonymous_variant|YAL056W||GPB2|Multistep regulator of cAMP-PKA signaling	.	AC=14;AF=0.013;AN=1074;BaseQRankSum=-7.230e-01;DP=11783;ExcessHet=0.0000;FS=2.829;InbreedingCoeff=0.5601;MLEAC=13;MLEAF=0.012;MQ=60.00;MQRankSum=0.00;QD=23.95;ReadPosRankSum=1.47;SOR=0.952;ANN=T|synonymous_variant|LOW|YAL056W|YAL056W|transcript|TRANSCRIPT_YAL056W|protein_coding|1/1|c.1926C>T|p.Ser642Ser|1926/2643|1926/2643|642/880||,T|upstream_gene_variant|MODIFIER|YAL059C-A|YAL059C-A|transcript|TRANSCRIPT_YAL059C-A|protein_coding||c.-4266G>A|||||4266|,T|upstream_gene_variant|MODIFIER|YAL056C-A|YAL056C-A|transcript|TRANSCRIPT_YAL056C-A|protein_coding||c.-2138G>A|||||2138|,T|upstream_gene_variant|MODIFIER|YAL055W|YAL055W|transcript|TRANSCRIPT_YAL055W|protein_coding||c.-993C>T|||||993|,T|upstream_gene_variant|MODIFIER|YAL053W|YAL053W|transcript|TRANSCRIPT_YAL053W|protein_coding||c.-4715C>T|||||4715|,T|downstream_gene_variant|MODIFIER|YAL060W|YAL060W|transcript|TRANSCRIPT_YAL060W|protein_coding||c.*4881C>T|||||4881|,T|downstream_gene_variant|MODIFIER|YAL059W|YAL059W|transcript|TRANSCRIPT_YAL059W|protein_coding||c.*4037C>T|||||4037|,T|downstream_gene_variant|MODIFIER|YAL058W|YAL058W|transcript|TRANSCRIPT_YAL058W|protein_coding||c.*2212C>T|||||2212|,T|downstream_gene_variant|MODIFIER|YAL054C|YAL054C|transcript|TRANSCRIPT_YAL054C|protein_coding||c.*1697G>A|||||1697|	GT:AD:DP:GQ:PL	70_0.0;1410_1.0;2640_1.0;5150_1.0;10150_1.0	0.5416666666666666	23,0	0,23	0,24	0,15	0,3	0,13
chrI 45453 C -> A nan	chrI	45453	.	C	A	1884.23		.	AC=6;AF=5.597e-03;AN=1072;BaseQRankSum=0.00;DP=11737;ExcessHet=0.0000;FS=0.000;InbreedingCoeff=0.6284;MLEAC=5;MLEAF=4.664e-03;MQ=60.00;MQRankSum=0.00;QD=32.49;ReadPosRankSum=-3.470e-01;SOR=0.535;ANN=A|upstream_gene_variant|MODIFIER|YAL054C|YAL054C|transcript|TRANSCRIPT_YAL054C|protein_coding||c.-458G>T|||||458|,A|upstream_gene_variant|MODIFIER|YAL053W|YAL053W|transcript|TRANSCRIPT_YAL053W|protein_coding||c.-419C>A|||||419|,A|upstream_gene_variant|MODIFIER|YAL051W|YAL051W|transcript|TRANSCRIPT_YAL051W|protein_coding||c.-3084C>A|||||3084|,A|downstream_gene_variant|MODIFIER|YAL056W|YAL056W|transcript|TRANSCRIPT_YAL056W|protein_coding||c.*3579C>A|||||3579|,A|downstream_gene_variant|MODIFIER|YAL055W|YAL055W|transcript|TRANSCRIPT_YAL055W|protein_coding||c.*2761C>A|||||2761|,A|intergenic_region|MODIFIER|YAL054C-YAL053W|YAL054C-YAL053W|intergenic_region|YAL054C-YAL053W|||n.45453C>A||||||	GT:AD:DP:GQ:PL	70_0.0;1410_0.0;2640_0.95;5150_1.0;10150_1.0	1.0	17,0	12,0	1,19	0,22	1,0	0,16
chrI 91063 A -> AT AT|frameshift_variant|YAL029C||MYO4|Type V myosin motor involved in actin-based transport of cargos	chrI	91063	.	A	AT	1136.04	AT|frameshift_variant|YAL029C||MYO4|Type V myosin motor involved in actin-based transport of cargos	.	AC=6;AF=5.566e-03;AN=1078;DP=9874;ExcessHet=0.0000;FS=0.000;InbreedingCoeff=0.5453;MLEAC=5;MLEAF=4.638e-03;MQ=60.00;QD=31.11;SOR=1.302;ANN=AT|frameshift_variant|HIGH|YAL029C|YAL029C|transcript|TRANSCRIPT_YAL029C|protein_coding|1/1|c.1180dupA|p.Ile394fs|1180/4416|1180/4416|394/1471||,AT|upstream_gene_variant|MODIFIER|YAL031C|YAL031C|transcript|TRANSCRIPT_YAL031C|protein_coding||c.-4060dupA|||||4060|,AT|upstream_gene_variant|MODIFIER|YAL028W|YAL028W|transcript|TRANSCRIPT_YAL028W|protein_coding||c.-1810_-1809insT|||||1809|,AT|upstream_gene_variant|MODIFIER|YAL027W|YAL027W|transcript|TRANSCRIPT_YAL027W|protein_coding||c.-3597_-3596insT|||||3596|,AT|downstream_gene_variant|MODIFIER|YAL030W|YAL030W|transcript|TRANSCRIPT_YAL030W|protein_coding||c.*3338_*3339insT|||||3339|,AT|downstream_gene_variant|MODIFIER|YAL026C-A|YAL026C-A|transcript|TRANSCRIPT_YAL026C-A|protein_coding||c.*4295dupA|||||4295|,AT|downstream_gene_variant|MODIFIER|YAL026C|YAL026C|transcript|TRANSCRIPT_YAL026C|protein_coding||c.*4539dupA|||||4539|;LOF=(YAL029C|YAL029C|1|1.00)	GT:AD:DP:GQ:PGT:PID:PL:PS	70_0.0;1410_0.0;2640_0.0;5150_1.0;10150_1.0	1.0	15,0	27,0	21,0	0,12	0,1	0,14
chrI 91070 C -> G G|missense_variant|YAL029C||MYO4|Type V myosin motor involved in actin-based transport of cargos	chrI	91070	.	C	G	1255.91	G|missense_variant|YAL029C||MYO4|Type V myosin motor involved in actin-based transport of cargos	.	AC=6;AF=5.566e-03;AN=1078;DP=10659;ExcessHet=0.0000;FS=0.000;InbreedingCoeff=0.5955;MLEAC=5;MLEAF=4.638e-03;MQ=60.00;QD=34.66;SOR=0.892;ANN=G|missense_variant|MODERATE|YAL029C|YAL029C|transcript|TRANSCRIPT_YAL029C|protein_coding|1/1|c.1174G>C|p.Glu392Gln|1174/4416|1174/4416|392/1471||,G|upstream_gene_variant|MODIFIER|YAL031C|YAL031C|transcript|TRANSCRIPT_YAL031C|protein_coding||c.-4066G>C|||||4066|,G|upstream_gene_variant|MODIFIER|YAL028W|YAL028W|transcript|TRANSCRIPT_YAL028W|protein_coding||c.-1803C>G|||||1803|,G|upstream_gene_variant|MODIFIER|YAL027W|YAL027W|transcript|TRANSCRIPT_YAL027W|protein_coding||c.-3590C>G|||||3590|,G|downstream_gene_variant|MODIFIER|YAL030W|YAL030W|transcript|TRANSCRIPT_YAL030W|protein_coding||c.*3345C>G|||||3345|,G|downstream_gene_variant|MODIFIER|YAL026C-A|YAL026C-A|transcript|TRANSCRIPT_YAL026C-A|protein_coding||c.*4289G>C|||||4289|,G|downstream_gene_variant|MODIFIER|YAL026C|YAL026C|transcript|TRANSCRIPT_YAL026C|protein_coding||c.*4533G>C|||||4533|	GT:AD:DP:GQ:PGT:PID:PL:PS	70_0.0;1410_0.0;2640_0.0;5150_1.0;10150_1.0	1.0	15,0	27,0	23,0	0,14	0,2	0,15
chrI 94048 TA -> T T|frameshift_variant|YAL028W||FRT2|Tail-anchored ER membrane protein of unknown function	chrI	94048	.	TA	T	411.66	T|frameshift_variant|YAL028W||FRT2|Tail-anchored ER membrane protein of unknown function	.	AC=4;AF=3.717e-03;AN=1076;DP=11238;ExcessHet=0.0000;FS=0.000;InbreedingCoeff=0.5345;MLEAC=3;MLEAF=2.788e-03;MQ=60.00;QD=25.73;SOR=1.244;ANN=T|frameshift_variant|HIGH|YAL028W|YAL028W|transcript|TRANSCRIPT_YAL028W|protein_coding|1/1|c.1181delA|p.Asn394fs|1181/1587|1181/1587|394/528||INFO_REALIGN_3_PRIME,T|upstream_gene_variant|MODIFIER|YAL029C|YAL029C|transcript|TRANSCRIPT_YAL029C|protein_coding||c.-1806delT|||||1806|,T|upstream_gene_variant|MODIFIER|YAL027W|YAL027W|transcript|TRANSCRIPT_YAL027W|protein_coding||c.-611delA|||||611|,T|downstream_gene_variant|MODIFIER|YAL026C-A|YAL026C-A|transcript|TRANSCRIPT_YAL026C-A|protein_coding||c.*1310delT|||||1310|,T|downstream_gene_variant|MODIFIER|YAL026C|YAL026C|transcript|TRANSCRIPT_YAL026C|protein_coding||c.*1554delT|||||1554|;LOF=(YAL028W|YAL028W|1|1.00)	GT:AD:DP:GQ:PL	70_0.0;1410_0.0;2640_0.0;5150_0.0;7530_1.0;10150_1.0	1.0	14,0	26,0	11,0	23,0	0,7	0,9
chrI 98041 T -> C C|missense_variant|YAL026C||DRS2|Trans-golgi network aminophospholipid translocase (flippase)	chrI	98041	.	T	C	3092.83	C|missense_variant|YAL026C||DRS2|Trans-golgi network aminophospholipid translocase (flippase)	.	AC=11;AF=0.010;AN=1078;BaseQRankSum=-2.287e+00;DP=11585;ExcessHet=0.0000;FS=1.505;InbreedingCoeff=0.7003;MLEAC=10;MLEAF=9.276e-03;MQ=60.00;MQRankSum=0.00;QD=32.56;ReadPosRankSum=0.00;SOR=1.286;ANN=C|missense_variant|MODERATE|YAL026C|YAL026C|transcript|TRANSCRIPT_YAL026C|protein_coding|1/1|c.1630A>G|p.Thr544Ala|1630/4068|1630/4068|544/1355||,C|upstream_gene_variant|MODIFIER|YAL026C-A|YAL026C-A|transcript|TRANSCRIPT_YAL026C-A|protein_coding||c.-2245A>G|||||2245|,C|downstream_gene_variant|MODIFIER|YAL028W|YAL028W|transcript|TRANSCRIPT_YAL028W|protein_coding||c.*3582T>C|||||3582|,C|downstream_gene_variant|MODIFIER|YAL027W|YAL027W|transcript|TRANSCRIPT_YAL027W|protein_coding||c.*2596T>C|||||2596|,C|downstream_gene_variant|MODIFIER|YAL025C|YAL025C|transcript|TRANSCRIPT_YAL025C|protein_coding||c.*2157A>G|||||2157|,C|downstream_gene_variant|MODIFIER|YAL024C|YAL024C|transcript|TRANSCRIPT_YAL024C|protein_coding||c.*3497A>G|||||3497|	GT:AD:DP:GQ:PL	70_0.2;1410_1.0;2640_1.0;5150_1.0;7530_1.0;10150_1.0	1.0	8,2	0,29	0,14	0,14	0,7	0,21
chrI 181097 C -> A nan	chrI	181097	.	C	A	2217.51		.	AC=6;AF=5.587e-03;AN=1074;BaseQRankSum=-1.510e-01;DP=12495;ExcessHet=0.0000;FS=5.206;InbreedingCoeff=0.6304;MLEAC=6;MLEAF=5.587e-03;MQ=60.00;MQRankSum=0.00;QD=28.60;ReadPosRankSum=-5.070e-01;SOR=1.768;ANN=A|upstream_gene_variant|MODIFIER|YAR020C|YAR020C|transcript|TRANSCRIPT_YAR020C|protein_coding||c.-4099G>T|||||4099|,A|upstream_gene_variant|MODIFIER|YAR023C|YAR023C|transcript|TRANSCRIPT_YAR023C|protein_coding||c.-1302G>T|||||1302|,A|upstream_gene_variant|MODIFIER|YAR027W|YAR027W|transcript|TRANSCRIPT_YAR027W|protein_coding||c.-2644C>A|||||2644|,A|upstream_gene_variant|MODIFIER|YAR028W|YAR028W|transcript|TRANSCRIPT_YAR028W|protein_coding||c.-3766C>A|||||3766|,A|intergenic_region|MODIFIER|YAR023C-YAR027W|YAR023C-YAR027W|intergenic_region|YAR023C-YAR027W|||n.181097C>A||||||	GT:AD:DP:GQ:PL	70_0.0;1410_0.0;2640_0.9583333333333334;5150_1.0;10150_1.0	1.0	18,0	14,0	1,23	0,21	1,0	0,18
chrII 47317 T -> A nan	chrII	47317	.	T	A	478.24		.	AC=4;AF=3.717e-03;AN=1076;DP=12433;ExcessHet=0.0000;FS=0.000;InbreedingCoeff=0.5738;MLEAC=3;MLEAF=2.788e-03;MQ=60.00;QD=28.13;SOR=1.061;ANN=A|upstream_gene_variant|MODIFIER|YBL096C|YBL096C|transcript|TRANSCRIPT_YBL096C|protein_coding||c.-3836A>T|||||3836|,A|upstream_gene_variant|MODIFIER|YBL094C|YBL094C|transcript|TRANSCRIPT_YBL094C|protein_coding||c.-3221A>T|||||3221|,A|upstream_gene_variant|MODIFIER|YBL093C|YBL093C|transcript|TRANSCRIPT_YBL093C|protein_coding||c.-2400A>T|||||2400|,A|upstream_gene_variant|MODIFIER|YBL091C-A|YBL091C-A|transcript|TRANSCRIPT_YBL091C-A|protein_coding||c.-138A>T|||||138|,A|upstream_gene_variant|MODIFIER|YBL090W|YBL090W|transcript|TRANSCRIPT_YBL090W|protein_coding||c.-1507T>A|||||1507|,A|upstream_gene_variant|MODIFIER|YBL089W|YBL089W|transcript|TRANSCRIPT_YBL089W|protein_coding||c.-2256T>A|||||2256|,A|downstream_gene_variant|MODIFIER|YBL097W|YBL097W|transcript|TRANSCRIPT_YBL097W|protein_coding||c.*4223T>A|||||4223|,A|downstream_gene_variant|MODIFIER|YBL095W|YBL095W|transcript|TRANSCRIPT_YBL095W|protein_coding||c.*3229T>A|||||3229|,A|downstream_gene_variant|MODIFIER|YBL092W|YBL092W|transcript|TRANSCRIPT_YBL092W|protein_coding||c.*948T>A|||||948|,A|downstream_gene_variant|MODIFIER|YBL091C|YBL091C|transcript|TRANSCRIPT_YBL091C|protein_coding||c.*45A>T|||||45|,A|downstream_gene_variant|MODIFIER|YBL088C|YBL088C|transcript|TRANSCRIPT_YBL088C|protein_coding||c.*3701A>T|||||3701|,A|intergenic_region|MODIFIER|YBL091C-A-YBL091C|YBL091C-A-YBL091C|intergenic_region|YBL091C-A-YBL091C|||n.47317T>A||||||	GT:AD:DP:GQ:PL	70_0.0;1410_0.0;2640_0.0;5150_0.0;10150_1.0	1.0	13,0	21,0	19,0	23,0	0,4	0,13
chrII 129732 T -> C C|missense_variant|YBL047C||EDE1|Scaffold protein involved in the formation of early endocytic sites	chrII	129732	.	T	C	1023.23	C|missense_variant|YBL047C||EDE1|Scaffold protein involved in the formation of early endocytic sites	.	AC=3;AF=2.793e-03;AN=1074;BaseQRankSum=-1.501e+00;DP=9979;ExcessHet=0.0061;FS=6.410;InbreedingCoeff=0.3353;MLEAC=3;MLEAF=2.793e-03;MQ=60.00;MQRankSum=0.00;QD=28.42;ReadPosRankSum=0.137;SOR=0.387;ANN=C|missense_variant|MODERATE|YBL047C|YBL047C|transcript|TRANSCRIPT_YBL047C|protein_coding|1/1|c.2303A>G|p.Asp768Gly|2303/4146|2303/4146|768/1381||,C|upstream_gene_variant|MODIFIER|YBL051C|YBL051C|transcript|TRANSCRIPT_YBL051C|protein_coding||c.-4979A>G|||||4979|,C|upstream_gene_variant|MODIFIER|YBL046W|YBL046W|transcript|TRANSCRIPT_YBL046W|protein_coding||c.-2686T>C|||||2686|,C|downstream_gene_variant|MODIFIER|YBL050W|YBL050W|transcript|TRANSCRIPT_YBL050W|protein_coding||c.*3619T>C|||||3619|,C|downstream_gene_variant|MODIFIER|YBL049W|YBL049W|transcript|TRANSCRIPT_YBL049W|protein_coding||c.*2494T>C|||||2494|,C|downstream_gene_variant|MODIFIER|YBL048W|YBL048W|transcript|TRANSCRIPT_YBL048W|protein_coding||c.*2128T>C|||||2128|,C|downstream_gene_variant|MODIFIER|YBL045C|YBL045C|transcript|TRANSCRIPT_YBL045C|protein_coding||c.*4405A>G|||||4405|	GT:AD:DP:GQ:PGT:PID:PL:PS	70_0.0;1410_0.0;2640_0.0;5150_0.8695652173913043;10150_1.0	1.0	24,0	22,0	23,0	3,20	1,0	0,13
chrII 130679 A -> T T|missense_variant|YBL047C||EDE1|Scaffold protein involved in the formation of early endocytic sites	chrII	130679	.	A	T	1577.0	T|missense_variant|YBL047C||EDE1|Scaffold protein involved in the formation of early endocytic sites	.	AC=8;AF=7.421e-03;AN=1078;BaseQRankSum=0.790;DP=9929;ExcessHet=0.0000;FS=6.284;InbreedingCoeff=0.5597;MLEAC=5;MLEAF=4.638e-03;MQ=60.00;MQRankSum=0.00;QD=29.75;ReadPosRankSum=-1.327e+00;SOR=0.312;ANN=T|missense_variant|MODERATE|YBL047C|YBL047C|transcript|TRANSCRIPT_YBL047C|protein_coding|1/1|c.1356T>A|p.Asn452Lys|1356/4146|1356/4146|452/1381||,T|upstream_gene_variant|MODIFIER|YBL046W|YBL046W|transcript|TRANSCRIPT_YBL046W|protein_coding||c.-1739A>T|||||1739|,T|downstream_gene_variant|MODIFIER|YBL050W|YBL050W|transcript|TRANSCRIPT_YBL050W|protein_coding||c.*4566A>T|||||4566|,T|downstream_gene_variant|MODIFIER|YBL049W|YBL049W|transcript|TRANSCRIPT_YBL049W|protein_coding||c.*3441A>T|||||3441|,T|downstream_gene_variant|MODIFIER|YBL048W|YBL048W|transcript|TRANSCRIPT_YBL048W|protein_coding||c.*3075A>T|||||3075|,T|downstream_gene_variant|MODIFIER|YBL045C|YBL045C|transcript|TRANSCRIPT_YBL045C|protein_coding||c.*3458T>A|||||3458|	GT:AD:DP:GQ:PL	70_0.0;1410_0.0;2640_0.9;5150_1.0;10150_1.0	1.0	22,0	16,0	2,18	0,24	0,2	0,7
chrII 162558 C -> G G|missense_variant|YBL031W||SHE1|Mitotic spindle protein	chrII	162558	.	C	G	1580.04	G|missense_variant|YBL031W||SHE1|Mitotic spindle protein	.	AC=7;AF=6.494e-03;AN=1078;BaseQRankSum=2.70;DP=10495;ExcessHet=0.0000;FS=0.000;InbreedingCoeff=0.4868;MLEAC=6;MLEAF=5.566e-03;MQ=60.00;MQRankSum=0.00;QD=30.39;ReadPosRankSum=-2.890e-01;SOR=0.981;ANN=G|missense_variant|MODERATE|YBL031W|YBL031W|transcript|TRANSCRIPT_YBL031W|protein_coding|1/1|c.867C>G|p.Asn289Lys|867/1017|867/1017|289/338||,G|upstream_gene_variant|MODIFIER|YBL034C|YBL034C|transcript|TRANSCRIPT_YBL034C|protein_coding||c.-4175G>C|||||4175|,G|upstream_gene_variant|MODIFIER|YBL033C|YBL033C|transcript|TRANSCRIPT_YBL033C|protein_coding||c.-2871G>C|||||2871|,G|upstream_gene_variant|MODIFIER|YBL029W|YBL029W|transcript|TRANSCRIPT_YBL029W|protein_coding||c.-3566C>G|||||3566|,G|downstream_gene_variant|MODIFIER|YBL032W|YBL032W|transcript|TRANSCRIPT_YBL032W|protein_coding||c.*1235C>G|||||1235|,G|downstream_gene_variant|MODIFIER|YBL030C|YBL030C|transcript|TRANSCRIPT_YBL030C|protein_coding||c.*476G>C|||||476|,G|downstream_gene_variant|MODIFIER|YBL029C-A|YBL029C-A|transcript|TRANSCRIPT_YBL029C-A|protein_coding||c.*1923G>C|||||1923|,G|downstream_gene_variant|MODIFIER|YBL028C|YBL028C|transcript|TRANSCRIPT_YBL028C|protein_coding||c.*4950G>C|||||4950|	GT:AD:DP:GQ:PL	70_0.0;1410_0.0;2640_0.7619047619047619;5150_1.0;10150_1.0	1.0	12,0	14,0	5,16	0,19	0,3	0,9
chrII 170875 A -> C C|synonymous_variant|YBL026W||LSM2|Lsm (Like Sm) protein	chrII	170875	.	A	C	1937.41	C|synonymous_variant|YBL026W||LSM2|Lsm (Like Sm) protein	.	AC=10;AF=9.276e-03;AN=1078;BaseQRankSum=-6.610e-01;DP=11639;ExcessHet=0.0000;FS=3.237;InbreedingCoeff=0.6804;MLEAC=8;MLEAF=7.421e-03;MQ=60.00;MQRankSum=0.00;QD=32.84;ReadPosRankSum=0.580;SOR=0.384;ANN=C|synonymous_variant|LOW|YBL026W|YBL026W|transcript|TRANSCRIPT_YBL026W|protein_coding|2/2|c.171A>C|p.Val57Val|171/288|171/288|57/95||,C|upstream_gene_variant|MODIFIER|YBL028C|YBL028C|transcript|TRANSCRIPT_YBL028C|protein_coding||c.-3047T>G|||||3047|,C|upstream_gene_variant|MODIFIER|YBL025W|YBL025W|transcript|TRANSCRIPT_YBL025W|protein_coding||c.-560A>C|||||560|,C|upstream_gene_variant|MODIFIER|YBL024W|YBL024W|transcript|TRANSCRIPT_YBL024W|protein_coding||c.-1612A>C|||||1612|,C|downstream_gene_variant|MODIFIER|YBL029W|YBL029W|transcript|TRANSCRIPT_YBL029W|protein_coding||c.*3621A>C|||||3621|,C|downstream_gene_variant|MODIFIER|YBL027W|YBL027W|transcript|TRANSCRIPT_YBL027W|protein_coding||c.*1507A>C|||||1507|,C|downstream_gene_variant|MODIFIER|YBL023C|YBL023C|transcript|TRANSCRIPT_YBL023C|protein_coding||c.*3992T>G|||||3992|	GT:AD:DP:GQ:PL	70_0.0;1410_0.9333333333333333;2640_1.0;5150_1.0;10150_1.0	1.0	21,0	1,14	0,15	0,20	0,1	0,9
chrII 238241 A -> G nan	chrII	238241	.	A	G	379.61		.	AC=4;AF=3.766e-03;AN=1062;DP=5433;ExcessHet=0.0000;FS=0.000;InbreedingCoeff=0.2923;MLEAC=3;MLEAF=2.825e-03;MQ=60.00;QD=31.63;SOR=1.022;ANN=G|upstream_gene_variant|MODIFIER|YBL003C|YBL003C|transcript|TRANSCRIPT_YBL003C|protein_coding||c.-2506T>C|||||2506|,G|upstream_gene_variant|MODIFIER|YBL001C|YBL001C|transcript|TRANSCRIPT_YBL001C|protein_coding||c.-831T>C|||||831|,G|upstream_gene_variant|MODIFIER|YBR003W|YBR003W|transcript|TRANSCRIPT_YBR003W|protein_coding||c.-4511A>G|||||4511|,G|downstream_gene_variant|MODIFIER|YBL004W|YBL004W|transcript|TRANSCRIPT_YBL004W|protein_coding||c.*3181A>G|||||3181|,G|downstream_gene_variant|MODIFIER|YBL002W|YBL002W|transcript|TRANSCRIPT_YBL002W|protein_coding||c.*1411A>G|||||1411|,G|downstream_gene_variant|MODIFIER|YBR001C|YBR001C|transcript|TRANSCRIPT_YBR001C|protein_coding||c.*643T>C|||||643|,G|downstream_gene_variant|MODIFIER|YBR002C|YBR002C|transcript|TRANSCRIPT_YBR002C|protein_coding||c.*3410T>C|||||3410|,G|intergenic_region|MODIFIER|YBL001C-YBR001C|YBL001C-YBR001C|intergenic_region|YBL001C-YBR001C|||n.238241A>G||||||	GT:AD:DP:GQ:PL	70_0.0;1410_0.0;2640_0.0;5150_0.0;10150_1.0	1.0	13,0	10,0	7,0	6,0	0,3	0,9
chrII 281453 T -> A A|missense_variant|YBR021W||FUR4|Plasma membrane localized uracil permease	chrII	281453	.	T	A	755.3	A|missense_variant|YBR021W||FUR4|Plasma membrane localized uracil permease	.	AC=5;AF=4.655e-03;AN=1074;BaseQRankSum=0.634;DP=10630;ExcessHet=0.0000;FS=0.000;InbreedingCoeff=0.4984;MLEAC=4;MLEAF=3.724e-03;MQ=60.00;MQRankSum=0.00;QD=25.18;ReadPosRankSum=0.580;SOR=0.784;ANN=A|missense_variant|MODERATE|YBR021W|YBR021W|transcript|TRANSCRIPT_YBR021W|protein_coding|1/1|c.73T>A|p.Ser25Thr|73/1902|73/1902|25/633||,A|upstream_gene_variant|MODIFIER|YBR019C|YBR019C|transcript|TRANSCRIPT_YBR019C|protein_coding||c.-3163A>T|||||3163|,A|upstream_gene_variant|MODIFIER|YBR022W|YBR022W|transcript|TRANSCRIPT_YBR022W|protein_coding||c.-2223T>A|||||2223|,A|downstream_gene_variant|MODIFIER|YBR020W|YBR020W|transcript|TRANSCRIPT_YBR020W|protein_coding||c.*908T>A|||||908|,A|downstream_gene_variant|MODIFIER|YBR023C|YBR023C|transcript|TRANSCRIPT_YBR023C|protein_coding||c.*2913A>T|||||2913|	GT:AD:DP:GQ:PL	70_0.0;1410_0.0;2640_0.0;5150_0.8;7530_1.0;10150_1.0	1.0	13,0	13,0	19,0	3,12	0,5	0,10
chrII 477254 G -> T nan	chrII	477254	.	G	T	497.63		.	AC=5;AF=4.647e-03;AN=1076;BaseQRankSum=-7.480e-01;DP=10467;ExcessHet=0.0000;FS=2.521;InbreedingCoeff=0.4891;MLEAC=3;MLEAF=2.788e-03;MQ=60.00;MQRankSum=0.00;QD=21.64;ReadPosRankSum=0.611;SOR=0.929;ANN=T|upstream_gene_variant|MODIFIER|YBR115C|YBR115C|transcript|TRANSCRIPT_YBR115C|protein_coding||c.-3367C>A|||||3367|,T|upstream_gene_variant|MODIFIER|YBR116C|YBR116C|transcript|TRANSCRIPT_YBR116C|protein_coding||c.-2567C>A|||||2567|,T|upstream_gene_variant|MODIFIER|YBR117C|YBR117C|transcript|TRANSCRIPT_YBR117C|protein_coding||c.-856C>A|||||856|,T|upstream_gene_variant|MODIFIER|YBR118W|YBR118W|transcript|TRANSCRIPT_YBR118W|protein_coding||c.-378G>T|||||378|,T|upstream_gene_variant|MODIFIER|YBR119W|YBR119W|transcript|TRANSCRIPT_YBR119W|protein_coding||c.-2045G>T|||||2045|,T|downstream_gene_variant|MODIFIER|YBR120C|YBR120C|transcript|TRANSCRIPT_YBR120C|protein_coding||c.*3142C>A|||||3142|,T|downstream_gene_variant|MODIFIER|YBR121C|YBR121C|transcript|TRANSCRIPT_YBR121C|protein_coding||c.*4071C>A|||||4071|,T|intergenic_region|MODIFIER|YBR117C-YBR118W|YBR117C-YBR118W|intergenic_region|YBR117C-YBR118W|||n.477254G>T||||||	GT:AD:DP:GQ:PL	70_0.0;1410_0.0;2640_0.0;5150_0.75;7530_1.0	1.0	12,0	18,0	20,0	3,9	0,7	0,4
chrII 546444 A -> T T|synonymous_variant|YBR152W||SPP381|mRNA splicing factor, component of U4/U6.U5 tri-snRNP	chrII	546444	.	A	T	877.12	T|synonymous_variant|YBR152W||SPP381|mRNA splicing factor, component of U4/U6.U5 tri-snRNP	.	AC=6;AF=5.597e-03;AN=1072;DP=8283;ExcessHet=0.0000;FS=0.000;InbreedingCoeff=0.4444;MLEAC=5;MLEAF=4.664e-03;MQ=60.00;QD=32.49;SOR=1.302;ANN=T|synonymous_variant|LOW|YBR152W|YBR152W|transcript|TRANSCRIPT_YBR152W|protein_coding|1/1|c.108A>T|p.Ser36Ser|108/876|108/876|36/291||,T|upstream_gene_variant|MODIFIER|YBR150C|YBR150C|transcript|TRANSCRIPT_YBR150C|protein_coding||c.-1990T>A|||||1990|,T|upstream_gene_variant|MODIFIER|YBR153W|YBR153W|transcript|TRANSCRIPT_YBR153W|protein_coding||c.-977A>T|||||977|,T|upstream_gene_variant|MODIFIER|YBR155W|YBR155W|transcript|TRANSCRIPT_YBR155W|protein_coding||c.-3288A>T|||||3288|,T|downstream_gene_variant|MODIFIER|YBR151W|YBR151W|transcript|TRANSCRIPT_YBR151W|protein_coding||c.*505A>T|||||505|,T|downstream_gene_variant|MODIFIER|YBR154C|YBR154C|transcript|TRANSCRIPT_YBR154C|protein_coding||c.*1879T>A|||||1879|,T|downstream_gene_variant|MODIFIER|YBR156C|YBR156C|transcript|TRANSCRIPT_YBR156C|protein_coding||c.*4621T>A|||||4621|	GT:AD:DP:GQ:PL	70_0.0;1410_0.0;2640_0.0;5150_1.0;10150_1.0	1.0	16,0	15,0	15,0	0,13	0,4	0,10
chrII 546927 G -> A A|synonymous_variant|YBR152W||SPP381|mRNA splicing factor, component of U4/U6.U5 tri-snRNP	chrII	546927	.	G	A	1085.13	A|synonymous_variant|YBR152W||SPP381|mRNA splicing factor, component of U4/U6.U5 tri-snRNP	.	AC=5;AF=4.638e-03;AN=1078;BaseQRankSum=1.29;DP=9937;ExcessHet=0.0000;FS=2.191;InbreedingCoeff=0.3789;MLEAC=4;MLEAF=3.711e-03;MQ=60.00;MQRankSum=0.00;QD=28.56;ReadPosRankSum=-1.550e-01;SOR=0.405;ANN=A|synonymous_variant|LOW|YBR152W|YBR152W|transcript|TRANSCRIPT_YBR152W|protein_coding|1/1|c.591G>A|p.Lys197Lys|591/876|591/876|197/291||,A|upstream_gene_variant|MODIFIER|YBR150C|YBR150C|transcript|TRANSCRIPT_YBR150C|protein_coding||c.-2473C>T|||||2473|,A|upstream_gene_variant|MODIFIER|YBR153W|YBR153W|transcript|TRANSCRIPT_YBR153W|protein_coding||c.-494G>A|||||494|,A|upstream_gene_variant|MODIFIER|YBR155W|YBR155W|transcript|TRANSCRIPT_YBR155W|protein_coding||c.-2805G>A|||||2805|,A|downstream_gene_variant|MODIFIER|YBR151W|YBR151W|transcript|TRANSCRIPT_YBR151W|protein_coding||c.*988G>A|||||988|,A|downstream_gene_variant|MODIFIER|YBR154C|YBR154C|transcript|TRANSCRIPT_YBR154C|protein_coding||c.*1396C>T|||||1396|,A|downstream_gene_variant|MODIFIER|YBR156C|YBR156C|transcript|TRANSCRIPT_YBR156C|protein_coding||c.*4138C>T|||||4138|	GT:AD:DP:GQ:PL	70_0.0;1410_0.0;2640_0.0;5150_0.8333333333333334;10150_1.0	1.0	21,0	12,0	15,0	4,20	0,4	0,10
chrII 565428 C -> G nan	chrII	565428	.	C	G	928.88		.	AC=5;AF=4.638e-03;AN=1078;BaseQRankSum=-8.800e-01;DP=10020;ExcessHet=0.0000;FS=1.998;InbreedingCoeff=0.3778;MLEAC=3;MLEAF=2.783e-03;MQ=60.00;MQRankSum=0.00;QD=26.54;ReadPosRankSum=-1.120e+00;SOR=0.993;ANN=G|upstream_gene_variant|MODIFIER|YBR162C|YBR162C|transcript|TRANSCRIPT_YBR162C|protein_coding||c.-897G>C|||||897|,G|upstream_gene_variant|MODIFIER|YBR163W|YBR163W|transcript|TRANSCRIPT_YBR163W|protein_coding||c.-256C>G|||||256|,G|upstream_gene_variant|MODIFIER|YBR165W|YBR165W|transcript|TRANSCRIPT_YBR165W|protein_coding||c.-3385C>G|||||3385|,G|downstream_gene_variant|MODIFIER|YBR160W|YBR160W|transcript|TRANSCRIPT_YBR160W|protein_coding||c.*4493C>G|||||4493|,G|downstream_gene_variant|MODIFIER|YBR161W|YBR161W|transcript|TRANSCRIPT_YBR161W|protein_coding||c.*2703C>G|||||2703|,G|downstream_gene_variant|MODIFIER|YBR162W-A|YBR162W-A|transcript|TRANSCRIPT_YBR162W-A|protein_coding||c.*39C>G|||||39|,G|downstream_gene_variant|MODIFIER|YBR164C|YBR164C|transcript|TRANSCRIPT_YBR164C|protein_coding||c.*2408G>C|||||2408|,G|downstream_gene_variant|MODIFIER|YBR166C|YBR166C|transcript|TRANSCRIPT_YBR166C|protein_coding||c.*4375G>C|||||4375|,G|intergenic_region|MODIFIER|YBR162W-A-YBR163W|YBR162W-A-YBR163W|intergenic_region|YBR162W-A-YBR163W|||n.565428C>G||||||	GT:AD:DP:GQ:PL	70_0.0;1410_0.0;2640_0.0;5150_0.782608695652174;10150_1.0	1.0	12,0	22,0	15,0	5,18	0,4	0,8
chrII 589347 G -> A nan	chrII	589347	.	G	A	958.74		.	AC=6;AF=5.587e-03;AN=1074;BaseQRankSum=-1.981e+00;DP=11259;ExcessHet=0.0001;FS=5.263;InbreedingCoeff=0.5065;MLEAC=5;MLEAF=4.655e-03;MQ=60.00;MQRankSum=0.00;QD=21.31;ReadPosRankSum=-9.450e-01;SOR=1.418;ANN=A|upstream_gene_variant|MODIFIER|YBR177C|YBR177C|transcript|TRANSCRIPT_YBR177C|protein_coding||c.-3224C>T|||||3224|,A|upstream_gene_variant|MODIFIER|YBR179C|YBR179C|transcript|TRANSCRIPT_YBR179C|protein_coding||c.-272C>T|||||272|,A|upstream_gene_variant|MODIFIER|YBR180W|YBR180W|transcript|TRANSCRIPT_YBR180W|protein_coding||c.-355G>A|||||355|,A|downstream_gene_variant|MODIFIER|YBR176W|YBR176W|transcript|TRANSCRIPT_YBR176W|protein_coding||c.*4728G>A|||||4728|,A|downstream_gene_variant|MODIFIER|YBR178W|YBR178W|transcript|TRANSCRIPT_YBR178W|protein_coding||c.*2941G>A|||||2941|,A|downstream_gene_variant|MODIFIER|YBR181C|YBR181C|transcript|TRANSCRIPT_YBR181C|protein_coding||c.*2326C>T|||||2326|,A|downstream_gene_variant|MODIFIER|YBR182C|YBR182C|transcript|TRANSCRIPT_YBR182C|protein_coding||c.*4120C>T|||||4120|,A|intergenic_region|MODIFIER|YBR179C-YBR180W|YBR179C-YBR180W|intergenic_region|YBR179C-YBR180W|||n.589347G>A||||||	GT:AD:DP:GQ:PL	70_0.0;1410_0.0;2640_0.0;5150_0.5294117647058824;7530_1.0;10150_1.0	0.9375	18,0	16,0	16,0	8,9	0,9	0,12
chrII 590658 A -> C C|missense_variant|YBR180W||DTR1|Putative dityrosine transporter of the major facilitator superfamily	chrII	590658	.	A	C	915.71	C|missense_variant|YBR180W||DTR1|Putative dityrosine transporter of the major facilitator superfamily	.	AC=5;AF=4.664e-03;AN=1072;BaseQRankSum=0.00;DP=11584;ExcessHet=0.0000;FS=5.686;InbreedingCoeff=0.5728;MLEAC=4;MLEAF=3.731e-03;MQ=60.00;MQRankSum=0.00;QD=26.93;ReadPosRankSum=1.46;SOR=0.109;ANN=C|missense_variant|MODERATE|YBR180W|YBR180W|transcript|TRANSCRIPT_YBR180W|protein_coding|1/1|c.957A>C|p.Glu319Asp|957/1719|957/1719|319/572||,C|upstream_gene_variant|MODIFIER|YBR177C|YBR177C|transcript|TRANSCRIPT_YBR177C|protein_coding||c.-4535T>G|||||4535|,C|upstream_gene_variant|MODIFIER|YBR179C|YBR179C|transcript|TRANSCRIPT_YBR179C|protein_coding||c.-1583T>G|||||1583|,C|downstream_gene_variant|MODIFIER|YBR178W|YBR178W|transcript|TRANSCRIPT_YBR178W|protein_coding||c.*4252A>C|||||4252|,C|downstream_gene_variant|MODIFIER|YBR181C|YBR181C|transcript|TRANSCRIPT_YBR181C|protein_coding||c.*1015T>G|||||1015|,C|downstream_gene_variant|MODIFIER|YBR182C|YBR182C|transcript|TRANSCRIPT_YBR182C|protein_coding||c.*2809T>G|||||2809|,C|downstream_gene_variant|MODIFIER|YBR182C-A|YBR182C-A|transcript|TRANSCRIPT_YBR182C-A|protein_coding||c.*4664T>G|||||4664|	GT:AD:DP:GQ:PL	70_0.0;1410_0.0;2640_0.0;5150_0.8235294117647058;10150_1.0	1.0	8,0	16,0	23,0	3,14	0,4	0,13
chrII 694202 G -> T T|missense_variant|YBR237W||PRP5|RNA helicase in the DEAD-box family	chrII	694202	.	G	T	1345.07	T|missense_variant|YBR237W||PRP5|RNA helicase in the DEAD-box family	.	AC=5;AF=4.647e-03;AN=1076;BaseQRankSum=3.95;DP=11000;ExcessHet=0.0000;FS=0.000;InbreedingCoeff=0.4379;MLEAC=5;MLEAF=4.647e-03;MQ=60.00;MQRankSum=0.00;QD=30.57;ReadPosRankSum=-1.094e+00;SOR=0.693;ANN=T|missense_variant|MODERATE|YBR237W|YBR237W|transcript|TRANSCRIPT_YBR237W|protein_coding|1/1|c.2357G>T|p.Ser786Ile|2357/2550|2357/2550|786/849||,T|upstream_gene_variant|MODIFIER|YBR236C|YBR236C|transcript|TRANSCRIPT_YBR236C|protein_coding||c.-2632C>A|||||2632|,T|downstream_gene_variant|MODIFIER|YBR235W|YBR235W|transcript|TRANSCRIPT_YBR235W|protein_coding||c.*4062G>T|||||4062|,T|downstream_gene_variant|MODIFIER|YBR238C|YBR238C|transcript|TRANSCRIPT_YBR238C|protein_coding||c.*784C>A|||||784|,T|downstream_gene_variant|MODIFIER|YBR239C|YBR239C|transcript|TRANSCRIPT_YBR239C|protein_coding||c.*4029C>A|||||4029|	GT:AD:DP:GQ:PL	70_0.0;1410_0.0;2640_0.75;5150_1.0;10150_1.0	1.0	16,0	19,0	4,12	0,12	1,0	0,16
chrII 769376 A -> T T|synonymous_variant|YBR283C||SSH1|Subunit of the Ssh1 translocon complex	chrII	769376	.	A	T	2322.3	T|synonymous_variant|YBR283C||SSH1|Subunit of the Ssh1 translocon complex	.	AC=9;AF=8.364e-03;AN=1076;BaseQRankSum=-7.740e-01;DP=10769;ExcessHet=0.0000;FS=0.000;InbreedingCoeff=0.6264;MLEAC=8;MLEAF=7.435e-03;MQ=60.00;MQRankSum=0.00;QD=31.81;ReadPosRankSum=-2.560e-01;SOR=0.721;ANN=T|synonymous_variant|LOW|YBR283C|YBR283C|transcript|TRANSCRIPT_YBR283C|protein_coding|1/1|c.930T>A|p.Ala310Ala|930/1473|930/1473|310/490||,T|upstream_gene_variant|MODIFIER|YBR280C|YBR280C|transcript|TRANSCRIPT_YBR280C|protein_coding||c.-4788T>A|||||4788|,T|upstream_gene_variant|MODIFIER|YBR281C|YBR281C|transcript|TRANSCRIPT_YBR281C|protein_coding||c.-1879T>A|||||1879|,T|upstream_gene_variant|MODIFIER|YBR284W|YBR284W|transcript|TRANSCRIPT_YBR284W|protein_coding||c.-1753A>T|||||1753|,T|upstream_gene_variant|MODIFIER|YBR285W|YBR285W|transcript|TRANSCRIPT_YBR285W|protein_coding||c.-4436A>T|||||4436|,T|downstream_gene_variant|MODIFIER|YBR282W|YBR282W|transcript|TRANSCRIPT_YBR282W|protein_coding||c.*806A>T|||||806|	GT:AD:DP:GQ:PL	70_0.0;1410_0.8666666666666667;2640_1.0;5150_1.0;10150_1.0	1.0	13,0	2,13	0,19	0,23	0,3	0,13
chrII 772825 A -> T T|missense_variant|YBR284W||nan|Putative metallo-dependent hydrolase superfamily protein	chrII	772825	.	A	T	1102.6	T|missense_variant|YBR284W||nan|Putative metallo-dependent hydrolase superfamily protein	.	AC=5;AF=4.655e-03;AN=1074;BaseQRankSum=-9.550e-01;DP=12341;ExcessHet=0.0000;FS=0.000;InbreedingCoeff=0.5705;MLEAC=4;MLEAF=3.724e-03;MQ=60.00;MQRankSum=0.00;QD=28.27;ReadPosRankSum=0.503;SOR=0.715;ANN=T|missense_variant|MODERATE|YBR284W|YBR284W|transcript|TRANSCRIPT_YBR284W|protein_coding|1/1|c.1697A>T|p.Gln566Leu|1697/2394|1697/2394|566/797||,T|upstream_gene_variant|MODIFIER|YBR283C|YBR283C|transcript|TRANSCRIPT_YBR283C|protein_coding||c.-2520T>A|||||2520|,T|upstream_gene_variant|MODIFIER|YBR285W|YBR285W|transcript|TRANSCRIPT_YBR285W|protein_coding||c.-987A>T|||||987|,T|upstream_gene_variant|MODIFIER|YBR286W|YBR286W|transcript|TRANSCRIPT_YBR286W|protein_coding||c.-1765A>T|||||1765|,T|upstream_gene_variant|MODIFIER|YBR287W|YBR287W|transcript|TRANSCRIPT_YBR287W|protein_coding||c.-3636A>T|||||3636|,T|downstream_gene_variant|MODIFIER|YBR282W|YBR282W|transcript|TRANSCRIPT_YBR282W|protein_coding||c.*4255A>T|||||4255|	GT:AD:DP:GQ:PL	70_0.0;1410_0.0;2640_0.0;5150_0.88;10150_1.0	1.0	19,0	14,0	20,0	3,22	0,3	0,11
chrII 807753 C -> T nan	chrII	807753	.	C	T	2672.36		.	AC=9;AF=8.396e-03;AN=1072;BaseQRankSum=-1.713e+00;DP=13719;ExcessHet=0.0000;FS=0.000;InbreedingCoeff=0.7164;MLEAC=9;MLEAF=8.396e-03;MQ=60.00;MQRankSum=0.00;QD=30.37;ReadPosRankSum=1.76;SOR=0.444;ANN=T|upstream_gene_variant|MODIFIER|YBR298C|YBR298C|transcript|TRANSCRIPT_YBR298C|protein_coding||c.-3388G>A|||||3388|,T|upstream_gene_variant|MODIFIER|YBR298C-A|YBR298C-A|transcript|TRANSCRIPT_YBR298C-A|protein_coding||c.-2607G>A|||||2607|,T|upstream_gene_variant|MODIFIER|YBR301W|YBR301W|transcript|TRANSCRIPT_YBR301W|protein_coding||c.-1194C>T|||||1194|,T|downstream_gene_variant|MODIFIER|YBR299W|YBR299W|transcript|TRANSCRIPT_YBR299W|protein_coding||c.*758C>T|||||758|,T|downstream_gene_variant|MODIFIER|YBR300C|YBR300C|transcript|TRANSCRIPT_YBR300C|protein_coding||c.*737G>A|||||737|,T|downstream_gene_variant|MODIFIER|YBR302C|YBR302C|transcript|TRANSCRIPT_YBR302C|protein_coding||c.*2477G>A|||||2477|,T|intergenic_region|MODIFIER|YBR299W-YBR300C|YBR299W-YBR300C|intergenic_region|YBR299W-YBR300C|||n.807753C>T||||||	GT:AD:DP:GQ:PL	70_0.0;1410_0.88;2640_1.0;5150_1.0;7530_1.0;10150_1.0	1.0	24,0	3,22	0,19	0,23	0,11	0,10
chrIII 6217 TGACGCTGAGTCTTTACC -> T nan	chrIII	6217	.	TGACGCTGAGTCTTTACC	T	4191.7		.	AC=19,2;AF=0.018,1.859e-03;AN=1076;BaseQRankSum=0.191;DP=11751;ExcessHet=0.0000;FS=0.680;InbreedingCoeff=0.6029;MLEAC=14,2;MLEAF=0.013,1.859e-03;MQ=58.92;MQRankSum=0.00;QD=28.71;ReadPosRankSum=-7.700e-02;SOR=0.654;ANN=T|upstream_gene_variant|MODIFIER|YCL069W|YCL069W|transcript|TRANSCRIPT_YCL069W|protein_coding||c.-3488_-3472delGACGCTGAGTCTTTACC|||||3488|,TGACGCTGAGTCTTTACCGACGCTGAGTCTTTACC|upstream_gene_variant|MODIFIER|YCL069W|YCL069W|transcript|TRANSCRIPT_YCL069W|protein_coding||c.-3472_-3471insGACGCTGAGTCTTTACC|||||3471|,T|downstream_gene_variant|MODIFIER|YCL076W|YCL076W|transcript|TRANSCRIPT_YCL076W|protein_coding||c.*4083_*4099delGACGCTGAGTCTTTACC|||||4083|,TGACGCTGAGTCTTTACCGACGCTGAGTCTTTACC|downstream_gene_variant|MODIFIER|YCL076W|YCL076W|transcript|TRANSCRIPT_YCL076W|protein_coding||c.*4099_*4100insGACGCTGAGTCTTTACC|||||4100|,T|downstream_gene_variant|MODIFIER|CDS_III_2126_2566|GENE_CDS_III_2126_2566|transcript|YCL075W|protein_coding||c.*3652_*3668delGACGCTGAGTCTTTACC|||||3652|,TGACGCTGAGTCTTTACCGACGCTGAGTCTTTACC|downstream_gene_variant|MODIFIER|CDS_III_2126_2566|GENE_CDS_III_2126_2566|transcript|YCL075W|protein_coding||c.*3668_*3669insGACGCTGAGTCTTTACC|||||3669|,T|downstream_gene_variant|MODIFIER|CDS_III_2824_3750|GENE_CDS_III_2824_3750|transcript|YCL074W|protein_coding||c.*2468_*2484delGACGCTGAGTCTTTACC|||||2468|,TGACGCTGAGTCTTTACCGACGCTGAGTCTTTACC|downstream_gene_variant|MODIFIER|CDS_III_2824_3750|GENE_CDS_III_2824_3750|transcript|YCL074W|protein_coding||c.*2484_*2485insGACGCTGAGTCTTTACC|||||2485|,T|downstream_gene_variant|MODIFIER|YCL073C|YCL073C|transcript|TRANSCRIPT_YCL073C|protein_coding||c.*245_*261delGGTAAAGACTCAGCGTC|||||261|,TGACGCTGAGTCTTTACCGACGCTGAGTCTTTACC|downstream_gene_variant|MODIFIER|YCL073C|YCL073C|transcript|TRANSCRIPT_YCL073C|protein_coding||c.*244_*245insGGTAAAGACTCAGCGTC|||||244|,T|intergenic_region|MODIFIER|CDS_III_2824_3750-YCL073C|GENE_CDS_III_2824_3750-YCL073C|intergenic_region|GENE_CDS_III_2824_3750-YCL073C|||n.6218_6234delGACGCTGAGTCTTTACC||||||,TGACGCTGAGTCTTTACCGACGCTGAGTCTTTACC|intergenic_region|MODIFIER|CDS_III_2824_3750-YCL073C|GENE_CDS_III_2824_3750-YCL073C|intergenic_region|GENE_CDS_III_2824_3750-YCL073C|||n.6234_6235insGACGCTGAGTCTTTACC||||||	GT:AD:DP:GQ:PL	70_0.0;1410_0.0;2640_0.0;5150_0.875;10150_1.0	0.21359223300970875	15,0	20,0	24,0	2,14	0,3	0,5
chrIII 36888 C -> G G|missense_variant|YCL051W||LRE1|Protein involved in control of cell wall structure and stress response	chrIII	36888	.	C	G	1158.97	G|missense_variant|YCL051W||LRE1|Protein involved in control of cell wall structure and stress response	.	AC=6;AF=5.587e-03;AN=1074;DP=11629;ExcessHet=0.0000;FS=0.000;InbreedingCoeff=0.6482;MLEAC=5;MLEAF=4.655e-03;MQ=60.00;QD=34.09;SOR=1.085;ANN=G|missense_variant|MODERATE|YCL051W|YCL051W|transcript|TRANSCRIPT_YCL051W|protein_coding|1/1|c.1024C>G|p.Pro342Ala|1024/1752|1024/1752|342/583||,G|upstream_gene_variant|MODIFIER|YCL052C|YCL052C|transcript|TRANSCRIPT_YCL052C|protein_coding||c.-1495G>C|||||1495|,G|upstream_gene_variant|MODIFIER|YCL048W-A|YCL048W-A|transcript|TRANSCRIPT_YCL048W-A|protein_coding||c.-4600C>G|||||4600|,G|downstream_gene_variant|MODIFIER|YCL054W|YCL054W|transcript|TRANSCRIPT_YCL054W|protein_coding||c.*2914C>G|||||2914|,G|downstream_gene_variant|MODIFIER|YCL050C|YCL050C|transcript|TRANSCRIPT_YCL050C|protein_coding||c.*948G>C|||||948|,G|downstream_gene_variant|MODIFIER|YCL049C|YCL049C|transcript|TRANSCRIPT_YCL049C|protein_coding||c.*2898G>C|||||2898|	GT:AD:DP:GQ:PL	70_0.0;1410_0.0;2640_0.0;5150_1.0;10150_1.0	1.0	17,0	20,0	18,0	0,16	0,2	0,16
chrIII 57908 T -> A A|synonymous_variant|YCL037C||SRO9|Cytoplasmic RNA-binding protein;C|synonymous_variant|YCL037C||SRO9|Cytoplasmic RNA-binding protein	chrIII	57908	.	T	A	1788.88	A|synonymous_variant|YCL037C||SRO9|Cytoplasmic RNA-binding protein;C|synonymous_variant|YCL037C||SRO9|Cytoplasmic RNA-binding protein	.	AC=7,1;AF=6.506e-03,9.294e-04;AN=1076;BaseQRankSum=1.77;DP=10345;ExcessHet=0.0000;FS=8.213;InbreedingCoeff=0.4723;MLEAC=6,1;MLEAF=5.576e-03,9.294e-04;MQ=60.00;MQRankSum=0.00;QD=24.85;ReadPosRankSum=0.166;SOR=0.646;ANN=A|synonymous_variant|LOW|YCL037C|YCL037C|transcript|TRANSCRIPT_YCL037C|protein_coding|1/1|c.771A>T|p.Pro257Pro|771/1305|771/1305|257/434||,C|synonymous_variant|LOW|YCL037C|YCL037C|transcript|TRANSCRIPT_YCL037C|protein_coding|1/1|c.771A>G|p.Pro257Pro|771/1305|771/1305|257/434||,A|upstream_gene_variant|MODIFIER|YCL038C|YCL038C|transcript|TRANSCRIPT_YCL038C|protein_coding||c.-1381A>T|||||1381|,C|upstream_gene_variant|MODIFIER|YCL038C|YCL038C|transcript|TRANSCRIPT_YCL038C|protein_coding||c.-1381A>G|||||1381|,A|upstream_gene_variant|MODIFIER|YCL036W|YCL036W|transcript|TRANSCRIPT_YCL036W|protein_coding||c.-1118T>A|||||1118|,C|upstream_gene_variant|MODIFIER|YCL036W|YCL036W|transcript|TRANSCRIPT_YCL036W|protein_coding||c.-1118T>C|||||1118|,A|upstream_gene_variant|MODIFIER|YCL034W|YCL034W|transcript|TRANSCRIPT_YCL034W|protein_coding||c.-3750T>A|||||3750|,C|upstream_gene_variant|MODIFIER|YCL034W|YCL034W|transcript|TRANSCRIPT_YCL034W|protein_coding||c.-3750T>C|||||3750|,A|downstream_gene_variant|MODIFIER|YCL039W|YCL039W|transcript|TRANSCRIPT_YCL039W|protein_coding||c.*3026T>A|||||3026|,C|downstream_gene_variant|MODIFIER|YCL039W|YCL039W|transcript|TRANSCRIPT_YCL039W|protein_coding||c.*3026T>C|||||3026|,A|downstream_gene_variant|MODIFIER|YCL035C|YCL035C|transcript|TRANSCRIPT_YCL035C|protein_coding||c.*2933A>T|||||2933|,C|downstream_gene_variant|MODIFIER|YCL035C|YCL035C|transcript|TRANSCRIPT_YCL035C|protein_coding||c.*2933A>G|||||2933|,A|downstream_gene_variant|MODIFIER|YCL033C|YCL033C|transcript|TRANSCRIPT_YCL033C|protein_coding||c.*4868A>T|||||4868|,C|downstream_gene_variant|MODIFIER|YCL033C|YCL033C|transcript|TRANSCRIPT_YCL033C|protein_coding||c.*4868A>G|||||4868|	GT:AD:DP:GQ:PGT:PID:PL:PS	70_0.0;1410_0.0;2640_0.7619047619047619;5150_1.0;7530_1.0;10150_1.0	0.9298245614035088	21,0	13,0	5,16	0,14	0,5	0,18
chrIII 108452 G -> A A|synonymous_variant|YCL005W||LDB16|Protein involved in lipid droplet (LD) assembly	chrIII	108452	.	G	A	444.33	A|synonymous_variant|YCL005W||LDB16|Protein involved in lipid droplet (LD) assembly	.	AC=4;AF=3.711e-03;AN=1078;BaseQRankSum=-2.260e+00;DP=11798;ExcessHet=0.0000;FS=0.000;InbreedingCoeff=0.5441;MLEAC=3;MLEAF=2.783e-03;MQ=60.00;MQRankSum=0.00;QD=27.77;ReadPosRankSum=-1.269e+00;SOR=0.914;ANN=A|synonymous_variant|LOW|YCL005W|YCL005W|transcript|TRANSCRIPT_YCL005W|protein_coding|1/1|c.438G>A|p.Lys146Lys|438/771|438/771|146/256||,A|upstream_gene_variant|MODIFIER|YCL010C|YCL010C|transcript|TRANSCRIPT_YCL010C|protein_coding||c.-4108C>T|||||4108|,A|upstream_gene_variant|MODIFIER|YCL009C|YCL009C|transcript|TRANSCRIPT_YCL009C|protein_coding||c.-2910C>T|||||2910|,A|upstream_gene_variant|MODIFIER|YCL008C|YCL008C|transcript|TRANSCRIPT_YCL008C|protein_coding||c.-1605C>T|||||1605|,A|upstream_gene_variant|MODIFIER|YCL007C|YCL007C|transcript|TRANSCRIPT_YCL007C|protein_coding||c.-1092C>T|||||1092|,A|upstream_gene_variant|MODIFIER|YCL004W|YCL004W|transcript|TRANSCRIPT_YCL004W|protein_coding||c.-647G>A|||||647|,A|upstream_gene_variant|MODIFIER|YCL001W|YCL001W|transcript|TRANSCRIPT_YCL001W|protein_coding||c.-3458G>A|||||3458|,A|upstream_gene_variant|MODIFIER|YCL001W-A|YCL001W-A|transcript|TRANSCRIPT_YCL001W-A|protein_coding||c.-4622G>A|||||4622|,A|downstream_gene_variant|MODIFIER|YCL005W-A|YCL005W-A|transcript|TRANSCRIPT_YCL005W-A|protein_coding||c.*1041G>A|||||1041|,A|downstream_gene_variant|MODIFIER|YCL002C|YCL002C|transcript|TRANSCRIPT_YCL002C|protein_coding||c.*2350C>T|||||2350|	GT:AD:DP:GQ:PL	70_0.0;1410_0.0;2640_0.0;5150_0.0;7530_1.0;10150_1.0	1.0	11,0	12,0	13,0	20,0	0,6	0,10
chrIII 203107 T -> A A|synonymous_variant|YCR042C||TAF2|TFIID subunit (150 kDa)	chrIII	203107	.	T	A	962.46	A|synonymous_variant|YCR042C||TAF2|TFIID subunit (150 kDa)	.	AC=5;AF=4.638e-03;AN=1078;BaseQRankSum=-1.038e+00;DP=11917;ExcessHet=0.0000;FS=2.455;InbreedingCoeff=0.4895;MLEAC=3;MLEAF=2.783e-03;MQ=60.00;MQRankSum=0.00;QD=30.08;ReadPosRankSum=-1.101e+00;SOR=0.859;ANN=A|synonymous_variant|LOW|YCR042C|YCR042C|transcript|TRANSCRIPT_YCR042C|protein_coding|1/1|c.2286A>T|p.Thr762Thr|2286/4224|2286/4224|762/1407||,A|upstream_gene_variant|MODIFIER|YCR038C|YCR038C|transcript|TRANSCRIPT_YCR038C|protein_coding||c.-3563A>T|||||3563|,A|upstream_gene_variant|MODIFIER|YCR039C|YCR039C|transcript|TRANSCRIPT_YCR039C|protein_coding||c.-2934A>T|||||2934|,A|downstream_gene_variant|MODIFIER|YCR038W-A|YCR038W-A|transcript|TRANSCRIPT_YCR038W-A|protein_coding||c.*3694T>A|||||3694|,A|downstream_gene_variant|MODIFIER|YCR040W|YCR040W|transcript|TRANSCRIPT_YCR040W|protein_coding||c.*2143T>A|||||2143|,A|downstream_gene_variant|MODIFIER|YCR041W|YCR041W|transcript|TRANSCRIPT_YCR041W|protein_coding||c.*1869T>A|||||1869|,A|downstream_gene_variant|MODIFIER|YCR043C|YCR043C|transcript|TRANSCRIPT_YCR043C|protein_coding||c.*3149A>T|||||3149|,A|downstream_gene_variant|MODIFIER|YCR044C|YCR044C|transcript|TRANSCRIPT_YCR044C|protein_coding||c.*3766A>T|||||3766|	GT:AD:DP:GQ:PL	70_0.0;1410_0.0;2640_0.0;5150_0.8636363636363636;10150_1.0	1.0	16,0	15,0	19,0	3,19	0,3	0,7
chrIII 214729 A -> G G|synonymous_variant|YCR051W||nan|Putative protein of unknown function	chrIII	214729	.	A	G	928.83	G|synonymous_variant|YCR051W||nan|Putative protein of unknown function	.	AC=5;AF=4.655e-03;AN=1074;BaseQRankSum=-1.096e+00;DP=9516;ExcessHet=0.0000;FS=0.000;InbreedingCoeff=0.3986;MLEAC=4;MLEAF=3.724e-03;MQ=60.00;MQRankSum=0.00;QD=29.03;ReadPosRankSum=-5.060e-01;SOR=0.409;ANN=G|synonymous_variant|LOW|YCR051W|YCR051W|transcript|TRANSCRIPT_YCR051W|protein_coding|1/1|c.663A>G|p.Arg221Arg|663/669|663/669|221/222||,G|upstream_gene_variant|MODIFIER|YCR046C|YCR046C|transcript|TRANSCRIPT_YCR046C|protein_coding||c.-4310T>C|||||4310|,G|upstream_gene_variant|MODIFIER|YCR047C|YCR047C|transcript|TRANSCRIPT_YCR047C|protein_coding||c.-3188T>C|||||3188|,G|upstream_gene_variant|MODIFIER|YCR049C|YCR049C|transcript|TRANSCRIPT_YCR049C|protein_coding||c.-2416T>C|||||2416|,G|upstream_gene_variant|MODIFIER|YCR050C|YCR050C|transcript|TRANSCRIPT_YCR050C|protein_coding||c.-961T>C|||||961|,G|upstream_gene_variant|MODIFIER|YCR052W|YCR052W|transcript|TRANSCRIPT_YCR052W|protein_coding||c.-261A>G|||||261|,G|upstream_gene_variant|MODIFIER|YCR053W|YCR053W|transcript|TRANSCRIPT_YCR053W|protein_coding||c.-1964A>G|||||1964|,G|downstream_gene_variant|MODIFIER|YCR047W-A|YCR047W-A|transcript|TRANSCRIPT_YCR047W-A|protein_coding||c.*3226A>G|||||3226|,G|downstream_gene_variant|MODIFIER|YCR048W|YCR048W|transcript|TRANSCRIPT_YCR048W|protein_coding||c.*972A>G|||||972|,G|downstream_gene_variant|MODIFIER|YCR054C|YCR054C|transcript|TRANSCRIPT_YCR054C|protein_coding||c.*3643T>C|||||3643|	GT:AD:DP:GQ:PL	70_0.0;1410_0.0;2640_0.0;5150_0.8235294117647058;10150_1.0	1.0	19,0	10,0	11,0	3,14	0,3	0,12
chrIII 232380 G -> C C|synonymous_variant|YCR066W||RAD18|E3 ubiquitin ligase	chrIII	232380	.	G	C	836.07	C|synonymous_variant|YCR066W||RAD18|E3 ubiquitin ligase	.	AC=5;AF=4.664e-03;AN=1072;BaseQRankSum=-2.030e-01;DP=10950;ExcessHet=0.0000;FS=4.746;InbreedingCoeff=0.4639;MLEAC=4;MLEAF=3.731e-03;MQ=60.00;MQRankSum=0.00;QD=25.34;ReadPosRankSum=-7.900e-01;SOR=0.383;ANN=C|synonymous_variant|LOW|YCR066W|YCR066W|transcript|TRANSCRIPT_YCR066W|protein_coding|1/1|c.885G>C|p.Leu295Leu|885/1464|885/1464|295/487||,C|upstream_gene_variant|MODIFIER|YCR064C|YCR064C|transcript|TRANSCRIPT_YCR064C|protein_coding||c.-3879C>G|||||3879|,C|upstream_gene_variant|MODIFIER|YCR068W|YCR068W|transcript|TRANSCRIPT_YCR068W|protein_coding||c.-4829G>C|||||4829|,C|downstream_gene_variant|MODIFIER|YCR061W|YCR061W|transcript|TRANSCRIPT_YCR061W|protein_coding||c.*4926G>C|||||4926|,C|downstream_gene_variant|MODIFIER|YCR063W|YCR063W|transcript|TRANSCRIPT_YCR063W|protein_coding||c.*3593G>C|||||3593|,C|downstream_gene_variant|MODIFIER|YCR065W|YCR065W|transcript|TRANSCRIPT_YCR065W|protein_coding||c.*1380G>C|||||1380|,C|downstream_gene_variant|MODIFIER|YCR067C|YCR067C|transcript|TRANSCRIPT_YCR067C|protein_coding||c.*741C>G|||||741|	GT:AD:DP:GQ:PL	70_0.0;1410_0.0;2640_0.0;5150_0.7222222222222222;10150_1.0	1.0	21,0	20,0	12,0	5,13	0,4	0,11
chrIII 256144 C -> G G|synonymous_variant|YCR081W||SRB8|Subunit of the RNA polymerase II mediator complex	chrIII	256144	.	C	G	1255.62	G|synonymous_variant|YCR081W||SRB8|Subunit of the RNA polymerase II mediator complex	.	AC=5;AF=4.655e-03;AN=1074;BaseQRankSum=-6.590e-01;DP=12743;ExcessHet=0.0000;FS=3.313;InbreedingCoeff=0.5810;MLEAC=4;MLEAF=3.724e-03;MQ=60.00;MQRankSum=0.00;QD=25.62;ReadPosRankSum=1.06;SOR=1.609;ANN=G|synonymous_variant|LOW|YCR081W|YCR081W|transcript|TRANSCRIPT_YCR081W|protein_coding|1/1|c.1779C>G|p.Leu593Leu|1779/4284|1779/4284|593/1427||,G|upstream_gene_variant|MODIFIER|YCR077C|YCR077C|transcript|TRANSCRIPT_YCR077C|protein_coding||c.-3521G>C|||||3521|,G|upstream_gene_variant|MODIFIER|YCR082W|YCR082W|transcript|TRANSCRIPT_YCR082W|protein_coding||c.-2734C>G|||||2734|,G|upstream_gene_variant|MODIFIER|YCR083W|YCR083W|transcript|TRANSCRIPT_YCR083W|protein_coding||c.-3428C>G|||||3428|,G|downstream_gene_variant|MODIFIER|YCR079W|YCR079W|transcript|TRANSCRIPT_YCR079W|protein_coding||c.*1976C>G|||||1976|,G|downstream_gene_variant|MODIFIER|YCR081C-A|YCR081C-A|transcript|TRANSCRIPT_YCR081C-A|protein_coding||c.*2266G>C|||||2266|,G|downstream_gene_variant|MODIFIER|YCR084C|YCR084C|transcript|TRANSCRIPT_YCR084C|protein_coding||c.*4162G>C|||||4162|	GT:AD:DP:GQ:PL	70_0.0;1410_0.0;2640_0.0;5150_0.6206896551724138;10150_1.0	1.0	14,0	13,0	20,0	11,18	0,4	0,16
chrIII 282353 T -> A A|missense_variant|YCR093W||CDC39|Subunit of the CCR4-NOT1 core complex	chrIII	282353	.	T	A	1134.5	A|missense_variant|YCR093W||CDC39|Subunit of the CCR4-NOT1 core complex	.	AC=5;AF=4.638e-03;AN=1078;BaseQRankSum=-9.230e-01;DP=11761;ExcessHet=0.0000;FS=5.186;InbreedingCoeff=0.4557;MLEAC=4;MLEAF=3.711e-03;MQ=60.00;MQRankSum=0.00;QD=27.67;ReadPosRankSum=0.731;SOR=0.840;ANN=A|missense_variant|MODERATE|YCR093W|YCR093W|transcript|TRANSCRIPT_YCR093W|protein_coding|1/1|c.2240T>A|p.Leu747Gln|2240/6327|2240/6327|747/2108||,A|upstream_gene_variant|MODIFIER|YCR092C|YCR092C|transcript|TRANSCRIPT_YCR092C|protein_coding||c.-2536A>T|||||2536|,A|upstream_gene_variant|MODIFIER|YCR094W|YCR094W|transcript|TRANSCRIPT_YCR094W|protein_coding||c.-4406T>A|||||4406|	GT:AD:DP:GQ:PL	70_0.0;1410_0.0;2640_0.0;5150_0.8260869565217391;10150_1.0	1.0	19,0	25,0	21,0	4,19	0,3	0,15
chrIV 97765 A -> T T|synonymous_variant|YDL203C||ACK1|Protein that functions in the cell wall integrity pathway	chrIV	97765	.	A	T	871.93	T|synonymous_variant|YDL203C||ACK1|Protein that functions in the cell wall integrity pathway	.	AC=5;AF=4.655e-03;AN=1074;BaseQRankSum=-2.000e-01;DP=9990;ExcessHet=0.0000;FS=0.000;InbreedingCoeff=0.4294;MLEAC=4;MLEAF=3.724e-03;MQ=60.00;MQRankSum=0.00;QD=24.91;ReadPosRankSum=-1.352e+00;SOR=0.495;ANN=T|synonymous_variant|LOW|YDL203C|YDL203C|transcript|TRANSCRIPT_YDL203C|protein_coding|1/1|c.195T>A|p.Pro65Pro|195/1872|195/1872|65/623||,T|upstream_gene_variant|MODIFIER|YDL205C|YDL205C|transcript|TRANSCRIPT_YDL205C|protein_coding||c.-4014T>A|||||4014|,T|upstream_gene_variant|MODIFIER|YDL202W|YDL202W|transcript|TRANSCRIPT_YDL202W|protein_coding||c.-716A>T|||||716|,T|upstream_gene_variant|MODIFIER|YDL201W|YDL201W|transcript|TRANSCRIPT_YDL201W|protein_coding||c.-1802A>T|||||1802|,T|downstream_gene_variant|MODIFIER|YDL204W|YDL204W|transcript|TRANSCRIPT_YDL204W|protein_coding||c.*1973A>T|||||1973|,T|downstream_gene_variant|MODIFIER|YDL200C|YDL200C|transcript|TRANSCRIPT_YDL200C|protein_coding||c.*2742T>A|||||2742|,T|downstream_gene_variant|MODIFIER|YDL199C|YDL199C|transcript|TRANSCRIPT_YDL199C|protein_coding||c.*3531T>A|||||3531|	GT:AD:DP:GQ:PL	70_0.0;1410_0.0;2640_0.0;5150_0.631578947368421;10150_1.0	1.0	18,0	20,0	16,0	7,12	0,4	0,12
chrIV 102639 C -> T T|missense_variant|YDL199C||nan|Putative transporter	chrIV	102639	.	C	T	1021.85	T|missense_variant|YDL199C||nan|Putative transporter	.	AC=5;AF=4.664e-03;AN=1072;BaseQRankSum=-8.010e-01;DP=10504;ExcessHet=0.0000;FS=0.000;InbreedingCoeff=0.5332;MLEAC=4;MLEAF=3.731e-03;MQ=60.00;MQRankSum=0.00;QD=30.97;ReadPosRankSum=-1.829e+00;SOR=0.892;ANN=T|missense_variant|MODERATE|YDL199C|YDL199C|transcript|TRANSCRIPT_YDL199C|protein_coding|1/1|c.721G>A|p.Glu241Lys|721/2064|721/2064|241/687||,T|upstream_gene_variant|MODIFIER|YDL203C|YDL203C|transcript|TRANSCRIPT_YDL203C|protein_coding||c.-4680G>A|||||4680|,T|upstream_gene_variant|MODIFIER|YDL200C|YDL200C|transcript|TRANSCRIPT_YDL200C|protein_coding||c.-1566G>A|||||1566|,T|upstream_gene_variant|MODIFIER|YDL196W|YDL196W|transcript|TRANSCRIPT_YDL196W|protein_coding||c.-4108C>T|||||4108|,T|upstream_gene_variant|MODIFIER|YDL195W|YDL195W|transcript|TRANSCRIPT_YDL195W|protein_coding||c.-4575C>T|||||4575|,T|downstream_gene_variant|MODIFIER|YDL202W|YDL202W|transcript|TRANSCRIPT_YDL202W|protein_coding||c.*3409C>T|||||3409|,T|downstream_gene_variant|MODIFIER|YDL201W|YDL201W|transcript|TRANSCRIPT_YDL201W|protein_coding||c.*2212C>T|||||2212|,T|downstream_gene_variant|MODIFIER|YDL198C|YDL198C|transcript|TRANSCRIPT_YDL198C|protein_coding||c.*1016G>A|||||1016|,T|downstream_gene_variant|MODIFIER|YDL197C|YDL197C|transcript|TRANSCRIPT_YDL197C|protein_coding||c.*2284G>A|||||2284|	GT:AD:DP:GQ:PL	70_0.0;1410_0.0;2640_0.0;5150_0.8888888888888888;10150_1.0	1.0	21,0	18,0	16,0	2,16	0,4	0,11
chrIV 110161 C -> A A|missense_variant|YDL195W||SEC31|Component of the Sec13p-Sec31p complex of the COPII vesicle coat	chrIV	110161	.	C	A	779.88	A|missense_variant|YDL195W||SEC31|Component of the Sec13p-Sec31p complex of the COPII vesicle coat	.	AC=12;AF=0.011;AN=1064;BaseQRankSum=0.943;DP=8711;ExcessHet=0.0032;FS=50.845;InbreedingCoeff=0.0087;MLEAC=14;MLEAF=0.013;MQ=60.00;MQRankSum=0.00;QD=6.14;ReadPosRankSum=0.524;SOR=1.940;ANN=A|missense_variant|MODERATE|YDL195W|YDL195W|transcript|TRANSCRIPT_YDL195W|protein_coding|1/1|c.2948C>A|p.Pro983His|2948/3822|2948/3822|983/1273||,A|upstream_gene_variant|MODIFIER|YDL197C|YDL197C|transcript|TRANSCRIPT_YDL197C|protein_coding||c.-3661G>T|||||3661|,A|upstream_gene_variant|MODIFIER|YDL194W|YDL194W|transcript|TRANSCRIPT_YDL194W|protein_coding||c.-1425C>A|||||1425|,A|upstream_gene_variant|MODIFIER|YDL193W|YDL193W|transcript|TRANSCRIPT_YDL193W|protein_coding||c.-4517C>A|||||4517|,A|downstream_gene_variant|MODIFIER|YDL196W|YDL196W|transcript|TRANSCRIPT_YDL196W|protein_coding||c.*3085C>A|||||3085|	GT:AD:DP:GQ:PGT:PID:PL:PS	70_0.0;1410_0.0;2640_0.0;7530_1.0;10150_1.0	0.3939393939393939	20,0	16,0	19,0	2,2	0,6	0,5
chrIV 224385 C -> T T|synonymous_variant|YDL132W||CDC53|Cullin	chrIV	224385	.	C	T	1860.2	T|synonymous_variant|YDL132W||CDC53|Cullin	.	AC=8;AF=7.435e-03;AN=1076;DP=12499;ExcessHet=0.0000;FS=0.000;InbreedingCoeff=0.8426;MLEAC=7;MLEAF=6.506e-03;MQ=60.00;QD=34.45;SOR=0.931;ANN=T|synonymous_variant|LOW|YDL132W|YDL132W|transcript|TRANSCRIPT_YDL132W|protein_coding|1/1|c.76C>T|p.Leu26Leu|76/2448|76/2448|26/815||,T|upstream_gene_variant|MODIFIER|YDL134C|YDL134C|transcript|TRANSCRIPT_YDL134C|protein_coding||c.-3608G>A|||||3608|,T|upstream_gene_variant|MODIFIER|YDL133C-A|YDL133C-A|transcript|TRANSCRIPT_YDL133C-A|protein_coding||c.-2578G>A|||||2578|,T|upstream_gene_variant|MODIFIER|YDL131W|YDL131W|transcript|TRANSCRIPT_YDL131W|protein_coding||c.-3014C>T|||||3014|,T|upstream_gene_variant|MODIFIER|YDL130W-A|YDL130W-A|transcript|TRANSCRIPT_YDL130W-A|protein_coding||c.-4792C>T|||||4792|,T|downstream_gene_variant|MODIFIER|YDL133W|YDL133W|transcript|TRANSCRIPT_YDL133W|protein_coding||c.*639C>T|||||639|	GT:AD:DP:GQ:PL	70_0.0;1410_0.0;2640_1.0;5150_1.0;7530_1.0;10150_1.0	1.0	17,0	26,0	0,9	0,22	0,5	0,18
chrIV 229039 C -> T nan	chrIV	229039	.	C	T	1164.86		.	AC=6;AF=5.576e-03;AN=1076;BaseQRankSum=-7.100e-01;DP=12522;ExcessHet=0.0000;FS=0.000;InbreedingCoeff=0.5724;MLEAC=4;MLEAF=3.717e-03;MQ=60.00;MQRankSum=0.00;QD=29.12;ReadPosRankSum=-3.160e-01;SOR=0.302;ANN=T|upstream_gene_variant|MODIFIER|YDL130W-A|YDL130W-A|transcript|TRANSCRIPT_YDL130W-A|protein_coding||c.-138C>T|||||138|,T|upstream_gene_variant|MODIFIER|YDL130W|YDL130W|transcript|TRANSCRIPT_YDL130W|protein_coding||c.-873C>T|||||873|,T|upstream_gene_variant|MODIFIER|YDL129W|YDL129W|transcript|TRANSCRIPT_YDL129W|protein_coding||c.-1991C>T|||||1991|,T|upstream_gene_variant|MODIFIER|YDL128W|YDL128W|transcript|TRANSCRIPT_YDL128W|protein_coding||c.-3619C>T|||||3619|,T|downstream_gene_variant|MODIFIER|YDL132W|YDL132W|transcript|TRANSCRIPT_YDL132W|protein_coding||c.*2282C>T|||||2282|,T|downstream_gene_variant|MODIFIER|YDL131W|YDL131W|transcript|TRANSCRIPT_YDL131W|protein_coding||c.*318C>T|||||318|,T|intergenic_region|MODIFIER|YDL131W-YDL130W-A|YDL131W-YDL130W-A|intergenic_region|YDL131W-YDL130W-A|||n.229039C>T||||||	GT:AD:DP:GQ:PL	70_0.0;1410_0.0;2640_0.0;5150_0.9545454545454546;10150_1.0	1.0	13,0	22,0	14,0	1,21	0,3	0,15
chrIV 230409 T -> TTGCTGG TTGCTGG|disruptive_inframe_insertion|YDL130W||RPP1B|Ribosomal protein P1 beta	chrIV	230409	.	T	TTGCTGG	518.65	TTGCTGG|disruptive_inframe_insertion|YDL130W||RPP1B|Ribosomal protein P1 beta	.	AC=4;AF=3.724e-03;AN=1074;BaseQRankSum=-5.510e-01;DP=7979;ExcessHet=0.0000;FS=4.400;InbreedingCoeff=0.4261;MLEAC=2;MLEAF=1.862e-03;MQ=59.65;MQRankSum=-1.335e+00;QD=30.36;ReadPosRankSum=-1.097e+00;SOR=1.981;ANN=TTGCTGG|disruptive_inframe_insertion|MODERATE|YDL130W|YDL130W|transcript|TRANSCRIPT_YDL130W|protein_coding|2/2|c.209_214dupGTGCTG|p.Gly70_Ala71dup|215/321|215/321|72/106||INFO_REALIGN_3_PRIME,TTGCTGG|upstream_gene_variant|MODIFIER|YDL129W|YDL129W|transcript|TRANSCRIPT_YDL129W|protein_coding||c.-621_-620insTGCTGG|||||620|,TTGCTGG|upstream_gene_variant|MODIFIER|YDL128W|YDL128W|transcript|TRANSCRIPT_YDL128W|protein_coding||c.-2249_-2248insTGCTGG|||||2248|,TTGCTGG|upstream_gene_variant|MODIFIER|YDL127W|YDL127W|transcript|TRANSCRIPT_YDL127W|protein_coding||c.-4524_-4523insTGCTGG|||||4523|,TTGCTGG|downstream_gene_variant|MODIFIER|YDL132W|YDL132W|transcript|TRANSCRIPT_YDL132W|protein_coding||c.*3652_*3653insTGCTGG|||||3653|,TTGCTGG|downstream_gene_variant|MODIFIER|YDL131W|YDL131W|transcript|TRANSCRIPT_YDL131W|protein_coding||c.*1688_*1689insTGCTGG|||||1689|,TTGCTGG|downstream_gene_variant|MODIFIER|YDL130W-A|YDL130W-A|transcript|TRANSCRIPT_YDL130W-A|protein_coding||c.*972_*973insTGCTGG|||||973|	GT:AD:DP:GQ:PGT:PID:PL:PS	70_0.0;1410_0.0;2640_0.0;5150_0.0;7530_1.0;10150_1.0	1.0	10,0	12,0	14,0	17,0	0,6	0,6
chrIV 244577 G -> C C|missense_variant|YDL122W||UBP1|Ubiquitin-specific protease	chrIV	244577	.	G	C	906.33	C|missense_variant|YDL122W||UBP1|Ubiquitin-specific protease	.	AC=5;AF=4.655e-03;AN=1074;BaseQRankSum=0.00;DP=11813;ExcessHet=0.0000;FS=0.000;InbreedingCoeff=0.5870;MLEAC=4;MLEAF=3.724e-03;MQ=60.00;MQRankSum=0.00;QD=28.32;ReadPosRankSum=2.50;SOR=0.551;ANN=C|missense_variant|MODERATE|YDL122W|YDL122W|transcript|TRANSCRIPT_YDL122W|protein_coding|1/1|c.2020G>C|p.Val674Leu|2020/2430|2020/2430|674/809||,C|upstream_gene_variant|MODIFIER|YDL125C|YDL125C|transcript|TRANSCRIPT_YDL125C|protein_coding||c.-4965C>G|||||4965|,C|upstream_gene_variant|MODIFIER|YDL120W|YDL120W|transcript|TRANSCRIPT_YDL120W|protein_coding||c.-1352G>C|||||1352|,C|upstream_gene_variant|MODIFIER|YDL118W|YDL118W|transcript|TRANSCRIPT_YDL118W|protein_coding||c.-2731G>C|||||2731|,C|upstream_gene_variant|MODIFIER|YDL117W|YDL117W|transcript|TRANSCRIPT_YDL117W|protein_coding||c.-4010G>C|||||4010|,C|downstream_gene_variant|MODIFIER|YDL124W|YDL124W|transcript|TRANSCRIPT_YDL124W|protein_coding||c.*3374G>C|||||3374|,C|downstream_gene_variant|MODIFIER|YDL123W|YDL123W|transcript|TRANSCRIPT_YDL123W|protein_coding||c.*2731G>C|||||2731|,C|downstream_gene_variant|MODIFIER|YDL121C|YDL121C|transcript|TRANSCRIPT_YDL121C|protein_coding||c.*562C>G|||||562|,C|downstream_gene_variant|MODIFIER|YDL119C|YDL119C|transcript|TRANSCRIPT_YDL119C|protein_coding||c.*2118C>G|||||2118|	GT:AD:DP:GQ:PL	70_0.0;1410_0.0;2640_0.0;5150_0.7857142857142857;7530_1.0;10150_1.0	1.0	14,0	21,0	19,0	3,11	0,6	0,12
chrIV 369681 T -> C nan	chrIV	369681	.	T	C	2441.01		.	AC=10;AF=9.276e-03;AN=1078;DP=10841;ExcessHet=0.0000;FS=0.000;InbreedingCoeff=0.6579;MLEAC=9;MLEAF=8.349e-03;MQ=60.00;QD=28.80;SOR=1.785;ANN=C|upstream_gene_variant|MODIFIER|YDL050C|YDL050C|transcript|TRANSCRIPT_YDL050C|protein_coding||c.-4846A>G|||||4846|,C|upstream_gene_variant|MODIFIER|YDL049C|YDL049C|transcript|TRANSCRIPT_YDL049C|protein_coding||c.-3787A>G|||||3787|,C|upstream_gene_variant|MODIFIER|YDL048C|YDL048C|transcript|TRANSCRIPT_YDL048C|protein_coding||c.-1448A>G|||||1448|,C|upstream_gene_variant|MODIFIER|YDL047W|YDL047W|transcript|TRANSCRIPT_YDL047W|protein_coding||c.-112T>C|||||112|,C|upstream_gene_variant|MODIFIER|YDL046W|YDL046W|transcript|TRANSCRIPT_YDL046W|protein_coding||c.-1581T>C|||||1581|,C|upstream_gene_variant|MODIFIER|YDL045W-A|YDL045W-A|transcript|TRANSCRIPT_YDL045W-A|protein_coding||c.-2589T>C|||||2589|,C|downstream_gene_variant|MODIFIER|YDL051W|YDL051W|transcript|TRANSCRIPT_YDL051W|protein_coding||c.*4884T>C|||||4884|,C|downstream_gene_variant|MODIFIER|YDL045C|YDL045C|transcript|TRANSCRIPT_YDL045C|protein_coding||c.*3029A>G|||||3029|,C|downstream_gene_variant|MODIFIER|YDL044C|YDL044C|transcript|TRANSCRIPT_YDL044C|protein_coding||c.*4308A>G|||||4308|,C|intergenic_region|MODIFIER|YDL048C-YDL047W|YDL048C-YDL047W|intergenic_region|YDL048C-YDL047W|||n.369681T>C||||||	GT:AD:DP:GQ:PL	70_0.0;1410_1.0;2640_1.0;5150_1.0;10150_1.0	1.0	22,0	0,13	0,13	0,24	0,4	0,15
chrIV 400590 C -> T nan	chrIV	400590	.	C	T	778.96		.	AC=3;AF=2.783e-03;AN=1078;BaseQRankSum=-9.130e-01;DP=11069;ExcessHet=0.0061;FS=4.949;InbreedingCoeff=0.3976;MLEAC=3;MLEAF=2.783e-03;MQ=60.00;MQRankSum=0.00;QD=31.16;ReadPosRankSum=1.11;SOR=1.670;ANN=T|upstream_gene_variant|MODIFIER|YDL026W|YDL026W|transcript|TRANSCRIPT_YDL026W|protein_coding||c.-3999C>T|||||3999|,T|upstream_gene_variant|MODIFIER|YDL025W-A|YDL025W-A|transcript|TRANSCRIPT_YDL025W-A|protein_coding||c.-4659C>T|||||4659|,T|downstream_gene_variant|MODIFIER|YDL031W|YDL031W|transcript|TRANSCRIPT_YDL031W|protein_coding||c.*3546C>T|||||3546|,T|downstream_gene_variant|MODIFIER|YDL030W|YDL030W|transcript|TRANSCRIPT_YDL030W|protein_coding||c.*1621C>T|||||1621|,T|downstream_gene_variant|MODIFIER|YDL029W|YDL029W|transcript|TRANSCRIPT_YDL029W|protein_coding||c.*112C>T|||||112|,T|downstream_gene_variant|MODIFIER|YDL028C|YDL028C|transcript|TRANSCRIPT_YDL028C|protein_coding||c.*247G>A|||||247|,T|downstream_gene_variant|MODIFIER|YDL027C|YDL027C|transcript|TRANSCRIPT_YDL027C|protein_coding||c.*2945G>A|||||2945|,T|downstream_gene_variant|MODIFIER|YDL025C|YDL025C|transcript|TRANSCRIPT_YDL025C|protein_coding||c.*4593G>A|||||4593|,T|intergenic_region|MODIFIER|YDL029W-YDL028C|YDL029W-YDL028C|intergenic_region|YDL029W-YDL028C|||n.400590C>T||||||	GT:AD:DP:GQ:PL	70_0.0;1410_0.0;2640_0.0;5150_0.0;7530_0.9090909090909091;10150_1.0	1.0	20,0	20,0	21,0	22,0	1,10	0,14
chrIV 453119 T -> G nan	chrIV	453119	.	T	G	752.59		.	AC=5;AF=4.647e-03;AN=1076;BaseQRankSum=0.563;DP=10860;ExcessHet=0.0000;FS=0.000;InbreedingCoeff=0.4657;MLEAC=4;MLEAF=3.717e-03;MQ=60.00;MQRankSum=0.00;QD=25.95;ReadPosRankSum=-1.023e+00;SOR=0.569;ANN=G|upstream_gene_variant|MODIFIER|YDR001C|YDR001C|transcript|TRANSCRIPT_YDR001C|protein_coding||c.-1190A>C|||||1190|,G|upstream_gene_variant|MODIFIER|YDR003W|YDR003W|transcript|TRANSCRIPT_YDR003W|protein_coding||c.-457T>G|||||457|,G|upstream_gene_variant|MODIFIER|YDR003W-A|YDR003W-A|transcript|TRANSCRIPT_YDR003W-A|protein_coding||c.-1117T>G|||||1117|,G|upstream_gene_variant|MODIFIER|YDR004W|YDR004W|transcript|TRANSCRIPT_YDR004W|protein_coding||c.-1536T>G|||||1536|,G|downstream_gene_variant|MODIFIER|YDL001W|YDL001W|transcript|TRANSCRIPT_YDL001W|protein_coding||c.*4389T>G|||||4389|,G|downstream_gene_variant|MODIFIER|YDR002W|YDR002W|transcript|TRANSCRIPT_YDR002W|protein_coding||c.*15T>G|||||15|,G|downstream_gene_variant|MODIFIER|YDR005C|YDR005C|transcript|TRANSCRIPT_YDR005C|protein_coding||c.*3171A>C|||||3171|,G|downstream_gene_variant|MODIFIER|YDR006C|YDR006C|transcript|TRANSCRIPT_YDR006C|protein_coding||c.*4877A>C|||||4877|,G|intergenic_region|MODIFIER|YDR002W-YDR003W|YDR002W-YDR003W|intergenic_region|YDR002W-YDR003W|||n.453119T>G||||||	GT:AD:DP:GQ:PL	70_0.0;1410_0.0;2640_0.0;5150_0.6875;10150_1.0	1.0	19,0	22,0	10,0	5,11	0,2	0,11
chrIV 684418 C -> T T|missense_variant|YDR117C||TMA64|Protein of unknown function that associates with ribosomes	chrIV	684418	.	C	T	1776.94	T|missense_variant|YDR117C||TMA64|Protein of unknown function that associates with ribosomes	.	AC=10;AF=9.276e-03;AN=1078;DP=10884;ExcessHet=0.0000;FS=0.000;InbreedingCoeff=0.7192;MLEAC=8;MLEAF=7.421e-03;MQ=60.00;QD=30.83;SOR=1.802;ANN=T|missense_variant|MODERATE|YDR117C|YDR117C|transcript|TRANSCRIPT_YDR117C|protein_coding|1/1|c.1013G>A|p.Ser338Asn|1013/1698|1013/1698|338/565||,T|upstream_gene_variant|MODIFIER|YDR111C|YDR111C|transcript|TRANSCRIPT_YDR111C|protein_coding||c.-4867G>A|||||4867|,T|upstream_gene_variant|MODIFIER|YDR113C|YDR113C|transcript|TRANSCRIPT_YDR113C|protein_coding||c.-3014G>A|||||3014|,T|upstream_gene_variant|MODIFIER|YDR114C|YDR114C|transcript|TRANSCRIPT_YDR114C|protein_coding||c.-2405G>A|||||2405|,T|upstream_gene_variant|MODIFIER|YDR116C|YDR116C|transcript|TRANSCRIPT_YDR116C|protein_coding||c.-1050G>A|||||1050|,T|upstream_gene_variant|MODIFIER|YDR118W|YDR118W|transcript|TRANSCRIPT_YDR118W|protein_coding||c.-1251C>T|||||1251|,T|upstream_gene_variant|MODIFIER|YDR118W-A|YDR118W-A|transcript|TRANSCRIPT_YDR118W-A|protein_coding||c.-3137C>T|||||3137|,T|upstream_gene_variant|MODIFIER|YDR119W|YDR119W|transcript|TRANSCRIPT_YDR119W|protein_coding||c.-3598C>T|||||3598|,T|downstream_gene_variant|MODIFIER|YDR112W|YDR112W|transcript|TRANSCRIPT_YDR112W|protein_coding||c.*4779C>T|||||4779|,T|downstream_gene_variant|MODIFIER|YDR115W|YDR115W|transcript|TRANSCRIPT_YDR115W|protein_coding||c.*2139C>T|||||2139|	GT:AD:DP:GQ:PL	70_0.0;1410_1.0;2640_1.0;5150_1.0;7530_1.0	1.0	11,0	0,12	0,16	0,13	0,6	0,3
chrIV 721242 G -> A A|missense_variant|CDS_IV_720860_721270|||	chrIV	721242	.	G	A	565.23	A|missense_variant|CDS_IV_720860_721270|||	.	AC=3;AF=2.814e-03;AN=1066;BaseQRankSum=-4.470e-01;DP=7124;ExcessHet=0.0061;FS=2.969;InbreedingCoeff=0.2953;MLEAC=3;MLEAF=2.814e-03;MQ=60.00;MQRankSum=0.00;QD=26.92;ReadPosRankSum=-6.890e-01;SOR=0.180;ANN=A|missense_variant|MODERATE|CDS_IV_720860_721270|GENE_CDS_IV_720860_721270|transcript|YDR134C|protein_coding|1/1|c.29C>T|p.Ala10Val|29/411|29/411|10/136||,A|upstream_gene_variant|MODIFIER|YDR130C|YDR130C|transcript|TRANSCRIPT_YDR130C|protein_coding||c.-4831C>T|||||4831|,A|upstream_gene_variant|MODIFIER|YDR131C|YDR131C|transcript|TRANSCRIPT_YDR131C|protein_coding||c.-2993C>T|||||2993|,A|upstream_gene_variant|MODIFIER|YDR132C|YDR132C|transcript|TRANSCRIPT_YDR132C|protein_coding||c.-1150C>T|||||1150|,A|upstream_gene_variant|MODIFIER|YDR133C|YDR133C|transcript|TRANSCRIPT_YDR133C|protein_coding||c.-156C>T|||||156|,A|downstream_gene_variant|MODIFIER|YDR135C|YDR135C|transcript|TRANSCRIPT_YDR135C|protein_coding||c.*1551C>T|||||1551|	GT:AD:DP:GQ:PL	70_0.0;1410_0.0;2640_0.0;5150_0.8181818181818182;10150_1.0	1.0	11,0	8,0	10,0	2,9	0,0	0,10
chrIV 724563 T -> A A|missense_variant|YDR135C||YCF1|Vacuolar glutathione S-conjugate transporter	chrIV	724563	.	T	A	1063.12	A|missense_variant|YDR135C||YCF1|Vacuolar glutathione S-conjugate transporter	.	AC=5;AF=4.647e-03;AN=1076;BaseQRankSum=-5.410e-01;DP=11880;ExcessHet=0.0000;FS=7.443;InbreedingCoeff=0.5399;MLEAC=4;MLEAF=3.717e-03;MQ=60.00;MQRankSum=0.00;QD=28.73;ReadPosRankSum=-1.056e+00;SOR=0.816;ANN=A|missense_variant|MODERATE|YDR135C|YDR135C|transcript|TRANSCRIPT_YDR135C|protein_coding|1/1|c.2778A>T|p.Arg926Ser|2778/4548|2778/4548|926/1515||,A|upstream_gene_variant|MODIFIER|YDR132C|YDR132C|transcript|TRANSCRIPT_YDR132C|protein_coding||c.-4471A>T|||||4471|,A|upstream_gene_variant|MODIFIER|YDR133C|YDR133C|transcript|TRANSCRIPT_YDR133C|protein_coding||c.-3477A>T|||||3477|,A|upstream_gene_variant|MODIFIER|CDS_IV_720860_721270|GENE_CDS_IV_720860_721270|transcript|YDR134C|protein_coding||c.-3293A>T|||||3293|,A|upstream_gene_variant|MODIFIER|YDR137W|YDR137W|transcript|TRANSCRIPT_YDR137W|protein_coding||c.-3485T>A|||||3485|,A|downstream_gene_variant|MODIFIER|YDR136C|YDR136C|transcript|TRANSCRIPT_YDR136C|protein_coding||c.*2937A>T|||||2937|	GT:AD:DP:GQ:PL	70_0.0;1410_0.0;2640_0.0;5150_0.8888888888888888;7530_1.0;10150_1.0	1.0	15,0	16,0	19,0	2,16	0,7	0,12
chrIV 735278 C -> T T|synonymous_variant|YDR141C||DOP1|Trans-Golgi network localized, leucine-zipper domain protein	chrIV	735278	.	C	T	936.37	T|synonymous_variant|YDR141C||DOP1|Trans-Golgi network localized, leucine-zipper domain protein	.	AC=5;AF=4.655e-03;AN=1074;BaseQRankSum=-7.070e-01;DP=9639;ExcessHet=0.0000;FS=2.997;InbreedingCoeff=0.4222;MLEAC=3;MLEAF=2.793e-03;MQ=60.00;MQRankSum=0.00;QD=31.21;ReadPosRankSum=-1.342e+00;SOR=2.019;ANN=T|synonymous_variant|LOW|YDR141C|YDR141C|transcript|TRANSCRIPT_YDR141C|protein_coding|1/1|c.4509G>A|p.Leu1503Leu|4509/5097|4509/5097|1503/1698||,T|upstream_gene_variant|MODIFIER|YDR139C|YDR139C|transcript|TRANSCRIPT_YDR139C|protein_coding||c.-1565G>A|||||1565|,T|downstream_gene_variant|MODIFIER|YDR138W|YDR138W|transcript|TRANSCRIPT_YDR138W|protein_coding||c.*2653C>T|||||2653|,T|downstream_gene_variant|MODIFIER|YDR140W|YDR140W|transcript|TRANSCRIPT_YDR140W|protein_coding||c.*686C>T|||||686|,T|downstream_gene_variant|MODIFIER|YDR142C|YDR142C|transcript|TRANSCRIPT_YDR142C|protein_coding||c.*4984G>A|||||4984|	GT:AD:DP:GQ:PL	70_0.0;1410_0.0;2640_0.0;5150_0.8421052631578947;7530_1.0;10150_1.0	1.0	15,0	16,0	13,0	3,16	0,6	0,5
chrIV 745646 G -> C C|missense_variant|YDR144C||MKC7|GPI-anchored aspartyl protease	chrIV	745646	.	G	C	506.6	C|missense_variant|YDR144C||MKC7|GPI-anchored aspartyl protease	.	AC=6;AF=5.576e-03;AN=1076;BaseQRankSum=1.15;DP=9005;ExcessHet=0.0000;FS=0.000;InbreedingCoeff=0.4515;MLEAC=3;MLEAF=2.788e-03;MQ=60.00;MQRankSum=0.00;QD=28.14;ReadPosRankSum=0.674;SOR=0.269;ANN=C|missense_variant|MODERATE|YDR144C|YDR144C|transcript|TRANSCRIPT_YDR144C|protein_coding|1/1|c.245C>G|p.Ser82Trp|245/1791|245/1791|82/596||,C|upstream_gene_variant|MODIFIER|YDR142C|YDR142C|transcript|TRANSCRIPT_YDR142C|protein_coding||c.-4257C>G|||||4257|,C|upstream_gene_variant|MODIFIER|YDR143C|YDR143C|transcript|TRANSCRIPT_YDR143C|protein_coding||c.-1983C>G|||||1983|,C|upstream_gene_variant|MODIFIER|YDR145W|YDR145W|transcript|TRANSCRIPT_YDR145W|protein_coding||c.-881G>C|||||881|,C|downstream_gene_variant|MODIFIER|YDR146C|YDR146C|transcript|TRANSCRIPT_YDR146C|protein_coding||c.*2756C>G|||||2756|	GT:AD:DP:GQ:PL	70_0.0;1410_0.0;2640_0.0;5150_0.875;10150_1.0	1.0	18,0	19,0	15,0	1,7	0,4	0,6
chrIV 781152 C -> G G|upstream_gene_variant|YDR163W|60|CWC15|Non-essential protein involved in pre-mRNA splicing	chrIV	781152	.	C	G	2356.17	G|upstream_gene_variant|YDR163W|60|CWC15|Non-essential protein involved in pre-mRNA splicing	.	AC=10;AF=9.294e-03;AN=1076;DP=10610;ExcessHet=0.0000;FS=0.000;InbreedingCoeff=0.6507;MLEAC=10;MLEAF=9.294e-03;MQ=60.00;QD=28.65;SOR=1.473;ANN=G|upstream_gene_variant|MODIFIER|YDR162C|YDR162C|transcript|TRANSCRIPT_YDR162C|protein_coding||c.-263G>C|||||263|,G|upstream_gene_variant|MODIFIER|YDR163W|YDR163W|transcript|TRANSCRIPT_YDR163W|protein_coding||c.-60C>G|||||60|,G|upstream_gene_variant|MODIFIER|YDR165W|YDR165W|transcript|TRANSCRIPT_YDR165W|protein_coding||c.-3508C>G|||||3508|,G|downstream_gene_variant|MODIFIER|YDR160W|YDR160W|transcript|TRANSCRIPT_YDR160W|protein_coding||c.*2642C>G|||||2642|,G|downstream_gene_variant|MODIFIER|YDR161W|YDR161W|transcript|TRANSCRIPT_YDR161W|protein_coding||c.*1157C>G|||||1157|,G|downstream_gene_variant|MODIFIER|YDR164C|YDR164C|transcript|TRANSCRIPT_YDR164C|protein_coding||c.*678G>C|||||678|,G|downstream_gene_variant|MODIFIER|YDR166C|YDR166C|transcript|TRANSCRIPT_YDR166C|protein_coding||c.*4943G>C|||||4943|,G|intergenic_region|MODIFIER|YDR162C-YDR163W|YDR162C-YDR163W|intergenic_region|YDR162C-YDR163W|||n.781152C>G||||||	GT:AD:DP:GQ:PL	70_0.0;1410_1.0;2640_1.0;5150_1.0;7530_1.0;10150_1.0	1.0	15,0	0,13	0,18	0,16	0,8	0,11
chrIV 824258 C -> A A|missense_variant|YDR180W||SCC2|Subunit of cohesin loading factor (Scc2p-Scc4p)	chrIV	824258	.	C	A	1746.33	A|missense_variant|YDR180W||SCC2|Subunit of cohesin loading factor (Scc2p-Scc4p)	.	AC=6;AF=5.566e-03;AN=1078;BaseQRankSum=0.862;DP=11253;ExcessHet=0.0001;FS=0.000;InbreedingCoeff=0.3937;MLEAC=6;MLEAF=5.566e-03;MQ=60.00;MQRankSum=0.00;QD=29.60;ReadPosRankSum=-7.310e-01;SOR=0.610;ANN=A|missense_variant|MODERATE|YDR180W|YDR180W|transcript|TRANSCRIPT_YDR180W|protein_coding|1/1|c.3174C>A|p.Asp1058Glu|3174/4482|3174/4482|1058/1493||,A|upstream_gene_variant|MODIFIER|YDR182W|YDR182W|transcript|TRANSCRIPT_YDR182W|protein_coding||c.-3114C>A|||||3114|,A|upstream_gene_variant|MODIFIER|YDR182W-A|YDR182W-A|transcript|TRANSCRIPT_YDR182W-A|protein_coding||c.-4683C>A|||||4683|,A|downstream_gene_variant|MODIFIER|YDR179W-A|YDR179W-A|transcript|TRANSCRIPT_YDR179W-A|protein_coding||c.*3644C>A|||||3644|,A|downstream_gene_variant|MODIFIER|YDR181C|YDR181C|transcript|TRANSCRIPT_YDR181C|protein_coding||c.*1442G>T|||||1442|	GT:AD:DP:GQ:PL	70_0.0;1410_0.0;2640_0.8695652173913043;5150_1.0;7530_0.7777777777777778;10150_1.0	1.0	21,0	16,0	3,20	0,16	2,7	0,11
chrIV 825163 T -> C C|missense_variant|YDR180W||SCC2|Subunit of cohesin loading factor (Scc2p-Scc4p)	chrIV	825163	.	T	C	471.25	C|missense_variant|YDR180W||SCC2|Subunit of cohesin loading factor (Scc2p-Scc4p)	.	AC=2;AF=1.859e-03;AN=1076;DP=10852;ExcessHet=0.0020;FS=0.000;InbreedingCoeff=0.3650;MLEAC=2;MLEAF=1.859e-03;MQ=60.00;QD=33.66;SOR=0.976;ANN=C|missense_variant|MODERATE|YDR180W|YDR180W|transcript|TRANSCRIPT_YDR180W|protein_coding|1/1|c.4079T>C|p.Phe1360Ser|4079/4482|4079/4482|1360/1493||,C|upstream_gene_variant|MODIFIER|YDR182W|YDR182W|transcript|TRANSCRIPT_YDR182W|protein_coding||c.-2209T>C|||||2209|,C|upstream_gene_variant|MODIFIER|YDR182W-A|YDR182W-A|transcript|TRANSCRIPT_YDR182W-A|protein_coding||c.-3778T>C|||||3778|,C|upstream_gene_variant|MODIFIER|YDR183W|YDR183W|transcript|TRANSCRIPT_YDR183W|protein_coding||c.-4212T>C|||||4212|,C|downstream_gene_variant|MODIFIER|YDR179W-A|YDR179W-A|transcript|TRANSCRIPT_YDR179W-A|protein_coding||c.*4549T>C|||||4549|,C|downstream_gene_variant|MODIFIER|YDR181C|YDR181C|transcript|TRANSCRIPT_YDR181C|protein_coding||c.*537A>G|||||537|	GT:AD:DP:GQ:PL	70_0.0;1410_0.0;2640_0.0;5150_0.0;10150_1.0	1.0	17,0	12,0	16,0	12,0	4,0	0,14
chrIV 847771 G -> T T|upstream_gene_variant|YDR194C|35|MSS116|Mitochondrial transcription elongation factor;T|upstream_gene_variant|YDR194W-A|90|nan|Putative protein of unknown function	chrIV	847771	.	G	T	2383.16	T|upstream_gene_variant|YDR194C|35|MSS116|Mitochondrial transcription elongation factor;T|upstream_gene_variant|YDR194W-A|90|nan|Putative protein of unknown function	.	AC=10;AF=9.276e-03;AN=1078;BaseQRankSum=-4.160e-01;DP=11539;ExcessHet=0.0000;FS=0.000;InbreedingCoeff=0.7229;MLEAC=8;MLEAF=7.421e-03;MQ=60.00;MQRankSum=0.00;QD=33.57;ReadPosRankSum=0.307;SOR=0.363;ANN=T|upstream_gene_variant|MODIFIER|YDR192C|YDR192C|transcript|TRANSCRIPT_YDR192C|protein_coding||c.-3120C>A|||||3120|,T|upstream_gene_variant|MODIFIER|YDR194C|YDR194C|transcript|TRANSCRIPT_YDR194C|protein_coding||c.-35C>A|||||35|,T|upstream_gene_variant|MODIFIER|YDR194W-A|YDR194W-A|transcript|TRANSCRIPT_YDR194W-A|protein_coding||c.-90G>T|||||90|,T|upstream_gene_variant|MODIFIER|YDR195W|YDR195W|transcript|TRANSCRIPT_YDR195W|protein_coding||c.-618G>T|||||618|,T|upstream_gene_variant|MODIFIER|YDR197W|YDR197W|transcript|TRANSCRIPT_YDR197W|protein_coding||c.-3247G>T|||||3247|,T|downstream_gene_variant|MODIFIER|YDR191W|YDR191W|transcript|TRANSCRIPT_YDR191W|protein_coding||c.*4532G>T|||||4532|,T|downstream_gene_variant|MODIFIER|YDR193W|YDR193W|transcript|TRANSCRIPT_YDR193W|protein_coding||c.*3029G>T|||||3029|,T|downstream_gene_variant|MODIFIER|YDR196C|YDR196C|transcript|TRANSCRIPT_YDR196C|protein_coding||c.*2293C>A|||||2293|,T|downstream_gene_variant|MODIFIER|YDR198C|YDR198C|transcript|TRANSCRIPT_YDR198C|protein_coding||c.*4552C>A|||||4552|,T|intergenic_region|MODIFIER|YDR194C-YDR194W-A|YDR194C-YDR194W-A|intergenic_region|YDR194C-YDR194W-A|||n.847771G>T||||||	GT:AD:DP:GQ:PL	70_0.0;1410_0.9411764705882353;2640_1.0;5150_1.0;7530_1.0;10150_1.0	1.0	13,0	1,16	0,19	0,13	0,5	0,17
chrIV 862361 T -> G G|missense_variant|YDR206W||EBS1|Protein involved in translation inhibition and nonsense-mediated decay	chrIV	862361	.	T	G	1046.57	G|missense_variant|YDR206W||EBS1|Protein involved in translation inhibition and nonsense-mediated decay	.	AC=5;AF=4.638e-03;AN=1078;BaseQRankSum=-8.040e-01;DP=10956;ExcessHet=0.0000;FS=0.000;InbreedingCoeff=0.4312;MLEAC=4;MLEAF=3.711e-03;MQ=60.00;MQRankSum=0.00;QD=29.90;ReadPosRankSum=0.00;SOR=1.352;ANN=G|missense_variant|MODERATE|YDR206W|YDR206W|transcript|TRANSCRIPT_YDR206W|protein_coding|1/1|c.518T>G|p.Val173Gly|518/2655|518/2655|173/884||,G|upstream_gene_variant|MODIFIER|YDR202C|YDR202C|transcript|TRANSCRIPT_YDR202C|protein_coding||c.-4618A>C|||||4618|,G|downstream_gene_variant|MODIFIER|YDR203W|YDR203W|transcript|TRANSCRIPT_YDR203W|protein_coding||c.*4572T>G|||||4572|,G|downstream_gene_variant|MODIFIER|YDR204W|YDR204W|transcript|TRANSCRIPT_YDR204W|protein_coding||c.*3427T>G|||||3427|,G|downstream_gene_variant|MODIFIER|YDR205W|YDR205W|transcript|TRANSCRIPT_YDR205W|protein_coding||c.*1051T>G|||||1051|,G|downstream_gene_variant|MODIFIER|YDR207C|YDR207C|transcript|TRANSCRIPT_YDR207C|protein_coding||c.*2441A>C|||||2441|	GT:AD:DP:GQ:PL	70_0.0;1410_0.0;2640_0.0;5150_0.9090909090909091;10150_1.0	1.0	20,0	18,0	25,0	2,20	0,2	0,11
chrIV 935575 G -> C C|synonymous_variant|YDR236C||FMN1|Riboflavin kinase, produces riboflavin monophosphate (FMN)	chrIV	935575	.	G	C	1533.72	C|synonymous_variant|YDR236C||FMN1|Riboflavin kinase, produces riboflavin monophosphate (FMN)	.	AC=5;AF=4.664e-03;AN=1072;BaseQRankSum=-5.390e-01;DP=11738;ExcessHet=0.0000;FS=0.000;InbreedingCoeff=0.5090;MLEAC=4;MLEAF=3.731e-03;MQ=60.00;MQRankSum=0.00;QD=31.30;ReadPosRankSum=-1.066e+00;SOR=1.038;ANN=C|synonymous_variant|LOW|YDR236C|YDR236C|transcript|TRANSCRIPT_YDR236C|protein_coding|1/1|c.108C>G|p.Val36Val|108/657|108/657|36/218||,C|upstream_gene_variant|MODIFIER|YDR237W|YDR237W|transcript|TRANSCRIPT_YDR237W|protein_coding||c.-830G>C|||||830|,C|downstream_gene_variant|MODIFIER|YDR234W|YDR234W|transcript|TRANSCRIPT_YDR234W|protein_coding||c.*2575G>C|||||2575|,C|downstream_gene_variant|MODIFIER|YDR235W|YDR235W|transcript|TRANSCRIPT_YDR235W|protein_coding||c.*647G>C|||||647|,C|downstream_gene_variant|MODIFIER|YDR238C|YDR238C|transcript|TRANSCRIPT_YDR238C|protein_coding||c.*2110C>G|||||2110|	GT:AD:DP:GQ:PL	70_0.0;1410_0.0;2640_0.0;5150_0.8461538461538461;10150_1.0	1.0	26,0	11,0	21,0	4,22	0,3	0,20
chrIV 969039 A -> G G|synonymous_variant|YDR256C||CTA1|Catalase A	chrIV	969039	.	A	G	889.96	G|synonymous_variant|YDR256C||CTA1|Catalase A	.	AC=5;AF=4.655e-03;AN=1074;BaseQRankSum=0.514;DP=10363;ExcessHet=0.0000;FS=0.000;InbreedingCoeff=0.4605;MLEAC=3;MLEAF=2.793e-03;MQ=60.00;MQRankSum=0.00;QD=30.69;ReadPosRankSum=-3.160e-01;SOR=0.723;ANN=G|synonymous_variant|LOW|YDR256C|YDR256C|transcript|TRANSCRIPT_YDR256C|protein_coding|1/1|c.432T>C|p.Asn144Asn|432/1548|432/1548|144/515||,G|upstream_gene_variant|MODIFIER|YDR253C|YDR253C|transcript|TRANSCRIPT_YDR253C|protein_coding||c.-4684T>C|||||4684|,G|upstream_gene_variant|MODIFIER|YDR255C|YDR255C|transcript|TRANSCRIPT_YDR255C|protein_coding||c.-1427T>C|||||1427|,G|downstream_gene_variant|MODIFIER|YDR254W|YDR254W|transcript|TRANSCRIPT_YDR254W|protein_coding||c.*2760A>G|||||2760|,G|downstream_gene_variant|MODIFIER|YDR257C|YDR257C|transcript|TRANSCRIPT_YDR257C|protein_coding||c.*741T>C|||||741|,G|downstream_gene_variant|MODIFIER|YDR258C|YDR258C|transcript|TRANSCRIPT_YDR258C|protein_coding||c.*2559T>C|||||2559|	GT:AD:DP:GQ:PL	70_0.0;1410_0.0;2640_0.0;5150_0.8235294117647058;7530_1.0;10150_1.0	1.0	12,0	18,0	10,0	3,14	0,5	0,7
chrIV 997659 C -> T T|missense_variant|YDR264C||AKR1|Palmitoyl transferase involved in protein palmitoylation	chrIV	997659	.	C	T	1786.61	T|missense_variant|YDR264C||AKR1|Palmitoyl transferase involved in protein palmitoylation	.	AC=8;AF=7.421e-03;AN=1078;BaseQRankSum=0.00;DP=10871;ExcessHet=0.0000;FS=0.000;InbreedingCoeff=0.5466;MLEAC=6;MLEAF=5.566e-03;MQ=60.00;MQRankSum=0.00;QD=34.36;ReadPosRankSum=1.06;SOR=0.273;ANN=T|missense_variant|MODERATE|YDR264C|YDR264C|transcript|TRANSCRIPT_YDR264C|protein_coding|1/1|c.455G>A|p.Arg152Lys|455/2295|455/2295|152/764||,T|upstream_gene_variant|MODIFIER|YDR263C|YDR263C|transcript|TRANSCRIPT_YDR263C|protein_coding||c.-2335G>A|||||2335|,T|upstream_gene_variant|MODIFIER|YDR265W|YDR265W|transcript|TRANSCRIPT_YDR265W|protein_coding||c.-995C>T|||||995|,T|downstream_gene_variant|MODIFIER|YDR262W|YDR262W|transcript|TRANSCRIPT_YDR262W|protein_coding||c.*3917C>T|||||3917|,T|downstream_gene_variant|MODIFIER|YDR266C|YDR266C|transcript|TRANSCRIPT_YDR266C|protein_coding||c.*2235G>A|||||2235|,T|downstream_gene_variant|MODIFIER|YDR267C|YDR267C|transcript|TRANSCRIPT_YDR267C|protein_coding||c.*4641G>A|||||4641|	GT:AD:DP:GQ:PL	70_0.0;1410_0.0;2640_0.9444444444444444;5150_1.0;10150_1.0	1.0	19,0	17,0	1,17	0,22	0,3	0,9
chrIV 1011077 T -> A nan	chrIV	1011077	.	T	A	832.91		.	AC=4;AF=3.731e-03;AN=1072;BaseQRankSum=1.34;DP=9365;ExcessHet=0.0122;FS=5.579;InbreedingCoeff=0.3430;MLEAC=3;MLEAF=2.799e-03;MQ=60.00;MQRankSum=0.00;QD=23.14;ReadPosRankSum=-4.470e-01;SOR=0.305;ANN=A|upstream_gene_variant|MODIFIER|YDR271C|YDR271C|transcript|TRANSCRIPT_YDR271C|protein_coding||c.-2521A>T|||||2521|,A|upstream_gene_variant|MODIFIER|YDR275W|YDR275W|transcript|TRANSCRIPT_YDR275W|protein_coding||c.-965T>A|||||965|,A|downstream_gene_variant|MODIFIER|YDR270W|YDR270W|transcript|TRANSCRIPT_YDR270W|protein_coding||c.*2598T>A|||||2598|,A|downstream_gene_variant|MODIFIER|YDR272W|YDR272W|transcript|TRANSCRIPT_YDR272W|protein_coding||c.*1453T>A|||||1453|,A|downstream_gene_variant|MODIFIER|YDR273W|YDR273W|transcript|TRANSCRIPT_YDR273W|protein_coding||c.*14T>A|||||14|,A|downstream_gene_variant|MODIFIER|YDR274C|YDR274C|transcript|TRANSCRIPT_YDR274C|protein_coding||c.*302A>T|||||302|,A|downstream_gene_variant|MODIFIER|YDR276C|YDR276C|transcript|TRANSCRIPT_YDR276C|protein_coding||c.*2189A>T|||||2189|,A|downstream_gene_variant|MODIFIER|YDR277C|YDR277C|transcript|TRANSCRIPT_YDR277C|protein_coding||c.*3114A>T|||||3114|,A|intergenic_region|MODIFIER|YDR273W-YDR274C|YDR273W-YDR274C|intergenic_region|YDR273W-YDR274C|||n.1011077T>A||||||	GT:AD:DP:GQ:PL	70_0.0;1410_0.0;2640_0.18181818181818182;5150_0.8181818181818182;10150_1.0	1.0	15,0	17,0	9,2	2,9	1,0	0,14
chrIV 1040917 C -> T T|missense_variant|YDR291W||HRQ1|3'-5' DNA helicase that has DNA strand annealing activity	chrIV	1040917	.	C	T	2443.14	T|missense_variant|YDR291W||HRQ1|3'-5' DNA helicase that has DNA strand annealing activity	.	AC=7;AF=6.494e-03;AN=1078;BaseQRankSum=-1.348e+00;DP=12311;ExcessHet=0.0000;FS=2.117;InbreedingCoeff=0.5950;MLEAC=6;MLEAF=5.566e-03;MQ=60.00;MQRankSum=0.00;QD=33.02;ReadPosRankSum=0.428;SOR=0.313;ANN=T|missense_variant|MODERATE|YDR291W|YDR291W|transcript|TRANSCRIPT_YDR291W|protein_coding|1/1|c.1400C>T|p.Ser467Phe|1400/3234|1400/3234|467/1077||,T|upstream_gene_variant|MODIFIER|YDR289C|YDR289C|transcript|TRANSCRIPT_YDR289C|protein_coding||c.-1618G>A|||||1618|,T|downstream_gene_variant|MODIFIER|YDR287W|YDR287W|transcript|TRANSCRIPT_YDR287W|protein_coding||c.*4254C>T|||||4254|,T|downstream_gene_variant|MODIFIER|YDR288W|YDR288W|transcript|TRANSCRIPT_YDR288W|protein_coding||c.*3021C>T|||||3021|,T|downstream_gene_variant|MODIFIER|YDR290W|YDR290W|transcript|TRANSCRIPT_YDR290W|protein_coding||c.*1428C>T|||||1428|,T|downstream_gene_variant|MODIFIER|YDR292C|YDR292C|transcript|TRANSCRIPT_YDR292C|protein_coding||c.*2019G>A|||||2019|,T|downstream_gene_variant|MODIFIER|YDR293C|YDR293C|transcript|TRANSCRIPT_YDR293C|protein_coding||c.*4513G>A|||||4513|	GT:AD:DP:GQ:PL	70_0.0;1410_0.0;2640_0.8;5150_1.0;10150_1.0	1.0	16,0	25,0	4,16	0,33	0,2	0,19
chrIV 1049021 C -> G G|missense_variant|YDR293C||SSD1|Translational repressor with a role in polar growth and wall integrity	chrIV	1049021	.	C	G	1182.97	G|missense_variant|YDR293C||SSD1|Translational repressor with a role in polar growth and wall integrity	.	AC=5;AF=4.664e-03;AN=1072;BaseQRankSum=0.534;DP=8750;ExcessHet=0.0000;FS=2.823;InbreedingCoeff=0.4120;MLEAC=4;MLEAF=3.731e-03;MQ=60.00;MQRankSum=0.00;QD=31.13;ReadPosRankSum=-7.730e-01;SOR=0.232;ANN=G|missense_variant|MODERATE|YDR293C|YDR293C|transcript|TRANSCRIPT_YDR293C|protein_coding|1/1|c.162G>C|p.Leu54Phe|162/3753|162/3753|54/1250||,G|upstream_gene_variant|MODIFIER|YDR292C|YDR292C|transcript|TRANSCRIPT_YDR292C|protein_coding||c.-4220G>C|||||4220|,G|downstream_gene_variant|MODIFIER|YDR294C|YDR294C|transcript|TRANSCRIPT_YDR294C|protein_coding||c.*1228G>C|||||1228|,G|downstream_gene_variant|MODIFIER|YDR295C|YDR295C|transcript|TRANSCRIPT_YDR295C|protein_coding||c.*3392G>C|||||3392|	GT:AD:DP:GQ:PL	70_0.0;1410_0.0;2640_0.8888888888888888;5150_1.0;10150_1.0	1.0	14,0	12,0	2,16	0,12	1,0	0,8
chrIV 1060762 A -> T T|missense_variant|YDR299W||BFR2|Component of the SSU and 90S preribosomes	chrIV	1060762	.	A	T	410.89	T|missense_variant|YDR299W||BFR2|Component of the SSU and 90S preribosomes	.	AC=4;AF=3.717e-03;AN=1076;DP=9158;ExcessHet=0.0000;FS=0.000;InbreedingCoeff=0.3768;MLEAC=3;MLEAF=2.788e-03;MQ=60.00;QD=31.61;SOR=0.836;ANN=T|missense_variant|MODERATE|YDR299W|YDR299W|transcript|TRANSCRIPT_YDR299W|protein_coding|1/1|c.1346A>T|p.Lys449Met|1346/1605|1346/1605|449/534||,T|upstream_gene_variant|MODIFIER|YDR298C|YDR298C|transcript|TRANSCRIPT_YDR298C|protein_coding||c.-2158T>A|||||2158|,T|upstream_gene_variant|MODIFIER|YDR301W|YDR301W|transcript|TRANSCRIPT_YDR301W|protein_coding||c.-2380A>T|||||2380|,T|downstream_gene_variant|MODIFIER|YDR297W|YDR297W|transcript|TRANSCRIPT_YDR297W|protein_coding||c.*3372A>T|||||3372|,T|downstream_gene_variant|MODIFIER|YDR300C|YDR300C|transcript|TRANSCRIPT_YDR300C|protein_coding||c.*533T>A|||||533|	GT:AD:DP:GQ:PL	70_0.0;1410_0.0;2640_0.0;5150_0.0;10150_1.0	1.0	11,0	9,0	12,0	10,0	0,3	0,10
chrIV 1082546 C -> G G|missense_variant|YDR310C||SUM1|Transcriptional repressor that regulates middle-sporulation genes	chrIV	1082546	.	C	G	1938.8	G|missense_variant|YDR310C||SUM1|Transcriptional repressor that regulates middle-sporulation genes	.	AC=9;AF=8.364e-03;AN=1076;BaseQRankSum=-6.530e-01;DP=10227;ExcessHet=0.0000;FS=6.657;InbreedingCoeff=0.5834;MLEAC=7;MLEAF=6.506e-03;MQ=60.00;MQRankSum=0.00;QD=31.27;ReadPosRankSum=0.067;SOR=0.568;ANN=G|missense_variant|MODERATE|YDR310C|YDR310C|transcript|TRANSCRIPT_YDR310C|protein_coding|1/1|c.1561G>C|p.Ala521Pro|1561/3189|1561/3189|521/1062||,G|upstream_gene_variant|MODIFIER|YDR308C|YDR308C|transcript|TRANSCRIPT_YDR308C|protein_coding||c.-4307G>C|||||4307|,G|upstream_gene_variant|MODIFIER|YDR309C|YDR309C|transcript|TRANSCRIPT_YDR309C|protein_coding||c.-2557G>C|||||2557|,G|upstream_gene_variant|MODIFIER|YDR311W|YDR311W|transcript|TRANSCRIPT_YDR311W|protein_coding||c.-2309C>G|||||2309|,G|upstream_gene_variant|MODIFIER|YDR312W|YDR312W|transcript|TRANSCRIPT_YDR312W|protein_coding||c.-4825C>G|||||4825|,G|downstream_gene_variant|MODIFIER|YDR307W|YDR307W|transcript|TRANSCRIPT_YDR307W|protein_coding||c.*4903C>G|||||4903|	GT:AD:DP:GQ:PL	70_0.0;1410_0.8947368421052632;2640_1.0;5150_1.0;10150_1.0	1.0	12,0	2,17	0,16	0,18	0,4	0,5
chrIV 1082947 G -> A A|missense_variant|YDR310C||SUM1|Transcriptional repressor that regulates middle-sporulation genes	chrIV	1082947	.	G	A	1123.55	A|missense_variant|YDR310C||SUM1|Transcriptional repressor that regulates middle-sporulation genes	.	AC=7;AF=6.494e-03;AN=1078;BaseQRankSum=-4.780e-01;DP=11807;ExcessHet=0.0000;FS=1.188;InbreedingCoeff=0.5672;MLEAC=5;MLEAF=4.638e-03;MQ=60.00;MQRankSum=0.00;QD=20.81;ReadPosRankSum=-6.910e-01;SOR=1.136;ANN=A|missense_variant|MODERATE|YDR310C|YDR310C|transcript|TRANSCRIPT_YDR310C|protein_coding|1/1|c.1160C>T|p.Pro387Leu|1160/3189|1160/3189|387/1062||,A|upstream_gene_variant|MODIFIER|YDR308C|YDR308C|transcript|TRANSCRIPT_YDR308C|protein_coding||c.-4708C>T|||||4708|,A|upstream_gene_variant|MODIFIER|YDR309C|YDR309C|transcript|TRANSCRIPT_YDR309C|protein_coding||c.-2958C>T|||||2958|,A|upstream_gene_variant|MODIFIER|YDR311W|YDR311W|transcript|TRANSCRIPT_YDR311W|protein_coding||c.-1908G>A|||||1908|,A|upstream_gene_variant|MODIFIER|YDR312W|YDR312W|transcript|TRANSCRIPT_YDR312W|protein_coding||c.-4424G>A|||||4424|	GT:AD:DP:GQ:PL	70_0.0;1410_0.0;2640_0.15;5150_1.0;10150_1.0	1.0	25,0	13,0	17,3	0,24	0,2	0,8
chrIV 1095218 C -> G nan	chrIV	1095218	.	C	G	1590.7		.	AC=7;AF=6.506e-03;AN=1076;BaseQRankSum=1.52;DP=10222;ExcessHet=0.0000;FS=5.295;InbreedingCoeff=0.5358;MLEAC=6;MLEAF=5.576e-03;MQ=60.00;MQRankSum=0.00;QD=30.01;ReadPosRankSum=1.57;SOR=0.976;ANN=G|upstream_gene_variant|MODIFIER|YDR314C|YDR314C|transcript|TRANSCRIPT_YDR314C|protein_coding||c.-2917G>C|||||2917|,G|upstream_gene_variant|MODIFIER|YDR315C|YDR315C|transcript|TRANSCRIPT_YDR315C|protein_coding||c.-1842G>C|||||1842|,G|upstream_gene_variant|MODIFIER|CDS_IV_1096200_1097522|GENE_CDS_IV_1096200_1097522|transcript|YDR316W-A|protein_coding||c.-982C>G|||||982|,G|upstream_gene_variant|MODIFIER|CDS_IV_1096200_1097504|GENE_CDS_IV_1096200_1097504|transcript|YDR316W-B|protein_coding||c.-982C>G|||||982|,G|downstream_gene_variant|MODIFIER|YDR316W|YDR316W|transcript|TRANSCRIPT_YDR316W|protein_coding||c.*250C>G|||||250|,G|intergenic_region|MODIFIER|YDR316W-CDS_IV_1096200_1097522|YDR316W-GENE_CDS_IV_1096200_1097522|intergenic_region|YDR316W-GENE_CDS_IV_1096200_1097522|||n.1095218C>G||||||	GT:AD:DP:GQ:PL	70_0.0;1410_0.0;2640_0.8095238095238095;5150_1.0;10150_1.0	1.0	11,0	6,0	4,17	0,13	0,4	0,15
chrIV 1095249 C -> G nan	chrIV	1095249	.	C	G	833.19		.	AC=5;AF=4.655e-03;AN=1074;BaseQRankSum=1.44;DP=10797;ExcessHet=0.0000;FS=0.000;InbreedingCoeff=0.4335;MLEAC=4;MLEAF=3.724e-03;MQ=59.52;MQRankSum=-5.660e-01;QD=26.04;ReadPosRankSum=1.08;SOR=0.957;ANN=G|upstream_gene_variant|MODIFIER|YDR314C|YDR314C|transcript|TRANSCRIPT_YDR314C|protein_coding||c.-2948G>C|||||2948|,G|upstream_gene_variant|MODIFIER|YDR315C|YDR315C|transcript|TRANSCRIPT_YDR315C|protein_coding||c.-1873G>C|||||1873|,G|upstream_gene_variant|MODIFIER|CDS_IV_1096200_1097522|GENE_CDS_IV_1096200_1097522|transcript|YDR316W-A|protein_coding||c.-951C>G|||||951|,G|upstream_gene_variant|MODIFIER|CDS_IV_1096200_1097504|GENE_CDS_IV_1096200_1097504|transcript|YDR316W-B|protein_coding||c.-951C>G|||||951|,G|downstream_gene_variant|MODIFIER|YDR316W|YDR316W|transcript|TRANSCRIPT_YDR316W|protein_coding||c.*281C>G|||||281|,G|intergenic_region|MODIFIER|YDR316W-CDS_IV_1096200_1097522|YDR316W-GENE_CDS_IV_1096200_1097522|intergenic_region|YDR316W-GENE_CDS_IV_1096200_1097522|||n.1095249C>G||||||	GT:AD:DP:GQ:PL	70_0.0;1410_0.0;2640_0.0;5150_0.5714285714285714;7530_1.0;10150_1.0	1.0	13,0	8,0	17,0	6,8	0,5	0,13
chrIV 1183545 C -> T T|missense_variant|YDR353W||TRR1|Cytoplasmic thioredoxin reductase	chrIV	1183545	.	C	T	798.79	T|missense_variant|YDR353W||TRR1|Cytoplasmic thioredoxin reductase	.	AC=6;AF=5.597e-03;AN=1072;DP=9442;ExcessHet=0.0000;FS=0.000;InbreedingCoeff=0.4933;MLEAC=5;MLEAF=4.664e-03;MQ=60.00;QD=27.54;SOR=1.942;ANN=T|missense_variant|MODERATE|YDR353W|YDR353W|transcript|TRANSCRIPT_YDR353W|protein_coding|1/1|c.110C>T|p.Ala37Val|110/960|110/960|37/319||,T|upstream_gene_variant|MODIFIER|YDR354W|YDR354W|transcript|TRANSCRIPT_YDR354W|protein_coding||c.-1339C>T|||||1339|,T|upstream_gene_variant|MODIFIER|YDR356W|YDR356W|transcript|TRANSCRIPT_YDR356W|protein_coding||c.-2699C>T|||||2699|,T|downstream_gene_variant|MODIFIER|YDR351W|YDR351W|transcript|TRANSCRIPT_YDR351W|protein_coding||c.*2148C>T|||||2148|,T|downstream_gene_variant|MODIFIER|YDR352W|YDR352W|transcript|TRANSCRIPT_YDR352W|protein_coding||c.*654C>T|||||654|,T|downstream_gene_variant|MODIFIER|YDR354C-A|YDR354C-A|transcript|TRANSCRIPT_YDR354C-A|protein_coding||c.*1731G>A|||||1731|,T|downstream_gene_variant|MODIFIER|YDR355C|YDR355C|transcript|TRANSCRIPT_YDR355C|protein_coding||c.*2659G>A|||||2659|	GT:AD:DP:GQ:PL	70_0.0;1410_0.0;2640_0.0;5150_1.0;10150_1.0	1.0	11,0	22,0	16,0	0,12	0,4	0,13
chrIV 1193137 G -> T T|missense_variant|YDR359C||EAF1|Component of the NuA4 histone acetyltransferase complex	chrIV	1193137	.	G	T	687.54	T|missense_variant|YDR359C||EAF1|Component of the NuA4 histone acetyltransferase complex	.	AC=3;AF=2.793e-03;AN=1074;BaseQRankSum=-5.410e-01;DP=10193;ExcessHet=0.0061;FS=0.000;InbreedingCoeff=0.3319;MLEAC=2;MLEAF=1.862e-03;MQ=60.00;MQRankSum=0.00;QD=29.89;ReadPosRankSum=0.070;SOR=0.990;ANN=T|missense_variant|MODERATE|YDR359C|YDR359C|transcript|TRANSCRIPT_YDR359C|protein_coding|1/1|c.1885C>A|p.His629Asn|1885/2949|1885/2949|629/982||,T|upstream_gene_variant|MODIFIER|YDR357C|YDR357C|transcript|TRANSCRIPT_YDR357C|protein_coding||c.-3433C>A|||||3433|,T|upstream_gene_variant|MODIFIER|YDR360W|YDR360W|transcript|TRANSCRIPT_YDR360W|protein_coding||c.-1598G>T|||||1598|,T|downstream_gene_variant|MODIFIER|YDR356W|YDR356W|transcript|TRANSCRIPT_YDR356W|protein_coding||c.*4059G>T|||||4059|,T|downstream_gene_variant|MODIFIER|YDR358W|YDR358W|transcript|TRANSCRIPT_YDR358W|protein_coding||c.*1268G>T|||||1268|,T|downstream_gene_variant|MODIFIER|YDR361C|YDR361C|transcript|TRANSCRIPT_YDR361C|protein_coding||c.*2412C>A|||||2412|,T|downstream_gene_variant|MODIFIER|YDR362C|YDR362C|transcript|TRANSCRIPT_YDR362C|protein_coding||c.*3679C>A|||||3679|	GT:AD:DP:GQ:PL	70_0.0;1410_0.0;2640_0.0;5150_0.8888888888888888;10150_1.0	1.0	11,0	13,0	19,0	2,16	1,0	0,5
chrIV 1213114 A -> G G|splice_acceptor_variant&intron_variant|YDR367W||KEI1|Component of inositol phosphorylceramide (IPC) synthase	chrIV	1213114	.	A	G	3223.16	G|splice_acceptor_variant&intron_variant|YDR367W||KEI1|Component of inositol phosphorylceramide (IPC) synthase	.	AC=9;AF=8.349e-03;AN=1078;BaseQRankSum=0.980;DP=12462;ExcessHet=0.0000;FS=4.027;InbreedingCoeff=0.6546;MLEAC=9;MLEAF=8.349e-03;MQ=60.00;MQRankSum=0.00;QD=31.29;ReadPosRankSum=-1.307e+00;SOR=1.034;ANN=G|splice_acceptor_variant&intron_variant|HIGH|YDR367W|YDR367W|transcript|TRANSCRIPT_YDR367W|protein_coding|1/1|c.31-2A>G||||||,G|upstream_gene_variant|MODIFIER|YDR366C|YDR366C|transcript|TRANSCRIPT_YDR366C|protein_coding||c.-141T>C|||||141|,G|upstream_gene_variant|MODIFIER|YDR368W|YDR368W|transcript|TRANSCRIPT_YDR368W|protein_coding||c.-927A>G|||||927|,G|downstream_gene_variant|MODIFIER|CDS_IV_1207134_1208456|GENE_CDS_IV_1207134_1208456|transcript|YDR365W-A|protein_coding||c.*4658A>G|||||4658|,G|downstream_gene_variant|MODIFIER|CDS_IV_1207134_1208438|GENE_CDS_IV_1207134_1208438|transcript|YDR365W-B|protein_coding||c.*712A>G|||||712|,G|downstream_gene_variant|MODIFIER|YDR369C|YDR369C|transcript|TRANSCRIPT_YDR369C|protein_coding||c.*2039T>C|||||2039|,G|downstream_gene_variant|MODIFIER|YDR370C|YDR370C|transcript|TRANSCRIPT_YDR370C|protein_coding||c.*4805T>C|||||4805|;LOF=(YDR367W|YDR367W|1|1.00)	GT:AD:DP:GQ:PL	70_0.0;1410_0.782608695652174;2640_1.0;5150_1.0;7530_1.0;10150_1.0	1.0	18,0	5,18	0,26	0,28	0,12	0,14
chrIV 1239454 G -> C nan	chrIV	1239454	.	G	C	1818.89		.	AC=7;AF=6.506e-03;AN=1076;BaseQRankSum=2.52;DP=10012;ExcessHet=0.0000;FS=0.000;InbreedingCoeff=0.5859;MLEAC=6;MLEAF=5.576e-03;MQ=60.00;MQRankSum=0.00;QD=34.32;ReadPosRankSum=0.425;SOR=0.850;ANN=C|upstream_gene_variant|MODIFIER|YDR381C-A|YDR381C-A|transcript|TRANSCRIPT_YDR381C-A|protein_coding||c.-467C>G|||||467|,C|upstream_gene_variant|MODIFIER|YDR382W|YDR382W|transcript|TRANSCRIPT_YDR382W|protein_coding||c.-175G>C|||||175|,C|upstream_gene_variant|MODIFIER|YDR385W|YDR385W|transcript|TRANSCRIPT_YDR385W|protein_coding||c.-3913G>C|||||3913|,C|downstream_gene_variant|MODIFIER|YDR380W|YDR380W|transcript|TRANSCRIPT_YDR380W|protein_coding||c.*3192G>C|||||3192|,C|downstream_gene_variant|MODIFIER|YDR381W|YDR381W|transcript|TRANSCRIPT_YDR381W|protein_coding||c.*1313G>C|||||1313|,C|downstream_gene_variant|MODIFIER|YDR383C|YDR383C|transcript|TRANSCRIPT_YDR383C|protein_coding||c.*643C>G|||||643|,C|downstream_gene_variant|MODIFIER|YDR384C|YDR384C|transcript|TRANSCRIPT_YDR384C|protein_coding||c.*1887C>G|||||1887|,C|intergenic_region|MODIFIER|YDR381C-A-YDR382W|YDR381C-A-YDR382W|intergenic_region|YDR381C-A-YDR382W|||n.1239454G>C||||||	GT:AD:DP:GQ:PL	70_0.0;1410_0.0;2640_0.85;5150_1.0;7530_1.0;10150_1.0	1.0	12,0	21,0	3,17	0,16	0,5	0,12
chrIV 1279758 G -> C C|missense_variant|YDR406W||PDR15|Plasma membrane ATP binding cassette (ABC) transporter	chrIV	1279758	.	G	C	1583.36	C|missense_variant|YDR406W||PDR15|Plasma membrane ATP binding cassette (ABC) transporter	.	AC=7;AF=6.530e-03;AN=1072;BaseQRankSum=0.00;DP=9891;ExcessHet=0.0000;FS=0.000;InbreedingCoeff=0.5058;MLEAC=6;MLEAF=5.597e-03;MQ=60.00;MQRankSum=0.00;QD=31.67;ReadPosRankSum=1.64;SOR=0.412;ANN=C|missense_variant|MODERATE|YDR406W|YDR406W|transcript|TRANSCRIPT_YDR406W|protein_coding|1/1|c.412G>C|p.Gly138Arg|412/4590|412/4590|138/1529||,C|upstream_gene_variant|MODIFIER|YDR404C|YDR404C|transcript|TRANSCRIPT_YDR404C|protein_coding||c.-2452C>G|||||2452|,C|upstream_gene_variant|MODIFIER|YDR406W-A|YDR406W-A|transcript|TRANSCRIPT_YDR406W-A|protein_coding||c.-4178G>C|||||4178|,C|downstream_gene_variant|MODIFIER|YDR403W|YDR403W|transcript|TRANSCRIPT_YDR403W|protein_coding||c.*3409G>C|||||3409|,C|downstream_gene_variant|MODIFIER|YDR405W|YDR405W|transcript|TRANSCRIPT_YDR405W|protein_coding||c.*1184G>C|||||1184|,C|downstream_gene_variant|MODIFIER|YDR407C|YDR407C|transcript|TRANSCRIPT_YDR407C|protein_coding||c.*4448C>G|||||4448|	GT:AD:DP:GQ:PL	70_0.0;1410_0.0;2640_0.9;5150_1.0;10150_1.0	1.0	22,0	21,0	1,9	0,26	0,4	0,10
chrIV 1279931 C -> G G|synonymous_variant|YDR406W||PDR15|Plasma membrane ATP binding cassette (ABC) transporter	chrIV	1279931	.	C	G	1931.19	G|synonymous_variant|YDR406W||PDR15|Plasma membrane ATP binding cassette (ABC) transporter	.	AC=9;AF=8.380e-03;AN=1074;BaseQRankSum=-6.600e-01;DP=8755;ExcessHet=0.0000;FS=0.000;InbreedingCoeff=0.4784;MLEAC=7;MLEAF=6.518e-03;MQ=60.00;MQRankSum=0.00;QD=32.19;ReadPosRankSum=-5.860e-01;SOR=0.737;ANN=G|synonymous_variant|LOW|YDR406W|YDR406W|transcript|TRANSCRIPT_YDR406W|protein_coding|1/1|c.585C>G|p.Pro195Pro|585/4590|585/4590|195/1529||,G|upstream_gene_variant|MODIFIER|YDR404C|YDR404C|transcript|TRANSCRIPT_YDR404C|protein_coding||c.-2625G>C|||||2625|,G|upstream_gene_variant|MODIFIER|YDR406W-A|YDR406W-A|transcript|TRANSCRIPT_YDR406W-A|protein_coding||c.-4005C>G|||||4005|,G|downstream_gene_variant|MODIFIER|YDR403W|YDR403W|transcript|TRANSCRIPT_YDR403W|protein_coding||c.*3582C>G|||||3582|,G|downstream_gene_variant|MODIFIER|YDR405W|YDR405W|transcript|TRANSCRIPT_YDR405W|protein_coding||c.*1357C>G|||||1357|,G|downstream_gene_variant|MODIFIER|YDR407C|YDR407C|transcript|TRANSCRIPT_YDR407C|protein_coding||c.*4275G>C|||||4275|	GT:AD:DP:GQ:PL	70_0.0;1410_0.7272727272727273;2640_1.0;5150_1.0;10150_1.0	1.0	9,0	3,8	0,14	0,25	0,3	0,7
chrIV 1288552 C -> A A|stop_gained|YDR408C||ADE8|Phosphoribosyl-glycinamide transformylase	chrIV	1288552	.	C	A	1659.53	A|stop_gained|YDR408C||ADE8|Phosphoribosyl-glycinamide transformylase	.	AC=10;AF=9.311e-03;AN=1074;BaseQRankSum=-1.770e-01;DP=9296;ExcessHet=0.0000;FS=4.114;InbreedingCoeff=0.6205;MLEAC=7;MLEAF=6.518e-03;MQ=60.00;MQRankSum=0.00;QD=33.87;ReadPosRankSum=1.55;SOR=1.069;ANN=A|stop_gained|HIGH|YDR408C|YDR408C|transcript|TRANSCRIPT_YDR408C|protein_coding|1/1|c.445G>T|p.Glu149*|445/645|445/645|149/214||,A|upstream_gene_variant|MODIFIER|YDR407C|YDR407C|transcript|TRANSCRIPT_YDR407C|protein_coding||c.-477G>T|||||477|,A|upstream_gene_variant|MODIFIER|YDR409W|YDR409W|transcript|TRANSCRIPT_YDR409W|protein_coding||c.-991C>A|||||991|,A|downstream_gene_variant|MODIFIER|YDR406W|YDR406W|transcript|TRANSCRIPT_YDR406W|protein_coding||c.*4616C>A|||||4616|,A|downstream_gene_variant|MODIFIER|YDR406W-A|YDR406W-A|transcript|TRANSCRIPT_YDR406W-A|protein_coding||c.*4371C>A|||||4371|,A|downstream_gene_variant|MODIFIER|YDR410C|YDR410C|transcript|TRANSCRIPT_YDR410C|protein_coding||c.*3957G>T|||||3957|,A|downstream_gene_variant|MODIFIER|YDR411C|YDR411C|transcript|TRANSCRIPT_YDR411C|protein_coding||c.*4954G>T|||||4954|	GT:AD:DP:GQ:PL	70_0.9444444444444444;1410_1.0;2640_1.0;5150_1.0;10150_1.0	1.0	1,17	0,6	0,7	0,10	1,0	0,8
chrIV 1349113 C -> T T|missense_variant|YDR443C||SSN2|Subunit of the RNA polymerase II mediator complex	chrIV	1349113	.	C	T	2321.55	T|missense_variant|YDR443C||SSN2|Subunit of the RNA polymerase II mediator complex	.	AC=10;AF=9.294e-03;AN=1076;DP=10629;ExcessHet=0.0000;FS=0.000;InbreedingCoeff=0.7256;MLEAC=9;MLEAF=8.364e-03;MQ=60.00;QD=33.65;SOR=1.211;ANN=T|missense_variant|MODERATE|YDR443C|YDR443C|transcript|TRANSCRIPT_YDR443C|protein_coding|1/1|c.962G>A|p.Ser321Asn|962/4263|962/4263|321/1420||,T|upstream_gene_variant|MODIFIER|YDR441C|YDR441C|transcript|TRANSCRIPT_YDR441C|protein_coding||c.-3915G>A|||||3915|,T|upstream_gene_variant|MODIFIER|YDR444W|YDR444W|transcript|TRANSCRIPT_YDR444W|protein_coding||c.-1313C>T|||||1313|,T|upstream_gene_variant|MODIFIER|YDR446W|YDR446W|transcript|TRANSCRIPT_YDR446W|protein_coding||c.-4748C>T|||||4748|,T|downstream_gene_variant|MODIFIER|YDR440W|YDR440W|transcript|TRANSCRIPT_YDR440W|protein_coding||c.*4736C>T|||||4736|,T|downstream_gene_variant|MODIFIER|YDR442W|YDR442W|transcript|TRANSCRIPT_YDR442W|protein_coding||c.*2938C>T|||||2938|,T|downstream_gene_variant|MODIFIER|YDR445C|YDR445C|transcript|TRANSCRIPT_YDR445C|protein_coding||c.*3205G>A|||||3205|	GT:AD:DP:GQ:PL	70_0.0;1410_1.0;2640_1.0;5150_1.0;10150_1.0	1.0	11,0	0,16	0,16	0,17	0,3	0,17
chrIV 1362878 G -> A nan	chrIV	1362878	.	G	A	2042.99		.	AC=7;AF=6.518e-03;AN=1074;BaseQRankSum=1.96;DP=10913;ExcessHet=0.0000;FS=0.000;InbreedingCoeff=0.5018;MLEAC=6;MLEAF=5.587e-03;MQ=60.00;MQRankSum=0.00;QD=29.19;ReadPosRankSum=-3.900e-01;SOR=0.875;ANN=A|upstream_gene_variant|MODIFIER|YDR449C|YDR449C|transcript|TRANSCRIPT_YDR449C|protein_coding||c.-3840C>T|||||3840|,A|upstream_gene_variant|MODIFIER|YDR451C|YDR451C|transcript|TRANSCRIPT_YDR451C|protein_coding||c.-561C>T|||||561|,A|upstream_gene_variant|MODIFIER|YDR452W|YDR452W|transcript|TRANSCRIPT_YDR452W|protein_coding||c.-136G>A|||||136|,A|upstream_gene_variant|MODIFIER|YDR456W|YDR456W|transcript|TRANSCRIPT_YDR456W|protein_coding||c.-4743G>A|||||4743|,A|downstream_gene_variant|MODIFIER|YDR450W|YDR450W|transcript|TRANSCRIPT_YDR450W|protein_coding||c.*1944G>A|||||1944|,A|downstream_gene_variant|MODIFIER|YDR453C|YDR453C|transcript|TRANSCRIPT_YDR453C|protein_coding||c.*2330C>T|||||2330|,A|downstream_gene_variant|MODIFIER|YDR454C|YDR454C|transcript|TRANSCRIPT_YDR454C|protein_coding||c.*3522C>T|||||3522|,A|downstream_gene_variant|MODIFIER|YDR455C|YDR455C|transcript|TRANSCRIPT_YDR455C|protein_coding||c.*4631C>T|||||4631|,A|intergenic_region|MODIFIER|YDR451C-YDR452W|YDR451C-YDR452W|intergenic_region|YDR451C-YDR452W|||n.1362878G>A||||||	GT:AD:DP:GQ:PL	70_0.0;1410_0.0;2640_0.8333333333333334;5150_1.0;7530_1.0;10150_1.0	1.0	15,0	16,0	5,25	0,22	0,6	0,12
chrIV 1370306 G -> A A|synonymous_variant|YDR457W||TOM1|E3 ubiquitin ligase of the hect-domain class	chrIV	1370306	.	G	A	2072.84	A|synonymous_variant|YDR457W||TOM1|E3 ubiquitin ligase of the hect-domain class	.	AC=9;AF=8.364e-03;AN=1076;BaseQRankSum=-9.680e-01;DP=9421;ExcessHet=0.0000;FS=0.000;InbreedingCoeff=0.5158;MLEAC=8;MLEAF=7.435e-03;MQ=60.00;MQRankSum=0.00;QD=31.89;ReadPosRankSum=-1.500e-01;SOR=0.790;ANN=A|synonymous_variant|LOW|YDR457W|YDR457W|transcript|TRANSCRIPT_YDR457W|protein_coding|1/1|c.381G>A|p.Leu127Leu|381/9807|381/9807|127/3268||,A|upstream_gene_variant|MODIFIER|YDR453C|YDR453C|transcript|TRANSCRIPT_YDR453C|protein_coding||c.-4508C>T|||||4508|,A|upstream_gene_variant|MODIFIER|YDR454C|YDR454C|transcript|TRANSCRIPT_YDR454C|protein_coding||c.-3343C>T|||||3343|,A|upstream_gene_variant|MODIFIER|YDR455C|YDR455C|transcript|TRANSCRIPT_YDR455C|protein_coding||c.-2489C>T|||||2489|,A|downstream_gene_variant|MODIFIER|YDR456W|YDR456W|transcript|TRANSCRIPT_YDR456W|protein_coding||c.*784G>A|||||784|	GT:AD:DP:GQ:PL	70_0.0;1410_0.8823529411764706;2640_1.0;5150_1.0;10150_1.0	1.0	14,0	2,15	0,16	0,15	0,3	0,14
chrIV 1439141 C -> A A|missense_variant|YDR495C||VPS3|Component of CORVET membrane tethering complex	chrIV	1439141	.	C	A	1380.74	A|missense_variant|YDR495C||VPS3|Component of CORVET membrane tethering complex	.	AC=7;AF=6.506e-03;AN=1076;BaseQRankSum=-4.310e-01;DP=10121;ExcessHet=0.0000;FS=0.000;InbreedingCoeff=0.4764;MLEAC=6;MLEAF=5.576e-03;MQ=60.00;MQRankSum=0.00;QD=33.68;ReadPosRankSum=1.22;SOR=0.368;ANN=A|missense_variant|MODERATE|YDR495C|YDR495C|transcript|TRANSCRIPT_YDR495C|protein_coding|1/1|c.2146G>T|p.Ala716Ser|2146/3036|2146/3036|716/1011||,A|upstream_gene_variant|MODIFIER|YDR490C|YDR490C|transcript|TRANSCRIPT_YDR490C|protein_coding||c.-4737G>T|||||4737|,A|upstream_gene_variant|MODIFIER|YDR491C|YDR491C|transcript|TRANSCRIPT_YDR491C|protein_coding||c.-4014G>T|||||4014|,A|downstream_gene_variant|MODIFIER|YDR492W|YDR492W|transcript|TRANSCRIPT_YDR492W|protein_coding||c.*3131C>A|||||3131|,A|downstream_gene_variant|MODIFIER|YDR493W|YDR493W|transcript|TRANSCRIPT_YDR493W|protein_coding||c.*2417C>A|||||2417|,A|downstream_gene_variant|MODIFIER|YDR494W|YDR494W|transcript|TRANSCRIPT_YDR494W|protein_coding||c.*990C>A|||||990|,A|downstream_gene_variant|MODIFIER|YDR496C|YDR496C|transcript|TRANSCRIPT_YDR496C|protein_coding||c.*2428G>T|||||2428|,A|downstream_gene_variant|MODIFIER|YDR497C|YDR497C|transcript|TRANSCRIPT_YDR497C|protein_coding||c.*4708G>T|||||4708|	GT:AD:DP:GQ:PL	70_0.0;1410_0.0;2640_0.8888888888888888;5150_1.0;10150_1.0	1.0	18,0	25,0	1,8	0,14	0,3	0,15
chrIV 1471873 C -> T T|synonymous_variant|YDR514C||nan|Protein of unknown function that localizes to mitochondria	chrIV	1471873	.	C	T	1997.8	T|synonymous_variant|YDR514C||nan|Protein of unknown function that localizes to mitochondria	.	AC=9;AF=8.396e-03;AN=1072;BaseQRankSum=1.35;DP=10783;ExcessHet=0.0000;FS=1.913;InbreedingCoeff=0.6226;MLEAC=8;MLEAF=7.463e-03;MQ=60.00;MQRankSum=0.00;QD=27.00;ReadPosRankSum=0.163;SOR=0.978;ANN=T|synonymous_variant|LOW|YDR514C|YDR514C|transcript|TRANSCRIPT_YDR514C|protein_coding|1/1|c.1263G>A|p.Lys421Lys|1263/1452|1263/1452|421/483||,T|upstream_gene_variant|MODIFIER|YDR508C|YDR508C|transcript|TRANSCRIPT_YDR508C|protein_coding||c.-3293G>A|||||3293|,T|upstream_gene_variant|MODIFIER|YDR510C-A|YDR510C-A|transcript|TRANSCRIPT_YDR510C-A|protein_coding||c.-1926G>A|||||1926|,T|upstream_gene_variant|MODIFIER|YDR512C|YDR512C|transcript|TRANSCRIPT_YDR512C|protein_coding||c.-674G>A|||||674|,T|upstream_gene_variant|MODIFIER|YDR515W|YDR515W|transcript|TRANSCRIPT_YDR515W|protein_coding||c.-1692C>T|||||1692|,T|downstream_gene_variant|MODIFIER|YDR509W|YDR509W|transcript|TRANSCRIPT_YDR509W|protein_coding||c.*3164C>T|||||3164|,T|downstream_gene_variant|MODIFIER|YDR510W|YDR510W|transcript|TRANSCRIPT_YDR510W|protein_coding||c.*2032C>T|||||2032|,T|downstream_gene_variant|MODIFIER|YDR511W|YDR511W|transcript|TRANSCRIPT_YDR511W|protein_coding||c.*1319C>T|||||1319|,T|downstream_gene_variant|MODIFIER|YDR513W|YDR513W|transcript|TRANSCRIPT_YDR513W|protein_coding||c.*289C>T|||||289|,T|downstream_gene_variant|MODIFIER|YDR516C|YDR516C|transcript|TRANSCRIPT_YDR516C|protein_coding||c.*3237G>A|||||3237|	GT:AD:DP:GQ:PL	70_0.0;1410_0.8076923076923077;2640_1.0;5150_1.0;10150_1.0	1.0	12,0	5,21	0,18	0,15	0,4	0,11
chrIV 1484214 T -> A A|missense_variant|YDR522C||SPS2|Protein expressed during sporulation	chrIV	1484214	.	T	A	1801.37	A|missense_variant|YDR522C||SPS2|Protein expressed during sporulation	.	AC=7;AF=6.494e-03;AN=1078;BaseQRankSum=-5.930e-01;DP=10286;ExcessHet=0.0000;FS=0.000;InbreedingCoeff=0.5100;MLEAC=5;MLEAF=4.638e-03;MQ=60.00;MQRankSum=0.00;QD=28.12;ReadPosRankSum=1.24;SOR=0.500;ANN=A|missense_variant|MODERATE|YDR522C|YDR522C|transcript|TRANSCRIPT_YDR522C|protein_coding|1/1|c.1226A>T|p.Glu409Val|1226/1509|1226/1509|409/502||,A|upstream_gene_variant|MODIFIER|YDR520C|YDR520C|transcript|TRANSCRIPT_YDR520C|protein_coding||c.-675A>T|||||675|,A|downstream_gene_variant|MODIFIER|YDR518W|YDR518W|transcript|TRANSCRIPT_YDR518W|protein_coding||c.*3917T>A|||||3917|,A|downstream_gene_variant|MODIFIER|YDR519W|YDR519W|transcript|TRANSCRIPT_YDR519W|protein_coding||c.*3246T>A|||||3246|,A|downstream_gene_variant|MODIFIER|YDR521W|YDR521W|transcript|TRANSCRIPT_YDR521W|protein_coding||c.*602T>A|||||602|,A|downstream_gene_variant|MODIFIER|YDR523C|YDR523C|transcript|TRANSCRIPT_YDR523C|protein_coding||c.*1488A>T|||||1488|,A|downstream_gene_variant|MODIFIER|YDR524C|YDR524C|transcript|TRANSCRIPT_YDR524C|protein_coding||c.*3464A>T|||||3464|	GT:AD:DP:GQ:PGT:PID:PL:PS	70_0.0;1410_0.0;2640_0.9523809523809523;5150_1.0;7530_1.0;10150_1.0	1.0	15,0	16,0	1,20	0,11	0,7	0,7
chrIV 1484215 C -> T T|missense_variant|YDR522C||SPS2|Protein expressed during sporulation	chrIV	1484215	.	C	T	1801.56	T|missense_variant|YDR522C||SPS2|Protein expressed during sporulation	.	AC=7;AF=6.494e-03;AN=1078;BaseQRankSum=-3.640e-01;DP=10283;ExcessHet=0.0000;FS=0.000;InbreedingCoeff=0.4632;MLEAC=5;MLEAF=4.638e-03;MQ=60.00;MQRankSum=0.00;QD=30.34;ReadPosRankSum=1.24;SOR=0.547;ANN=T|missense_variant|MODERATE|YDR522C|YDR522C|transcript|TRANSCRIPT_YDR522C|protein_coding|1/1|c.1225G>A|p.Glu409Lys|1225/1509|1225/1509|409/502||,T|upstream_gene_variant|MODIFIER|YDR520C|YDR520C|transcript|TRANSCRIPT_YDR520C|protein_coding||c.-676G>A|||||676|,T|downstream_gene_variant|MODIFIER|YDR518W|YDR518W|transcript|TRANSCRIPT_YDR518W|protein_coding||c.*3918C>T|||||3918|,T|downstream_gene_variant|MODIFIER|YDR519W|YDR519W|transcript|TRANSCRIPT_YDR519W|protein_coding||c.*3247C>T|||||3247|,T|downstream_gene_variant|MODIFIER|YDR521W|YDR521W|transcript|TRANSCRIPT_YDR521W|protein_coding||c.*603C>T|||||603|,T|downstream_gene_variant|MODIFIER|YDR523C|YDR523C|transcript|TRANSCRIPT_YDR523C|protein_coding||c.*1487G>A|||||1487|,T|downstream_gene_variant|MODIFIER|YDR524C|YDR524C|transcript|TRANSCRIPT_YDR524C|protein_coding||c.*3463G>A|||||3463|	GT:AD:DP:GQ:PGT:PID:PL:PS	70_0.0;1410_0.0;2640_0.9523809523809523;5150_1.0;7530_1.0;10150_1.0	1.0	15,0	16,0	1,20	0,10	0,7	0,7
chrIV 1519258 G -> T nan	chrIV	1519258	.	G	T	2099.73		.	AC=7;AF=6.494e-03;AN=1078;BaseQRankSum=-5.810e-01;DP=13253;ExcessHet=0.0000;FS=0.000;InbreedingCoeff=0.6463;MLEAC=6;MLEAF=5.566e-03;MQ=60.00;MQRankSum=0.00;QD=33.87;ReadPosRankSum=-1.698e+00;SOR=0.831;ANN=T|upstream_gene_variant|MODIFIER|YDR540C|YDR540C|transcript|TRANSCRIPT_YDR540C|protein_coding||c.-1448C>A|||||1448|,T|upstream_gene_variant|MODIFIER|YDR542W|YDR542W|transcript|TRANSCRIPT_YDR542W|protein_coding||c.-4127G>T|||||4127|,T|downstream_gene_variant|MODIFIER|YDR541C|YDR541C|transcript|TRANSCRIPT_YDR541C|protein_coding||c.*542C>A|||||542|,T|intergenic_region|MODIFIER|YDR540C-YDR541C|YDR540C-YDR541C|intergenic_region|YDR540C-YDR541C|||n.1519258G>T||||||	GT:AD:DP:GQ:PL	70_0.0;1410_0.0;2640_0.9130434782608695;5150_1.0;7530_1.0;10150_1.0	1.0	17,0	17,0	2,21	0,20	0,5	0,14
chrIX 24766 GA -> G G|frameshift_variant|YIL169C||CSS1|Protein of unknown function, secreted when constitutively expressed	chrIX	24766	.	GA	G	939.89	G|frameshift_variant|YIL169C||CSS1|Protein of unknown function, secreted when constitutively expressed	.	AC=6;AF=5.587e-03;AN=1074;BaseQRankSum=0.00;DP=11824;ExcessHet=0.0000;FS=0.000;InbreedingCoeff=0.6775;MLEAC=4;MLEAF=3.724e-03;MQ=60.00;MQRankSum=0.00;QD=29.37;ReadPosRankSum=-1.604e+00;SOR=1.022;ANN=G|frameshift_variant|HIGH|YIL169C|YIL169C|transcript|TRANSCRIPT_YIL169C|protein_coding|1/1|c.1339delT|p.Ser447fs|1339/2987|1339/2987|447/994||WARNING_TRANSCRIPT_MULTIPLE_STOP_CODONS,G|upstream_gene_variant|MODIFIER|CDS_IX_29031_29414|GENE_CDS_IX_29031_29414|transcript|YIL168W|protein_coding||c.-4264delA|||||4264|,G|upstream_gene_variant|MODIFIER|CDS_IX_29415_30047|GENE_CDS_IX_29415_30047|transcript|YIL167W|protein_coding||c.-4648delA|||||4648|,G|downstream_gene_variant|MODIFIER|CDS_IX_19515_19844|GENE_CDS_IX_19515_19844|transcript|YIL171W|protein_coding||c.*4923delA|||||4923|,G|downstream_gene_variant|MODIFIER|CDS_IX_19847_21220|GENE_CDS_IX_19847_21220|transcript|YIL170W|protein_coding||c.*3547delA|||||3547|;LOF=(YIL169C|YIL169C|1|1.00)	GT:AD:DP:GQ:PL	70_0.0;1410_0.0;2640_0.0;5150_0.9230769230769231;7530_1.0;10150_1.0	1.0	20,0	20,0	16,0	1,12	0,5	0,14
chrIX 58518 C -> A A|missense_variant|YIL151C||ESL1|hEST1A/B (SMG5/6)-like protein	chrIX	58518	.	C	A	704.34	A|missense_variant|YIL151C||ESL1|hEST1A/B (SMG5/6)-like protein	.	AC=4;AF=3.717e-03;AN=1076;DP=11316;ExcessHet=0.0000;FS=0.000;InbreedingCoeff=0.4661;MLEAC=3;MLEAF=2.788e-03;MQ=60.00;QD=33.54;SOR=1.508;ANN=A|missense_variant|MODERATE|YIL151C|YIL151C|transcript|TRANSCRIPT_YIL151C|protein_coding|1/1|c.2177G>T|p.Trp726Leu|2177/3357|2177/3357|726/1118||,A|upstream_gene_variant|MODIFIER|YIL155C|YIL155C|transcript|TRANSCRIPT_YIL155C|protein_coding||c.-4810G>T|||||4810|,A|upstream_gene_variant|MODIFIER|YIL154C|YIL154C|transcript|TRANSCRIPT_YIL154C|protein_coding||c.-3497G>T|||||3497|,A|downstream_gene_variant|MODIFIER|YIL153W|YIL153W|transcript|TRANSCRIPT_YIL153W|protein_coding||c.*2139C>A|||||2139|,A|downstream_gene_variant|MODIFIER|YIL152W|YIL152W|transcript|TRANSCRIPT_YIL152W|protein_coding||c.*1266C>A|||||1266|,A|downstream_gene_variant|MODIFIER|YIL150C|YIL150C|transcript|TRANSCRIPT_YIL150C|protein_coding||c.*2495G>T|||||2495|,A|downstream_gene_variant|MODIFIER|YIL149C|YIL149C|transcript|TRANSCRIPT_YIL149C|protein_coding||c.*4510G>T|||||4510|	GT:AD:DP:GQ:PL	70_0.0;1410_0.0;2640_0.0;5150_0.0;10150_1.0	1.0	21,0	19,0	12,0	21,0	0,4	0,17
chrIX 148419 C -> G G|missense_variant|YIL115C||NUP159|FG-nucleoporin component of central core of the nuclear pore complex	chrIX	148419	.	C	G	333.06	G|missense_variant|YIL115C||NUP159|FG-nucleoporin component of central core of the nuclear pore complex	.	AC=4;AF=3.717e-03;AN=1076;DP=11060;ExcessHet=0.0000;FS=0.000;InbreedingCoeff=0.5076;MLEAC=2;MLEAF=1.859e-03;MQ=60.00;QD=33.31;SOR=1.609;ANN=G|missense_variant|MODERATE|YIL115C|YIL115C|transcript|TRANSCRIPT_YIL115C|protein_coding|1/1|c.294G>C|p.Gln98His|294/4383|294/4383|98/1460||,G|upstream_gene_variant|MODIFIER|YIL113W|YIL113W|transcript|TRANSCRIPT_YIL113W|protein_coding||c.-2143C>G|||||2143|,G|upstream_gene_variant|MODIFIER|YIL112W|YIL112W|transcript|TRANSCRIPT_YIL112W|protein_coding||c.-3179C>G|||||3179|,G|downstream_gene_variant|MODIFIER|YIL116W|YIL116W|transcript|TRANSCRIPT_YIL116W|protein_coding||c.*4331C>G|||||4331|,G|downstream_gene_variant|MODIFIER|YIL115W-A|YIL115W-A|transcript|TRANSCRIPT_YIL115W-A|protein_coding||c.*3777C>G|||||3777|,G|downstream_gene_variant|MODIFIER|YIL114C|YIL114C|transcript|TRANSCRIPT_YIL114C|protein_coding||c.*727G>C|||||727|	GT:AD:DP:GQ:PL	70_0.0;1410_0.0;2640_0.0;5150_0.0;10150_1.0	1.0	18,0	20,0	24,0	17,0	0,2	0,8
chrIX 151945 G -> A A|synonymous_variant|YIL112W||HOS4|Subunit of the Set3 complex	chrIX	151945	.	G	A	1485.54	A|synonymous_variant|YIL112W||HOS4|Subunit of the Set3 complex	.	AC=7;AF=6.494e-03;AN=1078;BaseQRankSum=-5.300e-01;DP=10344;ExcessHet=0.0000;FS=4.482;InbreedingCoeff=0.5696;MLEAC=6;MLEAF=5.566e-03;MQ=60.00;MQRankSum=0.00;QD=30.95;ReadPosRankSum=-2.980e-01;SOR=0.833;ANN=A|synonymous_variant|LOW|YIL112W|YIL112W|transcript|TRANSCRIPT_YIL112W|protein_coding|1/1|c.348G>A|p.Thr116Thr|348/3252|348/3252|116/1083||,A|upstream_gene_variant|MODIFIER|YIL115C|YIL115C|transcript|TRANSCRIPT_YIL115C|protein_coding||c.-3233C>T|||||3233|,A|upstream_gene_variant|MODIFIER|YIL114C|YIL114C|transcript|TRANSCRIPT_YIL114C|protein_coding||c.-1954C>T|||||1954|,A|upstream_gene_variant|MODIFIER|YIL111W|YIL111W|transcript|TRANSCRIPT_YIL111W|protein_coding||c.-3280G>A|||||3280|,A|upstream_gene_variant|MODIFIER|YIL110W|YIL110W|transcript|TRANSCRIPT_YIL110W|protein_coding||c.-4103G>A|||||4103|,A|downstream_gene_variant|MODIFIER|YIL113W|YIL113W|transcript|TRANSCRIPT_YIL113W|protein_coding||c.*754G>A|||||754|	GT:AD:DP:GQ:PL	70_0.0;1410_0.0;2640_0.9166666666666666;5150_1.0;7530_1.0;10150_1.0	1.0	9,0	14,0	1,11	0,18	0,6	0,12
chrIX 168237 T -> A A|missense_variant|YIL105C||SLM1|Phosphoinositide PI4,5P(2) binding protein, forms a complex with Slm2p	chrIX	168237	.	T	A	577.68	A|missense_variant|YIL105C||SLM1|Phosphoinositide PI4,5P(2) binding protein, forms a complex with Slm2p	.	AC=4;AF=3.711e-03;AN=1078;DP=9219;ExcessHet=0.0000;FS=0.000;InbreedingCoeff=0.3290;MLEAC=3;MLEAF=2.783e-03;MQ=60.00;QD=32.09;SOR=1.493;ANN=A|missense_variant|MODERATE|YIL105C|YIL105C|transcript|TRANSCRIPT_YIL105C|protein_coding|1/1|c.1408A>T|p.Ile470Phe|1408/2061|1408/2061|470/686||,A|upstream_gene_variant|MODIFIER|YIL107C|YIL107C|transcript|TRANSCRIPT_YIL107C|protein_coding||c.-2473A>T|||||2473|,A|upstream_gene_variant|MODIFIER|YIL103W|YIL103W|transcript|TRANSCRIPT_YIL103W|protein_coding||c.-3517T>A|||||3517|,A|downstream_gene_variant|MODIFIER|YIL106W|YIL106W|transcript|TRANSCRIPT_YIL106W|protein_coding||c.*790T>A|||||790|,A|downstream_gene_variant|MODIFIER|YIL105W-A|YIL105W-A|transcript|TRANSCRIPT_YIL105W-A|protein_coding||c.*430T>A|||||430|,A|downstream_gene_variant|MODIFIER|YIL104C|YIL104C|transcript|TRANSCRIPT_YIL104C|protein_coding||c.*1748A>T|||||1748|	GT:AD:DP:GQ:PL	70_0.0;1410_0.0;2640_0.0;5150_0.0;7530_1.0;10150_1.0	1.0	15,0	24,0	18,0	14,0	0,5	0,13
chrIX 181602 G -> T T|missense_variant|YIL097W||FYV10|Subunit of GID complex	chrIX	181602	.	G	T	1960.67	T|missense_variant|YIL097W||FYV10|Subunit of GID complex	.	AC=9;AF=8.349e-03;AN=1078;BaseQRankSum=-5.430e-01;DP=11101;ExcessHet=0.0000;FS=0.000;InbreedingCoeff=0.5814;MLEAC=8;MLEAF=7.421e-03;MQ=60.00;MQRankSum=0.00;QD=32.68;ReadPosRankSum=-7.040e-01;SOR=0.537;ANN=T|missense_variant|MODERATE|YIL097W|YIL097W|transcript|TRANSCRIPT_YIL097W|protein_coding|1/1|c.1173G>T|p.Lys391Asn|1173/1551|1173/1551|391/516||,T|upstream_gene_variant|MODIFIER|YIL101C|YIL101C|transcript|TRANSCRIPT_YIL101C|protein_coding||c.-4349C>A|||||4349|,T|upstream_gene_variant|MODIFIER|YIL100C-A|YIL100C-A|transcript|TRANSCRIPT_YIL100C-A|protein_coding||c.-3918C>A|||||3918|,T|upstream_gene_variant|MODIFIER|YIL098C|YIL098C|transcript|TRANSCRIPT_YIL098C|protein_coding||c.-1360C>A|||||1360|,T|upstream_gene_variant|MODIFIER|YIL095W|YIL095W|transcript|TRANSCRIPT_YIL095W|protein_coding||c.-2338G>T|||||2338|,T|downstream_gene_variant|MODIFIER|YIL100W|YIL100W|transcript|TRANSCRIPT_YIL100W|protein_coding||c.*3873G>T|||||3873|,T|downstream_gene_variant|MODIFIER|YIL099W|YIL099W|transcript|TRANSCRIPT_YIL099W|protein_coding||c.*1946G>T|||||1946|,T|downstream_gene_variant|MODIFIER|YIL096C|YIL096C|transcript|TRANSCRIPT_YIL096C|protein_coding||c.*518C>A|||||518|,T|downstream_gene_variant|MODIFIER|YIL094C|YIL094C|transcript|TRANSCRIPT_YIL094C|protein_coding||c.*4918C>A|||||4918|	GT:AD:DP:GQ:PL	70_0.0;1410_0.8888888888888888;2640_1.0;5150_1.0;10150_1.0	1.0	15,0	2,16	0,13	0,11	0,4	0,14
chrIX 232728 C -> G nan	chrIX	232728	.	C	G	1062.14		.	AC=5;AF=4.664e-03;AN=1072;BaseQRankSum=-5.610e-01;DP=9353;ExcessHet=0.0000;FS=2.766;InbreedingCoeff=0.4436;MLEAC=4;MLEAF=3.731e-03;MQ=60.00;MQRankSum=0.00;QD=29.50;ReadPosRankSum=1.28;SOR=0.307;ANN=G|upstream_gene_variant|MODIFIER|YIL071C|YIL071C|transcript|TRANSCRIPT_YIL071C|protein_coding||c.-2731G>C|||||2731|,G|upstream_gene_variant|MODIFIER|YIL070C|YIL070C|transcript|TRANSCRIPT_YIL070C|protein_coding||c.-1653G>C|||||1653|,G|upstream_gene_variant|MODIFIER|YIL069C|YIL069C|transcript|TRANSCRIPT_YIL069C|protein_coding||c.-356G>C|||||356|,G|upstream_gene_variant|MODIFIER|YIL068W-A|YIL068W-A|transcript|TRANSCRIPT_YIL068W-A|protein_coding||c.-288C>G|||||288|,G|upstream_gene_variant|MODIFIER|YIL066W-A|YIL066W-A|transcript|TRANSCRIPT_YIL066W-A|protein_coding||c.-4641C>G|||||4641|,G|downstream_gene_variant|MODIFIER|YIL072W|YIL072W|transcript|TRANSCRIPT_YIL072W|protein_coding||c.*4306C>G|||||4306|,G|downstream_gene_variant|MODIFIER|YIL071W-A|YIL071W-A|transcript|TRANSCRIPT_YIL071W-A|protein_coding||c.*3699C>G|||||3699|,G|downstream_gene_variant|MODIFIER|YIL068C|YIL068C|transcript|TRANSCRIPT_YIL068C|protein_coding||c.*332G>C|||||332|,G|downstream_gene_variant|MODIFIER|YIL067C|YIL067C|transcript|TRANSCRIPT_YIL067C|protein_coding||c.*2999G>C|||||2999|,G|intergenic_region|MODIFIER|YIL069C-YIL068W-A|YIL069C-YIL068W-A|intergenic_region|YIL069C-YIL068W-A|||n.232728C>G||||||	GT:AD:DP:GQ:PL	70_0.0;1410_0.0;2640_0.0;5150_0.8823529411764706;7530_1.0;10150_1.0	1.0	9,0	11,0	21,0	2,15	0,9	0,10
chrIX 253301 C -> A A|synonymous_variant|YIL055C||nan|Putative protein of unknown function	chrIX	253301	.	C	A	1716.36	A|synonymous_variant|YIL055C||nan|Putative protein of unknown function	.	AC=7;AF=6.506e-03;AN=1076;BaseQRankSum=-9.020e-01;DP=9909;ExcessHet=0.0000;FS=2.785;InbreedingCoeff=0.4760;MLEAC=6;MLEAF=5.576e-03;MQ=60.00;MQRankSum=0.00;QD=31.21;ReadPosRankSum=0.048;SOR=1.791;ANN=A|synonymous_variant|LOW|YIL055C|YIL055C|transcript|TRANSCRIPT_YIL055C|protein_coding|1/1|c.627G>T|p.Thr209Thr|627/1884|627/1884|209/627||,A|upstream_gene_variant|MODIFIER|YIL057C|YIL057C|transcript|TRANSCRIPT_YIL057C|protein_coding||c.-4903G>T|||||4903|,A|upstream_gene_variant|MODIFIER|YIL054W|YIL054W|transcript|TRANSCRIPT_YIL054W|protein_coding||c.-1243C>A|||||1243|,A|upstream_gene_variant|MODIFIER|YIL053W|YIL053W|transcript|TRANSCRIPT_YIL053W|protein_coding||c.-1815C>A|||||1815|,A|downstream_gene_variant|MODIFIER|YIL056W|YIL056W|transcript|TRANSCRIPT_YIL056W|protein_coding||c.*1386C>A|||||1386|,A|downstream_gene_variant|MODIFIER|YIL052C|YIL052C|transcript|TRANSCRIPT_YIL052C|protein_coding||c.*2927G>T|||||2927|,A|downstream_gene_variant|MODIFIER|YIL051C|YIL051C|transcript|TRANSCRIPT_YIL051C|protein_coding||c.*4546G>T|||||4546|	GT:AD:DP:GQ:PL	70_0.0;1410_0.0;2640_0.9230769230769231;5150_1.0;7530_1.0;10150_1.0	1.0	20,0	16,0	2,24	0,14	0,7	0,8
chrIX 308383 C -> T T|missense_variant|YIL025C||nan|Dubious open reading frame	chrIX	308383	.	C	T	1723.63	T|missense_variant|YIL025C||nan|Dubious open reading frame	.	AC=8;AF=7.421e-03;AN=1078;BaseQRankSum=2.09;DP=11641;ExcessHet=0.0000;FS=7.306;InbreedingCoeff=0.5082;MLEAC=6;MLEAF=5.566e-03;MQ=60.00;MQRankSum=0.00;QD=23.29;ReadPosRankSum=1.28;SOR=0.280;ANN=T|missense_variant|MODERATE|YIL025C|YIL025C|transcript|TRANSCRIPT_YIL025C|protein_coding|1/1|c.193G>A|p.Ala65Thr|193/375|193/375|65/124||,T|upstream_gene_variant|MODIFIER|YIL027C|YIL027C|transcript|TRANSCRIPT_YIL027C|protein_coding||c.-4279G>A|||||4279|,T|upstream_gene_variant|MODIFIER|YIL026C|YIL026C|transcript|TRANSCRIPT_YIL026C|protein_coding||c.-454G>A|||||454|,T|upstream_gene_variant|MODIFIER|YIL022W|YIL022W|transcript|TRANSCRIPT_YIL022W|protein_coding||c.-2782C>T|||||2782|,T|upstream_gene_variant|MODIFIER|YIL021W|YIL021W|transcript|TRANSCRIPT_YIL021W|protein_coding||c.-4522C>T|||||4522|,T|downstream_gene_variant|MODIFIER|YIL024C|YIL024C|transcript|TRANSCRIPT_YIL024C|protein_coding||c.*219G>A|||||219|,T|downstream_gene_variant|MODIFIER|YIL023C|YIL023C|transcript|TRANSCRIPT_YIL023C|protein_coding||c.*1003G>A|||||1003|,T|downstream_gene_variant|MODIFIER|YIL021C-A|YIL021C-A|transcript|TRANSCRIPT_YIL021C-A|protein_coding||c.*4816G>A|||||4816|	GT:AD:DP:GQ:PL	70_0.0;1410_0.0;2640_0.7777777777777778;5150_1.0;10150_1.0	0.9636363636363636	15,0	24,0	6,21	0,16	0,3	0,13
chrIX 315925 C -> T T|missense_variant|YIL019W||FAF1|Protein required for pre-rRNA processing	chrIX	315925	.	C	T	1836.8	T|missense_variant|YIL019W||FAF1|Protein required for pre-rRNA processing	.	AC=7;AF=6.542e-03;AN=1070;BaseQRankSum=-1.017e+00;DP=10736;ExcessHet=0.0000;FS=2.551;InbreedingCoeff=0.5787;MLEAC=7;MLEAF=6.542e-03;MQ=60.00;MQRankSum=0.00;QD=30.61;ReadPosRankSum=1.88;SOR=0.690;ANN=T|missense_variant|MODERATE|YIL019W|YIL019W|transcript|TRANSCRIPT_YIL019W|protein_coding|1/1|c.833C>T|p.Thr278Ile|833/1041|833/1041|278/346||,T|upstream_gene_variant|MODIFIER|YIL021C-A|YIL021C-A|transcript|TRANSCRIPT_YIL021C-A|protein_coding||c.-2457G>A|||||2457|,T|upstream_gene_variant|MODIFIER|YIL020C-A|YIL020C-A|transcript|TRANSCRIPT_YIL020C-A|protein_coding||c.-1874G>A|||||1874|,T|upstream_gene_variant|MODIFIER|YIL020C|YIL020C|transcript|TRANSCRIPT_YIL020C|protein_coding||c.-1105G>A|||||1105|,T|upstream_gene_variant|MODIFIER|YIL018W|YIL018W|transcript|TRANSCRIPT_YIL018W|protein_coding||c.-843C>T|||||843|,T|downstream_gene_variant|MODIFIER|YIL022W|YIL022W|transcript|TRANSCRIPT_YIL022W|protein_coding||c.*3465C>T|||||3465|,T|downstream_gene_variant|MODIFIER|YIL021W|YIL021W|transcript|TRANSCRIPT_YIL021W|protein_coding||c.*2064C>T|||||2064|,T|downstream_gene_variant|MODIFIER|YIL017C|YIL017C|transcript|TRANSCRIPT_YIL017C|protein_coding||c.*2275G>A|||||2275|	GT:AD:DP:GQ:PL	70_0.0;1410_0.0;2640_0.8421052631578947;5150_1.0;7530_1.0;10150_1.0	1.0	11,0	20,0	3,16	0,19	0,8	0,14
chrIX 319212 T -> G G|missense_variant|YIL017C||VID28|GID Complex subunit, serves as adaptor for regulatory subunit Vid24p	chrIX	319212	.	T	G	1821.74	G|missense_variant|YIL017C||VID28|GID Complex subunit, serves as adaptor for regulatory subunit Vid24p	.	AC=7;AF=6.494e-03;AN=1078;BaseQRankSum=-7.990e-01;DP=11637;ExcessHet=0.0000;FS=2.277;InbreedingCoeff=0.4959;MLEAC=6;MLEAF=5.566e-03;MQ=60.00;MQRankSum=0.00;QD=32.53;ReadPosRankSum=0.348;SOR=0.634;ANN=G|missense_variant|MODERATE|YIL017C|YIL017C|transcript|TRANSCRIPT_YIL017C|protein_coding|1/1|c.1754A>C|p.Glu585Ala|1754/2766|1754/2766|585/921||,G|upstream_gene_variant|MODIFIER|YIL020C|YIL020C|transcript|TRANSCRIPT_YIL020C|protein_coding||c.-4392A>C|||||4392|,G|upstream_gene_variant|MODIFIER|YIL016W|YIL016W|transcript|TRANSCRIPT_YIL016W|protein_coding||c.-2242T>G|||||2242|,G|upstream_gene_variant|MODIFIER|YIL015W|YIL015W|transcript|TRANSCRIPT_YIL015W|protein_coding||c.-3130T>G|||||3130|,G|downstream_gene_variant|MODIFIER|YIL019W|YIL019W|transcript|TRANSCRIPT_YIL019W|protein_coding||c.*3079T>G|||||3079|,G|downstream_gene_variant|MODIFIER|YIL018W|YIL018W|transcript|TRANSCRIPT_YIL018W|protein_coding||c.*1280T>G|||||1280|	GT:AD:DP:GQ:PL	70_0.0;1410_0.0;2640_0.8888888888888888;5150_1.0;10150_1.0	1.0	19,0	21,0	3,24	0,16	0,3	0,10
chrIX 343836 T -> C nan	chrIX	343836	.	T	C	1100.35		.	AC=4;AF=3.724e-03;AN=1074;DP=11826;ExcessHet=0.0000;FS=0.000;InbreedingCoeff=0.6579;MLEAC=4;MLEAF=3.724e-03;MQ=60.00;QD=34.39;SOR=1.473;ANN=C|upstream_gene_variant|MODIFIER|YIL007C|YIL007C|transcript|TRANSCRIPT_YIL007C|protein_coding||c.-180A>G|||||180|,C|upstream_gene_variant|MODIFIER|YIL006W|YIL006W|transcript|TRANSCRIPT_YIL006W|protein_coding||c.-226T>C|||||226|,C|upstream_gene_variant|MODIFIER|YIL005W|YIL005W|transcript|TRANSCRIPT_YIL005W|protein_coding||c.-1856T>C|||||1856|,C|downstream_gene_variant|MODIFIER|YIL009W|YIL009W|transcript|TRANSCRIPT_YIL009W|protein_coding||c.*2408T>C|||||2408|,C|downstream_gene_variant|MODIFIER|YIL008W|YIL008W|transcript|TRANSCRIPT_YIL008W|protein_coding||c.*1001T>C|||||1001|,C|downstream_gene_variant|MODIFIER|YIL004C|YIL004C|transcript|TRANSCRIPT_YIL004C|protein_coding||c.*4110A>G|||||4110|,C|intergenic_region|MODIFIER|YIL007C-YIL006W|YIL007C-YIL006W|intergenic_region|YIL007C-YIL006W|||n.343836T>C||||||	GT:AD:DP:GQ:PL	70_0.0;1410_0.0;2640_0.0;5150_1.0;10150_1.0	1.0	19,0	17,0	12,0	0,17	1,0	0,15
chrMito 67421 TC -> T nan	chrMito	67421	.	TC	T	11177.3		.	AC=54,5;AF=0.050,4.638e-03;AN=1078;BaseQRankSum=-1.120e-01;DP=21265;ExcessHet=0.0000;FS=0.000;InbreedingCoeff=0.2675;MLEAC=49,5;MLEAF=0.045,4.638e-03;MQ=60.00;MQRankSum=0.00;QD=7.38;ReadPosRankSum=-3.600e-02;SOR=0.664;ANN=T|intergenic_region|MODIFIER|||||||||||||,TCC|intergenic_region|MODIFIER|||||||||||||	GT:AD:DP:GQ:PGT:PID:PL:PS	70_0.0;1410_0.0;2640_0.0;5150_0.8679245283018868;7530_1.0;10150_1.0	0.17488076311605724	34,0	40,0	41,0	7,46	0,19	0,45
chrV 37455 A -> G G|synonymous_variant|YEL061C||CIN8|Kinesin motor protein	chrV	37455	.	A	G	1445.8	G|synonymous_variant|YEL061C||CIN8|Kinesin motor protein	.	AC=5;AF=4.647e-03;AN=1076;BaseQRankSum=1.46;DP=12854;ExcessHet=0.0000;FS=2.106;InbreedingCoeff=0.5735;MLEAC=4;MLEAF=3.717e-03;MQ=60.00;MQRankSum=0.00;QD=28.92;ReadPosRankSum=0.571;SOR=1.609;ANN=G|synonymous_variant|LOW|YEL061C|YEL061C|transcript|TRANSCRIPT_YEL061C|protein_coding|1/1|c.2083T>C|p.Leu695Leu|2083/3003|2083/3003|695/1000||,G|upstream_gene_variant|MODIFIER|YEL063C|YEL063C|transcript|TRANSCRIPT_YEL063C|protein_coding||c.-3989T>C|||||3989|,G|downstream_gene_variant|MODIFIER|YEL062W|YEL062W|transcript|TRANSCRIPT_YEL062W|protein_coding||c.*1201A>G|||||1201|,G|downstream_gene_variant|MODIFIER|YEL060C|YEL060C|transcript|TRANSCRIPT_YEL060C|protein_coding||c.*2591T>C|||||2591|,G|downstream_gene_variant|MODIFIER|YEL059C-A|YEL059C-A|transcript|TRANSCRIPT_YEL059C-A|protein_coding||c.*4945T>C|||||4945|	GT:AD:DP:GQ:PL	70_0.0;1410_0.0;2640_0.0;5150_0.7741935483870968;7530_1.0;10150_1.0	1.0	20,0	20,0	19,0	7,24	0,5	0,14
chrV 42981 T -> A nan	chrV	42981	.	T	A	1241.86		.	AC=5;AF=4.647e-03;AN=1076;BaseQRankSum=0.344;DP=10546;ExcessHet=0.0000;FS=11.161;InbreedingCoeff=0.3836;MLEAC=4;MLEAF=3.717e-03;MQ=60.00;MQRankSum=0.00;QD=30.29;ReadPosRankSum=-1.750e-01;SOR=0.838;ANN=A|upstream_gene_variant|MODIFIER|YEL061C|YEL061C|transcript|TRANSCRIPT_YEL061C|protein_coding||c.-3444A>T|||||3444|,A|upstream_gene_variant|MODIFIER|YEL060C|YEL060C|transcript|TRANSCRIPT_YEL060C|protein_coding||c.-1028A>T|||||1028|,A|upstream_gene_variant|MODIFIER|YEL059C-A|YEL059C-A|transcript|TRANSCRIPT_YEL059C-A|protein_coding||c.-357A>T|||||357|,A|upstream_gene_variant|MODIFIER|YEL058W|YEL058W|transcript|TRANSCRIPT_YEL058W|protein_coding||c.-271T>A|||||271|,A|upstream_gene_variant|MODIFIER|YEL056W|YEL056W|transcript|TRANSCRIPT_YEL056W|protein_coding||c.-4187T>A|||||4187|,A|downstream_gene_variant|MODIFIER|YEL059W|YEL059W|transcript|TRANSCRIPT_YEL059W|protein_coding||c.*21T>A|||||21|,A|downstream_gene_variant|MODIFIER|YEL057C|YEL057C|transcript|TRANSCRIPT_YEL057C|protein_coding||c.*2039A>T|||||2039|,A|intergenic_region|MODIFIER|YEL059W-YEL058W|YEL059W-YEL058W|intergenic_region|YEL059W-YEL058W|||n.42981T>A||||||	GT:AD:DP:GQ:PL	70_0.0;1410_0.0;2640_0.0;5150_0.875;10150_1.0	1.0	17,0	14,0	21,0	3,21	0,4	0,13
chrV 47369 G -> A A|missense_variant|YEL056W||HAT2|Subunit of the Hat1p-Hat2p histone acetyltransferase complex	chrV	47369	.	G	A	2543.42	A|missense_variant|YEL056W||HAT2|Subunit of the Hat1p-Hat2p histone acetyltransferase complex	.	AC=9;AF=8.364e-03;AN=1076;BaseQRankSum=-1.038e+00;DP=11683;ExcessHet=0.0000;FS=0.000;InbreedingCoeff=0.5875;MLEAC=8;MLEAF=7.435e-03;MQ=60.00;MQRankSum=0.00;QD=31.79;ReadPosRankSum=-1.436e+00;SOR=0.532;ANN=A|missense_variant|MODERATE|YEL056W|YEL056W|transcript|TRANSCRIPT_YEL056W|protein_coding|1/1|c.202G>A|p.Glu68Lys|202/1206|202/1206|68/401||,A|upstream_gene_variant|MODIFIER|YEL059C-A|YEL059C-A|transcript|TRANSCRIPT_YEL059C-A|protein_coding||c.-4745C>T|||||4745|,A|upstream_gene_variant|MODIFIER|YEL057C|YEL057C|transcript|TRANSCRIPT_YEL057C|protein_coding||c.-1648C>T|||||1648|,A|downstream_gene_variant|MODIFIER|YEL059W|YEL059W|transcript|TRANSCRIPT_YEL059W|protein_coding||c.*4409G>A|||||4409|,A|downstream_gene_variant|MODIFIER|YEL058W|YEL058W|transcript|TRANSCRIPT_YEL058W|protein_coding||c.*2444G>A|||||2444|,A|downstream_gene_variant|MODIFIER|YEL055C|YEL055C|transcript|TRANSCRIPT_YEL055C|protein_coding||c.*1102C>T|||||1102|	GT:AD:DP:GQ:PL	70_0.0;1410_0.8636363636363636;2640_1.0;5150_1.0;7530_1.0;10150_1.0	1.0	20,0	3,19	0,16	0,15	0,7	0,20
chrV 64240 A -> G nan	chrV	64240	.	A	G	367.07		.	AC=4;AF=3.717e-03;AN=1076;DP=10929;ExcessHet=0.0000;FS=0.000;InbreedingCoeff=0.5377;MLEAC=2;MLEAF=1.859e-03;MQ=60.00;QD=33.37;SOR=0.859;ANN=G|upstream_gene_variant|MODIFIER|YEL050C|YEL050C|transcript|TRANSCRIPT_YEL050C|protein_coding||c.-3389T>C|||||3389|,G|downstream_gene_variant|MODIFIER|YEL050W-A|YEL050W-A|transcript|TRANSCRIPT_YEL050W-A|protein_coding||c.*4500A>G|||||4500|,G|downstream_gene_variant|MODIFIER|YEL049W|YEL049W|transcript|TRANSCRIPT_YEL049W|protein_coding||c.*150A>G|||||150|,G|downstream_gene_variant|MODIFIER|YEL048C|YEL048C|transcript|TRANSCRIPT_YEL048C|protein_coding||c.*469T>C|||||469|,G|downstream_gene_variant|MODIFIER|YEL047C|YEL047C|transcript|TRANSCRIPT_YEL047C|protein_coding||c.*1145T>C|||||1145|,G|downstream_gene_variant|MODIFIER|YEL046C|YEL046C|transcript|TRANSCRIPT_YEL046C|protein_coding||c.*3389T>C|||||3389|,G|downstream_gene_variant|MODIFIER|YEL045C|YEL045C|transcript|TRANSCRIPT_YEL045C|protein_coding||c.*4600T>C|||||4600|,G|intergenic_region|MODIFIER|YEL049W-YEL048C|YEL049W-YEL048C|intergenic_region|YEL049W-YEL048C|||n.64240A>G||||||	GT:AD:DP:GQ:PL	70_0.0;1410_0.0;2640_0.0;5150_0.0;10150_1.0	1.0	18,0	20,0	19,0	10,0	0,3	0,8
chrV 69199 G -> T T|synonymous_variant|YEL045C||nan|Dubious open reading frame	chrV	69199	.	G	T	1571.25	T|synonymous_variant|YEL045C||nan|Dubious open reading frame	.	AC=9;AF=8.380e-03;AN=1074;BaseQRankSum=1.25;DP=11298;ExcessHet=0.0000;FS=10.292;InbreedingCoeff=0.6819;MLEAC=7;MLEAF=6.518e-03;MQ=60.00;MQRankSum=0.00;QD=25.34;ReadPosRankSum=-3.750e-01;SOR=2.345;ANN=T|synonymous_variant|LOW|YEL045C|YEL045C|transcript|TRANSCRIPT_YEL045C|protein_coding|1/1|c.67C>A|p.Arg23Arg|67/426|67/426|23/141||,T|upstream_gene_variant|MODIFIER|YEL048C|YEL048C|transcript|TRANSCRIPT_YEL048C|protein_coding||c.-4032C>A|||||4032|,T|upstream_gene_variant|MODIFIER|YEL047C|YEL047C|transcript|TRANSCRIPT_YEL047C|protein_coding||c.-2402C>A|||||2402|,T|upstream_gene_variant|MODIFIER|YEL046C|YEL046C|transcript|TRANSCRIPT_YEL046C|protein_coding||c.-407C>A|||||407|,T|upstream_gene_variant|MODIFIER|YEL044W|YEL044W|transcript|TRANSCRIPT_YEL044W|protein_coding||c.-558G>T|||||558|,T|upstream_gene_variant|MODIFIER|YEL043W|YEL043W|transcript|TRANSCRIPT_YEL043W|protein_coding||c.-1279G>T|||||1279|,T|upstream_gene_variant|MODIFIER|YEL042W|YEL042W|transcript|TRANSCRIPT_YEL042W|protein_coding||c.-4572G>T|||||4572|	GT:AD:DP:GQ:PL	70_0.0;1410_0.0;2640_1.0;5150_1.0;10150_1.0	0.9574468085106383	20,0	14,0	0,23	0,12	0,4	0,6
chrV 69978 C -> T T|synonymous_variant|YEL044W||IES6|Component of the INO80 chromatin remodeling complex	chrV	69978	.	C	T	712.77	T|synonymous_variant|YEL044W||IES6|Component of the INO80 chromatin remodeling complex	.	AC=5;AF=4.638e-03;AN=1078;BaseQRankSum=0.696;DP=8612;ExcessHet=0.0000;FS=3.329;InbreedingCoeff=0.3185;MLEAC=4;MLEAF=3.711e-03;MQ=60.00;MQRankSum=0.00;QD=22.27;ReadPosRankSum=1.63;SOR=0.288;ANN=T|synonymous_variant|LOW|YEL044W|YEL044W|transcript|TRANSCRIPT_YEL044W|protein_coding|1/1|c.222C>T|p.Ile74Ile|222/501|222/501|74/166||,T|upstream_gene_variant|MODIFIER|YEL048C|YEL048C|transcript|TRANSCRIPT_YEL048C|protein_coding||c.-4811G>A|||||4811|,T|upstream_gene_variant|MODIFIER|YEL047C|YEL047C|transcript|TRANSCRIPT_YEL047C|protein_coding||c.-3181G>A|||||3181|,T|upstream_gene_variant|MODIFIER|YEL046C|YEL046C|transcript|TRANSCRIPT_YEL046C|protein_coding||c.-1186G>A|||||1186|,T|upstream_gene_variant|MODIFIER|YEL045C|YEL045C|transcript|TRANSCRIPT_YEL045C|protein_coding||c.-713G>A|||||713|,T|upstream_gene_variant|MODIFIER|YEL043W|YEL043W|transcript|TRANSCRIPT_YEL043W|protein_coding||c.-500C>T|||||500|,T|upstream_gene_variant|MODIFIER|YEL042W|YEL042W|transcript|TRANSCRIPT_YEL042W|protein_coding||c.-3793C>T|||||3793|	GT:AD:DP:GQ:PL	70_0.0;1410_0.0;2640_0.0;5150_0.21428571428571427;10150_1.0	1.0	16,0	21,0	8,0	11,3	0,3	0,15
chrV 157144 A -> T T|missense_variant|YER002W||NOP16|Constituent of 66S pre-ribosomal particles	chrV	157144	.	A	T	948.98	T|missense_variant|YER002W||NOP16|Constituent of 66S pre-ribosomal particles	.	AC=6;AF=5.576e-03;AN=1076;BaseQRankSum=0.504;DP=11484;ExcessHet=0.0001;FS=9.587;InbreedingCoeff=0.4571;MLEAC=5;MLEAF=4.647e-03;MQ=60.00;MQRankSum=0.00;QD=16.95;ReadPosRankSum=-4.400e-02;SOR=0.634;ANN=T|missense_variant|MODERATE|YER002W|YER002W|transcript|TRANSCRIPT_YER002W|protein_coding|1/1|c.342A>T|p.Glu114Asp|342/696|342/696|114/231||,T|upstream_gene_variant|MODIFIER|YER004W|YER004W|transcript|TRANSCRIPT_YER004W|protein_coding||c.-2436A>T|||||2436|,T|upstream_gene_variant|MODIFIER|YER005W|YER005W|transcript|TRANSCRIPT_YER005W|protein_coding||c.-3406A>T|||||3406|,T|downstream_gene_variant|MODIFIER|YER001W|YER001W|transcript|TRANSCRIPT_YER001W|protein_coding||c.*1336A>T|||||1336|,T|downstream_gene_variant|MODIFIER|YER003C|YER003C|transcript|TRANSCRIPT_YER003C|protein_coding||c.*592T>A|||||592|	GT:AD:DP:GQ:PGT:PID:PL:PS	70_0.0;1410_0.0;2640_0.125;5150_0.75;7530_1.0;10150_1.0	1.0	16,0	17,0	21,3	3,9	0,9	0,11
chrV 323724 A -> T T|missense_variant|YER081W||SER3|3-phosphoglycerate dehydrogenase and alpha-ketoglutarate reductase	chrV	323724	.	A	T	2917.21	T|missense_variant|YER081W||SER3|3-phosphoglycerate dehydrogenase and alpha-ketoglutarate reductase	.	AC=9;AF=8.349e-03;AN=1078;BaseQRankSum=-3.860e-01;DP=11088;ExcessHet=0.0000;FS=0.000;InbreedingCoeff=0.5901;MLEAC=8;MLEAF=7.421e-03;MQ=60.00;MQRankSum=0.00;QD=33.92;ReadPosRankSum=0.987;SOR=1.423;ANN=T|missense_variant|MODERATE|YER081W|YER081W|transcript|TRANSCRIPT_YER081W|protein_coding|1/1|c.1042A>T|p.Ile348Phe|1042/1410|1042/1410|348/469||,T|upstream_gene_variant|MODIFIER|YER079C-A|YER079C-A|transcript|TRANSCRIPT_YER079C-A|protein_coding||c.-3487T>A|||||3487|,T|upstream_gene_variant|MODIFIER|YER084W|YER084W|transcript|TRANSCRIPT_YER084W|protein_coding||c.-3338A>T|||||3338|,T|upstream_gene_variant|MODIFIER|YER084W-A|YER084W-A|transcript|TRANSCRIPT_YER084W-A|protein_coding||c.-3871A>T|||||3871|,T|upstream_gene_variant|MODIFIER|YER086W|YER086W|transcript|TRANSCRIPT_YER086W|protein_coding||c.-4750A>T|||||4750|,T|downstream_gene_variant|MODIFIER|YER078W-A|YER078W-A|transcript|TRANSCRIPT_YER078W-A|protein_coding||c.*4917A>T|||||4917|,T|downstream_gene_variant|MODIFIER|YER079W|YER079W|transcript|TRANSCRIPT_YER079W|protein_coding||c.*4175A>T|||||4175|,T|downstream_gene_variant|MODIFIER|YER080W|YER080W|transcript|TRANSCRIPT_YER080W|protein_coding||c.*1881A>T|||||1881|,T|downstream_gene_variant|MODIFIER|YER082C|YER082C|transcript|TRANSCRIPT_YER082C|protein_coding||c.*545T>A|||||545|,T|downstream_gene_variant|MODIFIER|YER083C|YER083C|transcript|TRANSCRIPT_YER083C|protein_coding||c.*2447T>A|||||2447|,T|downstream_gene_variant|MODIFIER|YER085C|YER085C|transcript|TRANSCRIPT_YER085C|protein_coding||c.*3892T>A|||||3892|	GT:AD:DP:GQ:PL	70_0.0;1410_0.8888888888888888;2640_1.0;5150_1.0;7530_1.0;10150_1.0	1.0	14,0	2,16	0,23	0,21	0,7	0,17
chrV 354802 C -> T nan	chrV	354802	.	C	T	772.98		.	AC=5;AF=4.638e-03;AN=1078;BaseQRankSum=1.38;DP=13972;ExcessHet=0.0000;FS=3.840;InbreedingCoeff=0.4847;MLEAC=3;MLEAF=2.783e-03;MQ=60.00;MQRankSum=0.00;QD=24.93;ReadPosRankSum=-7.820e-01;SOR=1.014;ANN=T|upstream_gene_variant|MODIFIER|YER097W|YER097W|transcript|TRANSCRIPT_YER097W|protein_coding||c.-335C>T|||||335|,T|upstream_gene_variant|MODIFIER|YER098W|YER098W|transcript|TRANSCRIPT_YER098W|protein_coding||c.-661C>T|||||661|,T|upstream_gene_variant|MODIFIER|YER100W|YER100W|transcript|TRANSCRIPT_YER100W|protein_coding||c.-4757C>T|||||4757|,T|downstream_gene_variant|MODIFIER|YER095W|YER095W|transcript|TRANSCRIPT_YER095W|protein_coding||c.*3623C>T|||||3623|,T|downstream_gene_variant|MODIFIER|YER096W|YER096W|transcript|TRANSCRIPT_YER096W|protein_coding||c.*1569C>T|||||1569|,T|downstream_gene_variant|MODIFIER|YER099C|YER099C|transcript|TRANSCRIPT_YER099C|protein_coding||c.*3300G>A|||||3300|,T|intergenic_region|MODIFIER|YER096W-YER097W|YER096W-YER097W|intergenic_region|YER096W-YER097W|||n.354802C>T||||||	GT:AD:DP:GQ:PGT:PID:PL:PS	70_0.0;1410_0.0;2640_0.0;5150_0.5882352941176471;10150_1.0	1.0	16,0	21,0	20,0	7,10	0,1	0,14
chrV 378995 T -> G G|missense_variant|YER110C||KAP123|Karyopherin beta	chrV	378995	.	T	G	1133.64	G|missense_variant|YER110C||KAP123|Karyopherin beta	.	AC=5;AF=4.647e-03;AN=1076;BaseQRankSum=1.49;DP=10377;ExcessHet=0.0000;FS=0.000;InbreedingCoeff=0.4441;MLEAC=4;MLEAF=3.717e-03;MQ=60.00;MQRankSum=0.00;QD=29.83;ReadPosRankSum=0.637;SOR=0.804;ANN=G|missense_variant|MODERATE|YER110C|YER110C|transcript|TRANSCRIPT_YER110C|protein_coding|1/1|c.3106A>C|p.Ile1036Leu|3106/3342|3106/3342|1036/1113||,G|upstream_gene_variant|MODIFIER|YER107C|YER107C|transcript|TRANSCRIPT_YER107C|protein_coding||c.-4453A>C|||||4453|,G|upstream_gene_variant|MODIFIER|YER109C|YER109C|transcript|TRANSCRIPT_YER109C|protein_coding||c.-1384A>C|||||1384|,G|downstream_gene_variant|MODIFIER|YER107W-A|YER107W-A|transcript|TRANSCRIPT_YER107W-A|protein_coding||c.*4284T>G|||||4284|,G|downstream_gene_variant|MODIFIER|YER111C|YER111C|transcript|TRANSCRIPT_YER111C|protein_coding||c.*3597A>C|||||3597|	GT:AD:DP:GQ:PL	70_0.0;1410_0.0;2640_0.875;5150_1.0;10150_1.0	1.0	11,0	21,0	2,14	0,16	1,0	0,6
chrV 439751 A -> G G|missense_variant|YER136W||GDI1|GDP dissociation inhibitor	chrV	439751	.	A	G	782.91	G|missense_variant|YER136W||GDI1|GDP dissociation inhibitor	.	AC=5;AF=4.647e-03;AN=1076;BaseQRankSum=-1.581e+00;DP=11842;ExcessHet=0.0000;FS=1.496;InbreedingCoeff=0.4960;MLEAC=4;MLEAF=3.717e-03;MQ=60.00;MQRankSum=0.00;QD=21.75;ReadPosRankSum=-8.460e-01;SOR=0.458;ANN=G|missense_variant|MODERATE|YER136W|YER136W|transcript|TRANSCRIPT_YER136W|protein_coding|1/1|c.185A>G|p.Gln62Arg|185/1356|185/1356|62/451||,G|upstream_gene_variant|MODIFIER|YER134C|YER134C|transcript|TRANSCRIPT_YER134C|protein_coding||c.-1997T>C|||||1997|,G|upstream_gene_variant|MODIFIER|YER135C|YER135C|transcript|TRANSCRIPT_YER135C|protein_coding||c.-1456T>C|||||1456|,G|upstream_gene_variant|MODIFIER|YER137W-A|YER137W-A|transcript|TRANSCRIPT_YER137W-A|protein_coding||c.-1775A>G|||||1775|,G|downstream_gene_variant|MODIFIER|YER133W-A|YER133W-A|transcript|TRANSCRIPT_YER133W-A|protein_coding||c.*2268A>G|||||2268|,G|downstream_gene_variant|MODIFIER|YER137C|YER137C|transcript|TRANSCRIPT_YER137C|protein_coding||c.*1573T>C|||||1573|,G|downstream_gene_variant|MODIFIER|CDS_V_443707_447672|GENE_CDS_V_443707_447672|transcript|YER138C|protein_coding||c.*3956T>C|||||3956|	GT:AD:DP:GQ:PL	70_0.0;1410_0.0;2640_0.0;5150_0.5555555555555556;7530_1.0;10150_1.0	1.0	20,0	22,0	20,0	8,10	0,5	0,13
chrV 441162 T -> C nan	chrV	441162	.	T	C	492.94		.	AC=3;AF=2.783e-03;AN=1078;BaseQRankSum=-3.190e-01;DP=13760;ExcessHet=0.0061;FS=0.000;InbreedingCoeff=0.4153;MLEAC=3;MLEAF=2.783e-03;MQ=60.00;MQRankSum=0.00;QD=29.00;ReadPosRankSum=1.15;SOR=0.990;ANN=C|upstream_gene_variant|MODIFIER|YER134C|YER134C|transcript|TRANSCRIPT_YER134C|protein_coding||c.-3408A>G|||||3408|,C|upstream_gene_variant|MODIFIER|YER135C|YER135C|transcript|TRANSCRIPT_YER135C|protein_coding||c.-2867A>G|||||2867|,C|upstream_gene_variant|MODIFIER|YER137W-A|YER137W-A|transcript|TRANSCRIPT_YER137W-A|protein_coding||c.-364T>C|||||364|,C|downstream_gene_variant|MODIFIER|YER133W-A|YER133W-A|transcript|TRANSCRIPT_YER133W-A|protein_coding||c.*3679T>C|||||3679|,C|downstream_gene_variant|MODIFIER|YER136W|YER136W|transcript|TRANSCRIPT_YER136W|protein_coding||c.*240T>C|||||240|,C|downstream_gene_variant|MODIFIER|YER137C|YER137C|transcript|TRANSCRIPT_YER137C|protein_coding||c.*162A>G|||||162|,C|downstream_gene_variant|MODIFIER|CDS_V_443707_447672|GENE_CDS_V_443707_447672|transcript|YER138C|protein_coding||c.*2545A>G|||||2545|,C|intergenic_region|MODIFIER|YER136W-YER137C|YER136W-YER137C|intergenic_region|YER136W-YER137C|||n.441162T>C||||||	GT:AD:DP:GQ:PL	70_0.0;1410_0.0;2640_0.0;5150_0.0;10150_1.0	1.0	37,0	31,0	22,0	22,0	1,3	0,13
chrV 500146 T -> C C|missense_variant|YER161C||SPT2|Protein involved in negative regulation of transcription	chrV	500146	.	T	C	684.21	C|missense_variant|YER161C||SPT2|Protein involved in negative regulation of transcription	.	AC=5;AF=4.647e-03;AN=1076;BaseQRankSum=1.66;DP=8895;ExcessHet=0.0000;FS=0.000;InbreedingCoeff=0.2891;MLEAC=3;MLEAF=2.788e-03;MQ=60.00;MQRankSum=0.00;QD=28.51;ReadPosRankSum=1.03;SOR=0.693;ANN=C|missense_variant|MODERATE|YER161C|YER161C|transcript|TRANSCRIPT_YER161C|protein_coding|1/1|c.154A>G|p.Lys52Glu|154/1002|154/1002|52/333||,C|upstream_gene_variant|MODIFIER|CDS_V_492807_496772|GENE_CDS_V_492807_496772|transcript|YER160C|protein_coding||c.-2071A>G|||||2071|,C|upstream_gene_variant|MODIFIER|CDS_V_496753_498075|GENE_CDS_V_496753_498075|transcript|YER159C-A|protein_coding||c.-2071A>G|||||2071|,C|downstream_gene_variant|MODIFIER|YER162C|YER162C|transcript|TRANSCRIPT_YER162C|protein_coding||c.*435A>G|||||435|,C|downstream_gene_variant|MODIFIER|YER163C|YER163C|transcript|TRANSCRIPT_YER163C|protein_coding||c.*2889A>G|||||2889|	GT:AD:DP:GQ:PL	70_0.0;1410_0.0;2640_0.0;5150_0.875;10150_1.0	1.0	10,0	15,0	7,0	2,14	0,2	0,6
chrVI 9308 G -> C nan	chrVI	9308	.	G	C	573.83		.	AC=3;AF=2.804e-03;AN=1070;BaseQRankSum=-2.360e-01;DP=8965;ExcessHet=0.0061;FS=0.000;InbreedingCoeff=0.2880;MLEAC=3;MLEAF=2.804e-03;MQ=40.13;MQRankSum=-1.005e+00;QD=26.08;ReadPosRankSum=1.74;SOR=0.352;ANN=C|upstream_gene_variant|MODIFIER|YFL061W|YFL061W|transcript|TRANSCRIPT_YFL061W|protein_coding||c.-237G>C|||||237|,C|upstream_gene_variant|MODIFIER|YFL059W|YFL059W|transcript|TRANSCRIPT_YFL059W|protein_coding||c.-2055G>C|||||2055|,C|upstream_gene_variant|MODIFIER|YFL058W|YFL058W|transcript|TRANSCRIPT_YFL058W|protein_coding||c.-3621G>C|||||3621|,C|downstream_gene_variant|MODIFIER|YFL063W|YFL063W|transcript|TRANSCRIPT_YFL063W|protein_coding||c.*3787G>C|||||3787|,C|downstream_gene_variant|MODIFIER|YFL062W|YFL062W|transcript|TRANSCRIPT_YFL062W|protein_coding||c.*1743G>C|||||1743|,C|downstream_gene_variant|MODIFIER|YFL060C|YFL060C|transcript|TRANSCRIPT_YFL060C|protein_coding||c.*993C>G|||||993|,C|downstream_gene_variant|MODIFIER|YFL057C|YFL057C|transcript|TRANSCRIPT_YFL057C|protein_coding||c.*4997C>G|||||4997|,C|intergenic_region|MODIFIER|YFL062W-YFL061W|YFL062W-YFL061W|intergenic_region|YFL062W-YFL061W|||n.9308G>C||||||	GT:AD:DP:GQ:PL	70_0.0;1410_0.0;2640_0.0;5150_0.9090909090909091;10150_1.0	1.0	15,0	12,0	16,0	1,10	1,0	0,11
chrVI 44168 G -> A A|synonymous_variant|YFL045C||SEC53|Phosphomannomutase	chrVI	44168	.	G	A	1293.31	A|synonymous_variant|YFL045C||SEC53|Phosphomannomutase	.	AC=7;AF=6.530e-03;AN=1072;BaseQRankSum=0.00;DP=8679;ExcessHet=0.0000;FS=0.000;InbreedingCoeff=0.4370;MLEAC=6;MLEAF=5.597e-03;MQ=60.00;MQRankSum=0.00;QD=34.03;ReadPosRankSum=-1.036e+00;SOR=0.586;ANN=A|synonymous_variant|LOW|YFL045C|YFL045C|transcript|TRANSCRIPT_YFL045C|protein_coding|1/1|c.225C>T|p.Phe75Phe|225/765|225/765|75/254||,A|upstream_gene_variant|MODIFIER|YFL048C|YFL048C|transcript|TRANSCRIPT_YFL048C|protein_coding||c.-3988C>T|||||3988|,A|upstream_gene_variant|MODIFIER|YFL041W-A|YFL041W-A|transcript|TRANSCRIPT_YFL041W-A|protein_coding||c.-4566G>A|||||4566|,A|upstream_gene_variant|MODIFIER|YFL041W|YFL041W|transcript|TRANSCRIPT_YFL041W|protein_coding||c.-4971G>A|||||4971|,A|downstream_gene_variant|MODIFIER|YFL047W|YFL047W|transcript|TRANSCRIPT_YFL047W|protein_coding||c.*1603G>A|||||1603|,A|downstream_gene_variant|MODIFIER|YFL046W|YFL046W|transcript|TRANSCRIPT_YFL046W|protein_coding||c.*730G>A|||||730|,A|downstream_gene_variant|MODIFIER|YFL044C|YFL044C|transcript|TRANSCRIPT_YFL044C|protein_coding||c.*487C>T|||||487|,A|downstream_gene_variant|MODIFIER|YFL042C|YFL042C|transcript|TRANSCRIPT_YFL042C|protein_coding||c.*1552C>T|||||1552|	GT:AD:DP:GQ:PL	70_0.0;1410_0.0;2640_0.9;5150_1.0;10150_1.0	1.0	20,0	18,0	1,9	0,18	0,2	0,8
chrVI 56145 C -> G nan	chrVI	56145	.	C	G	853.74		.	AC=5;AF=4.647e-03;AN=1076;BaseQRankSum=-1.211e+00;DP=11022;ExcessHet=0.0000;FS=0.000;InbreedingCoeff=0.4699;MLEAC=4;MLEAF=3.717e-03;MQ=60.00;MQRankSum=0.00;QD=25.87;ReadPosRankSum=0.950;SOR=0.446;ANN=G|upstream_gene_variant|MODIFIER|YFL039C|YFL039C|transcript|TRANSCRIPT_YFL039C|protein_coding||c.-1449G>C|||||1449|,G|upstream_gene_variant|MODIFIER|YFL038C|YFL038C|transcript|TRANSCRIPT_YFL038C|protein_coding||c.-159G>C|||||159|,G|upstream_gene_variant|MODIFIER|YFL037W|YFL037W|transcript|TRANSCRIPT_YFL037W|protein_coding||c.-191C>G|||||191|,G|upstream_gene_variant|MODIFIER|YFL036W|YFL036W|transcript|TRANSCRIPT_YFL036W|protein_coding||c.-2637C>G|||||2637|,G|downstream_gene_variant|MODIFIER|YFL040W|YFL040W|transcript|TRANSCRIPT_YFL040W|protein_coding||c.*3173C>G|||||3173|,G|intergenic_region|MODIFIER|YFL038C-YFL037W|YFL038C-YFL037W|intergenic_region|YFL038C-YFL037W|||n.56145C>G||||||	GT:AD:DP:GQ:PL	70_0.0;1410_0.0;2640_0.0;5150_0.7058823529411765;10150_1.0	1.0	17,0	17,0	20,0	5,12	0,4	0,12
chrVI 94179 G -> C C|missense_variant|YFL022C||FRS2|Alpha subunit of cytoplasmic phenylalanyl-tRNA synthetase	chrVI	94179	.	G	C	1791.1	C|missense_variant|YFL022C||FRS2|Alpha subunit of cytoplasmic phenylalanyl-tRNA synthetase	.	AC=10;AF=9.346e-03;AN=1070;BaseQRankSum=-3.450e-01;DP=8093;ExcessHet=0.0000;FS=3.865;InbreedingCoeff=0.4861;MLEAC=8;MLEAF=7.477e-03;MQ=60.00;MQRankSum=0.00;QD=31.98;ReadPosRankSum=-3.720e-01;SOR=0.890;ANN=C|missense_variant|MODERATE|YFL022C|YFL022C|transcript|TRANSCRIPT_YFL022C|protein_coding|1/1|c.894C>G|p.Asp298Glu|894/1512|894/1512|298/503||,C|upstream_gene_variant|MODIFIER|YFL024C|YFL024C|transcript|TRANSCRIPT_YFL024C|protein_coding||c.-3775C>G|||||3775|,C|upstream_gene_variant|MODIFIER|YFL021W|YFL021W|transcript|TRANSCRIPT_YFL021W|protein_coding||c.-1849G>C|||||1849|,C|downstream_gene_variant|MODIFIER|YFL023W|YFL023W|transcript|TRANSCRIPT_YFL023W|protein_coding||c.*741G>C|||||741|,C|downstream_gene_variant|MODIFIER|YFL021C-A|YFL021C-A|transcript|TRANSCRIPT_YFL021C-A|protein_coding||c.*1644C>G|||||1644|	GT:AD:DP:GQ:PL	70_0.0;1410_0.9285714285714286;2640_1.0;5150_1.0;10150_1.0	1.0	14,0	1,13	0,12	0,13	0,4	0,13
chrVI 160056 G -> A A|missense_variant|YFR007W||YFH7|Putative kinase with similarity to the PRK/URK/PANK kinase subfamily	chrVI	160056	.	G	A	807.66	A|missense_variant|YFR007W||YFH7|Putative kinase with similarity to the PRK/URK/PANK kinase subfamily	.	AC=4;AF=3.711e-03;AN=1078;DP=12238;ExcessHet=0.0000;FS=0.000;InbreedingCoeff=0.6265;MLEAC=3;MLEAF=2.783e-03;MQ=60.00;QD=31.06;SOR=1.022;ANN=A|missense_variant|MODERATE|YFR007W|YFR007W|transcript|TRANSCRIPT_YFR007W|protein_coding|1/1|c.692G>A|p.Ser231Asn|692/1062|692/1062|231/353||,A|upstream_gene_variant|MODIFIER|YFR005C|YFR005C|transcript|TRANSCRIPT_YFR005C|protein_coding||c.-4117C>T|||||4117|,A|upstream_gene_variant|MODIFIER|YFR008W|YFR008W|transcript|TRANSCRIPT_YFR008W|protein_coding||c.-545G>A|||||545|,A|upstream_gene_variant|MODIFIER|YFR009W|YFR009W|transcript|TRANSCRIPT_YFR009W|protein_coding||c.-2498G>A|||||2498|,A|upstream_gene_variant|MODIFIER|YFR009W-A|YFR009W-A|transcript|TRANSCRIPT_YFR009W-A|protein_coding||c.-3885G>A|||||3885|,A|downstream_gene_variant|MODIFIER|YFR006W|YFR006W|transcript|TRANSCRIPT_YFR006W|protein_coding||c.*2238G>A|||||2238|	GT:AD:DP:GQ:PL	70_0.0;1410_0.0;2640_0.0;5150_0.0;7530_1.0;10150_1.0	1.0	20,0	14,0	16,0	19,0	0,6	0,20
chrVI 162253 T -> A nan	chrVI	162253	.	T	A	1249.31		.	AC=7;AF=6.494e-03;AN=1078;BaseQRankSum=0.671;DP=13104;ExcessHet=0.0000;FS=7.226;InbreedingCoeff=0.5918;MLEAC=6;MLEAF=5.566e-03;MQ=60.00;MQRankSum=0.00;QD=21.54;ReadPosRankSum=0.577;SOR=2.007;ANN=A|upstream_gene_variant|MODIFIER|YFR009W|YFR009W|transcript|TRANSCRIPT_YFR009W|protein_coding||c.-301T>A|||||301|,A|upstream_gene_variant|MODIFIER|YFR009W-A|YFR009W-A|transcript|TRANSCRIPT_YFR009W-A|protein_coding||c.-1688T>A|||||1688|,A|upstream_gene_variant|MODIFIER|YFR010W|YFR010W|transcript|TRANSCRIPT_YFR010W|protein_coding||c.-2880T>A|||||2880|,A|upstream_gene_variant|MODIFIER|YFR010W-A|YFR010W-A|transcript|TRANSCRIPT_YFR010W-A|protein_coding||c.-4541T>A|||||4541|,A|downstream_gene_variant|MODIFIER|YFR006W|YFR006W|transcript|TRANSCRIPT_YFR006W|protein_coding||c.*4435T>A|||||4435|,A|downstream_gene_variant|MODIFIER|YFR007W|YFR007W|transcript|TRANSCRIPT_YFR007W|protein_coding||c.*1827T>A|||||1827|,A|downstream_gene_variant|MODIFIER|YFR008W|YFR008W|transcript|TRANSCRIPT_YFR008W|protein_coding||c.*987T>A|||||987|,A|downstream_gene_variant|MODIFIER|YFR011C|YFR011C|transcript|TRANSCRIPT_YFR011C|protein_coding||c.*4559A>T|||||4559|,A|intergenic_region|MODIFIER|YFR008W-YFR009W|YFR008W-YFR009W|intergenic_region|YFR008W-YFR009W|||n.162253T>A||||||	GT:AD:DP:GQ:PL	70_0.0;1410_0.0;2640_0.13636363636363635;5150_1.0;10150_1.0	1.0	19,0	21,0	19,3	0,16	0,3	0,17
chrVI 205435 G -> T nan	chrVI	205435	.	G	T	1118.08		.	AC=6;AF=5.566e-03;AN=1078;BaseQRankSum=-4.880e-01;DP=12716;ExcessHet=0.0000;FS=4.649;InbreedingCoeff=0.6473;MLEAC=4;MLEAF=3.711e-03;MQ=60.00;MQRankSum=0.00;QD=31.95;ReadPosRankSum=-1.510e-01;SOR=1.447;ANN=T|upstream_gene_variant|MODIFIER|YFR024C-A|YFR024C-A|transcript|TRANSCRIPT_YFR024C-A|protein_coding||c.-1937C>A|||||1937|,T|upstream_gene_variant|MODIFIER|YFR025C|YFR025C|transcript|TRANSCRIPT_YFR025C|protein_coding||c.-618C>A|||||618|,T|upstream_gene_variant|MODIFIER|YFR027W|YFR027W|transcript|TRANSCRIPT_YFR027W|protein_coding||c.-2084G>T|||||2084|,T|downstream_gene_variant|MODIFIER|YFR023W|YFR023W|transcript|TRANSCRIPT_YFR023W|protein_coding||c.*3661G>T|||||3661|,T|downstream_gene_variant|MODIFIER|YFR026C|YFR026C|transcript|TRANSCRIPT_YFR026C|protein_coding||c.*380C>A|||||380|,T|downstream_gene_variant|MODIFIER|YFR028C|YFR028C|transcript|TRANSCRIPT_YFR028C|protein_coding||c.*3045C>A|||||3045|,T|intergenic_region|MODIFIER|YFR025C-YFR026C|YFR025C-YFR026C|intergenic_region|YFR025C-YFR026C|||n.205435G>T||||||	GT:AD:DP:GQ:PL	70_0.0;1410_0.0;2640_0.0;5150_0.9565217391304348;10150_1.0	1.0	10,0	9,0	19,0	1,22	0,3	0,9
chrVI 222278 G -> A A|missense_variant|YFR032C||RRT5|Putative protein of unknown function	chrVI	222278	.	G	A	620.03	A|missense_variant|YFR032C||RRT5|Putative protein of unknown function	.	AC=6;AF=5.597e-03;AN=1072;DP=7259;ExcessHet=0.0000;FS=0.000;InbreedingCoeff=0.4207;MLEAC=4;MLEAF=3.731e-03;MQ=60.00;QD=32.63;SOR=0.793;ANN=A|missense_variant|MODERATE|YFR032C|YFR032C|transcript|TRANSCRIPT_YFR032C|protein_coding|1/1|c.749C>T|p.Pro250Leu|749/870|749/870|250/289||,A|upstream_gene_variant|MODIFIER|YFR031C|YFR031C|transcript|TRANSCRIPT_YFR031C|protein_coding||c.-2105C>T|||||2105|,A|upstream_gene_variant|MODIFIER|YFR031C-A|YFR031C-A|transcript|TRANSCRIPT_YFR031C-A|protein_coding||c.-793C>T|||||793|,A|upstream_gene_variant|MODIFIER|YFR034W-A|YFR034W-A|transcript|TRANSCRIPT_YFR034W-A|protein_coding||c.-3811G>A|||||3811|,A|upstream_gene_variant|MODIFIER|YFR036W|YFR036W|transcript|TRANSCRIPT_YFR036W|protein_coding||c.-4752G>A|||||4752|,A|downstream_gene_variant|MODIFIER|YFR032C-A|YFR032C-A|transcript|TRANSCRIPT_YFR032C-A|protein_coding||c.*1047C>T|||||1047|,A|downstream_gene_variant|MODIFIER|YFR032C-B|YFR032C-B|transcript|TRANSCRIPT_YFR032C-B|protein_coding||c.*1499C>T|||||1499|,A|downstream_gene_variant|MODIFIER|YFR033C|YFR033C|transcript|TRANSCRIPT_YFR033C|protein_coding||c.*2115C>T|||||2115|,A|downstream_gene_variant|MODIFIER|YFR034C|YFR034C|transcript|TRANSCRIPT_YFR034C|protein_coding||c.*2809C>T|||||2809|,A|downstream_gene_variant|MODIFIER|YFR035C|YFR035C|transcript|TRANSCRIPT_YFR035C|protein_coding||c.*3910C>T|||||3910|	GT:AD:DP:GQ:PL	70_0.0;1410_0.0;2640_0.0;5150_1.0;10150_1.0	1.0	12,0	13,0	11,0	0,10	0,4	0,5
chrVII 153898 G -> A A|synonymous_variant|YGL185C||nan|Putative protein with sequence similar to hydroxyacid dehydrogenases	chrVII	153898	.	G	A	679.73	A|synonymous_variant|YGL185C||nan|Putative protein with sequence similar to hydroxyacid dehydrogenases	.	AC=6;AF=5.576e-03;AN=1076;BaseQRankSum=1.64;DP=8812;ExcessHet=0.0000;FS=5.006;InbreedingCoeff=0.4259;MLEAC=4;MLEAF=3.717e-03;MQ=60.00;MQRankSum=0.00;QD=32.37;ReadPosRankSum=0.674;SOR=1.577;ANN=A|synonymous_variant|LOW|YGL185C|YGL185C|transcript|TRANSCRIPT_YGL185C|protein_coding|1/1|c.387C>T|p.Asp129Asp|387/1140|387/1140|129/379||,A|upstream_gene_variant|MODIFIER|YGL188C-A|YGL188C-A|transcript|TRANSCRIPT_YGL188C-A|protein_coding||c.-4956C>T|||||4956|,A|upstream_gene_variant|MODIFIER|YGL188C|YGL188C|transcript|TRANSCRIPT_YGL188C|protein_coding||c.-4404C>T|||||4404|,A|upstream_gene_variant|MODIFIER|YGL187C|YGL187C|transcript|TRANSCRIPT_YGL187C|protein_coding||c.-3749C>T|||||3749|,A|upstream_gene_variant|MODIFIER|YGL186C|YGL186C|transcript|TRANSCRIPT_YGL186C|protein_coding||c.-1144C>T|||||1144|,A|upstream_gene_variant|MODIFIER|YGL181W|YGL181W|transcript|TRANSCRIPT_YGL181W|protein_coding||c.-3986G>A|||||3986|,A|downstream_gene_variant|MODIFIER|YGL184C|YGL184C|transcript|TRANSCRIPT_YGL184C|protein_coding||c.*695C>T|||||695|,A|downstream_gene_variant|MODIFIER|YGL183C|YGL183C|transcript|TRANSCRIPT_YGL183C|protein_coding||c.*2623C>T|||||2623|,A|downstream_gene_variant|MODIFIER|YGL182C|YGL182C|transcript|TRANSCRIPT_YGL182C|protein_coding||c.*3353C>T|||||3353|	GT:AD:DP:GQ:PL	70_0.0;1410_0.0;2640_0.0;5150_0.9;10150_1.0	1.0	13,0	13,0	20,0	1,9	0,2	0,9
chrVII 317697 G -> A A|missense_variant|YGL098W||USE1|Essential SNARE protein localized to the ER	chrVII	317697	.	G	A	621.54	A|missense_variant|YGL098W||USE1|Essential SNARE protein localized to the ER	.	AC=3;AF=2.799e-03;AN=1072;BaseQRankSum=-4.740e-01;DP=10396;ExcessHet=0.0061;FS=2.187;InbreedingCoeff=0.3572;MLEAC=3;MLEAF=2.799e-03;MQ=60.00;MQRankSum=0.00;QD=24.86;ReadPosRankSum=1.06;SOR=0.260;ANN=A|missense_variant|MODERATE|YGL098W|YGL098W|transcript|TRANSCRIPT_YGL098W|protein_coding|1/1|c.386G>A|p.Gly129Glu|386/738|386/738|129/245||,A|upstream_gene_variant|MODIFIER|YGL097W|YGL097W|transcript|TRANSCRIPT_YGL097W|protein_coding||c.-4055G>A|||||4055|,A|downstream_gene_variant|MODIFIER|YGL101W|YGL101W|transcript|TRANSCRIPT_YGL101W|protein_coding||c.*4887G>A|||||4887|,A|downstream_gene_variant|MODIFIER|YGL100W|YGL100W|transcript|TRANSCRIPT_YGL100W|protein_coding||c.*3444G>A|||||3444|,A|downstream_gene_variant|MODIFIER|YGL099W|YGL099W|transcript|TRANSCRIPT_YGL099W|protein_coding||c.*1174G>A|||||1174|	GT:AD:DP:GQ:PL	70_0.0;1410_0.0;2640_0.0;5150_0.7142857142857143;10150_1.0	1.0	19,0	25,0	21,0	4,10	1,0	0,11
chrVII 409961 T -> G nan	chrVII	409961	.	T	G	839.11		.	AC=5;AF=4.638e-03;AN=1078;BaseQRankSum=-5.630e-01;DP=11674;ExcessHet=0.0000;FS=2.586;InbreedingCoeff=0.4735;MLEAC=3;MLEAF=2.783e-03;MQ=60.00;MQRankSum=0.00;QD=29.97;ReadPosRankSum=-5.060e-01;SOR=0.302;ANN=G|upstream_gene_variant|MODIFIER|YGL049C|YGL049C|transcript|TRANSCRIPT_YGL049C|protein_coding||c.-395A>C|||||395|,G|upstream_gene_variant|MODIFIER|YGL047W|YGL047W|transcript|TRANSCRIPT_YGL047W|protein_coding||c.-1553T>G|||||1553|,G|upstream_gene_variant|MODIFIER|YGL045W|YGL045W|transcript|TRANSCRIPT_YGL045W|protein_coding||c.-4103T>G|||||4103|,G|downstream_gene_variant|MODIFIER|YGL050W|YGL050W|transcript|TRANSCRIPT_YGL050W|protein_coding||c.*3402T>G|||||3402|,G|downstream_gene_variant|MODIFIER|YGL048C|YGL048C|transcript|TRANSCRIPT_YGL048C|protein_coding||c.*70A>C|||||70|,G|intergenic_region|MODIFIER|YGL049C-YGL048C|YGL049C-YGL048C|intergenic_region|YGL049C-YGL048C|||n.409961T>G||||||	GT:AD:DP:GQ:PL	70_0.0;1410_0.0;2640_0.0;5150_0.8235294117647058;7530_1.0;10150_1.0	1.0	17,0	13,0	15,0	3,14	0,6	0,5
chrVII 452464 G -> A A|synonymous_variant|YGL022W||STT3|Subunit of the oligosaccharyltransferase complex of the ER lumen	chrVII	452464	.	G	A	1155.46	A|synonymous_variant|YGL022W||STT3|Subunit of the oligosaccharyltransferase complex of the ER lumen	.	AC=7;AF=6.579e-03;AN=1064;BaseQRankSum=-7.070e-01;DP=9508;ExcessHet=0.0000;FS=0.000;InbreedingCoeff=0.5244;MLEAC=5;MLEAF=4.699e-03;MQ=60.00;MQRankSum=0.00;QD=32.10;ReadPosRankSum=1.83;SOR=1.609;ANN=A|synonymous_variant|LOW|YGL022W|YGL022W|transcript|TRANSCRIPT_YGL022W|protein_coding|1/1|c.99G>A|p.Leu33Leu|99/2157|99/2157|33/718||,A|upstream_gene_variant|MODIFIER|YGL026C|YGL026C|transcript|TRANSCRIPT_YGL026C|protein_coding||c.-3967C>T|||||3967|,A|upstream_gene_variant|MODIFIER|YGL025C|YGL025C|transcript|TRANSCRIPT_YGL025C|protein_coding||c.-2545C>T|||||2545|,A|upstream_gene_variant|MODIFIER|YGL023C|YGL023C|transcript|TRANSCRIPT_YGL023C|protein_coding||c.-398C>T|||||398|,A|upstream_gene_variant|MODIFIER|YGL021W|YGL021W|transcript|TRANSCRIPT_YGL021W|protein_coding||c.-2283G>A|||||2283|,A|downstream_gene_variant|MODIFIER|YGL024W|YGL024W|transcript|TRANSCRIPT_YGL024W|protein_coding||c.*2379G>A|||||2379|,A|downstream_gene_variant|MODIFIER|YGL020C|YGL020C|transcript|TRANSCRIPT_YGL020C|protein_coding||c.*4661C>T|||||4661|	GT:AD:DP:GQ:PL	70_0.0;1410_0.0;2640_0.8333333333333334;5150_1.0;10150_1.0	1.0	19,0	20,0	2,10	0,16	0,3	0,5
chrVII 541555 C -> T nan	chrVII	541555	.	C	T	3057.8		.	AC=13;AF=0.012;AN=1072;BaseQRankSum=0.141;DP=8214;ExcessHet=0.0040;FS=1.649;InbreedingCoeff=0.2426;MLEAC=13;MLEAF=0.012;MQ=54.88;MQRankSum=0.958;QD=13.90;ReadPosRankSum=-1.470e-01;SOR=0.588;ANN=T|upstream_gene_variant|MODIFIER|YGR028W|YGR028W|transcript|TRANSCRIPT_YGR028W|protein_coding||c.-612C>T|||||612|,T|upstream_gene_variant|MODIFIER|YGR029W|YGR029W|transcript|TRANSCRIPT_YGR029W|protein_coding||c.-1962C>T|||||1962|,T|upstream_gene_variant|MODIFIER|YGR031W|YGR031W|transcript|TRANSCRIPT_YGR031W|protein_coding||c.-4850C>T|||||4850|,T|downstream_gene_variant|MODIFIER|CDS_VII_536021_537343|GENE_CDS_VII_536021_537343|transcript|YGR027W-A|protein_coding||c.*4212C>T|||||4212|,T|downstream_gene_variant|MODIFIER|CDS_VII_536021_537325|GENE_CDS_VII_536021_537325|transcript|YGR027W-B|protein_coding||c.*266C>T|||||266|,T|downstream_gene_variant|MODIFIER|YGR030C|YGR030C|transcript|TRANSCRIPT_YGR030C|protein_coding||c.*4090G>A|||||4090|,T|intergenic_region|MODIFIER|CDS_VII_536021_537325-YGR028W|GENE_CDS_VII_536021_537325-YGR028W|intergenic_region|GENE_CDS_VII_536021_537325-YGR028W|||n.541555C>T||||||	GT:AD:DP:GQ:PL	70_0.0;1410_0.0;2640_0.0;5150_1.0;10150_1.0	0.17307692307692307	11,0	10,0	14,0	0,10	0,0	0,8
chrVII 642786 A -> T T|missense_variant|YGR080W||TWF1|Twinfilin	chrVII	642786	.	A	T	1586.98	T|missense_variant|YGR080W||TWF1|Twinfilin	.	AC=8;AF=7.491e-03;AN=1068;DP=9950;ExcessHet=0.0000;FS=0.000;InbreedingCoeff=0.6788;MLEAC=7;MLEAF=6.554e-03;MQ=60.00;QD=33.06;SOR=1.067;ANN=T|missense_variant|MODERATE|YGR080W|YGR080W|transcript|TRANSCRIPT_YGR080W|protein_coding|1/1|c.813A>T|p.Lys271Asn|813/999|813/999|271/332||,T|upstream_gene_variant|MODIFIER|YGR077C|YGR077C|transcript|TRANSCRIPT_YGR077C|protein_coding||c.-3309T>A|||||3309|,T|upstream_gene_variant|MODIFIER|YGR078C|YGR078C|transcript|TRANSCRIPT_YGR078C|protein_coding||c.-2451T>A|||||2451|,T|upstream_gene_variant|MODIFIER|YGR082W|YGR082W|transcript|TRANSCRIPT_YGR082W|protein_coding||c.-1222A>T|||||1222|,T|downstream_gene_variant|MODIFIER|YGR079W|YGR079W|transcript|TRANSCRIPT_YGR079W|protein_coding||c.*990A>T|||||990|,T|downstream_gene_variant|MODIFIER|YGR081C|YGR081C|transcript|TRANSCRIPT_YGR081C|protein_coding||c.*326T>A|||||326|,T|downstream_gene_variant|MODIFIER|YGR083C|YGR083C|transcript|TRANSCRIPT_YGR083C|protein_coding||c.*2036T>A|||||2036|,T|downstream_gene_variant|MODIFIER|YGR084C|YGR084C|transcript|TRANSCRIPT_YGR084C|protein_coding||c.*4299T>A|||||4299|	GT:AD:DP:GQ:PL	70_0.0;1410_0.0;2640_1.0;5150_1.0;10150_1.0	1.0	10,0	21,0	0,21	0,11	0,3	0,13
chrVII 737736 G -> C C|missense_variant|YGR123C||PPT1|Protein serine/threonine phosphatase	chrVII	737736	.	G	C	1743.16	C|missense_variant|YGR123C||PPT1|Protein serine/threonine phosphatase	.	AC=8;AF=7.421e-03;AN=1078;DP=11872;ExcessHet=0.0000;FS=0.000;InbreedingCoeff=0.5993;MLEAC=7;MLEAF=6.494e-03;MQ=60.00;QD=33.52;SOR=0.770;ANN=C|missense_variant|MODERATE|YGR123C|YGR123C|transcript|TRANSCRIPT_YGR123C|protein_coding|1/1|c.784C>G|p.Arg262Gly|784/1542|784/1542|262/513||,C|upstream_gene_variant|MODIFIER|YGR121C|YGR121C|transcript|TRANSCRIPT_YGR121C|protein_coding||c.-4516C>G|||||4516|,C|upstream_gene_variant|MODIFIER|YGR122C-A|YGR122C-A|transcript|TRANSCRIPT_YGR122C-A|protein_coding||c.-1663C>G|||||1663|,C|upstream_gene_variant|MODIFIER|YGR124W|YGR124W|transcript|TRANSCRIPT_YGR124W|protein_coding||c.-2524G>C|||||2524|,C|upstream_gene_variant|MODIFIER|YGR125W|YGR125W|transcript|TRANSCRIPT_YGR125W|protein_coding||c.-4905G>C|||||4905|,C|downstream_gene_variant|MODIFIER|YGR121W-A|YGR121W-A|transcript|TRANSCRIPT_YGR121W-A|protein_coding||c.*3793G>C|||||3793|WARNING_TRANSCRIPT_INCOMPLETE,C|downstream_gene_variant|MODIFIER|YGR122W|YGR122W|transcript|TRANSCRIPT_YGR122W|protein_coding||c.*2277G>C|||||2277|	GT:AD:DP:GQ:PL	70_0.0;1410_0.0;2640_1.0;5150_1.0;7530_1.0;10150_1.0	1.0	16,0	19,0	0,13	0,21	0,6	0,12
chrVII 756750 C -> A A|missense_variant|YGR132C||PHB1|Subunit of the prohibitin complex (Phb1p-Phb2p)	chrVII	756750	.	C	A	2080.42	A|missense_variant|YGR132C||PHB1|Subunit of the prohibitin complex (Phb1p-Phb2p)	.	AC=7;AF=6.494e-03;AN=1078;BaseQRankSum=0.751;DP=13113;ExcessHet=0.0000;FS=1.961;InbreedingCoeff=0.6034;MLEAC=7;MLEAF=6.494e-03;MQ=60.00;MQRankSum=0.00;QD=33.02;ReadPosRankSum=1.25;SOR=0.374;ANN=A|missense_variant|MODERATE|YGR132C|YGR132C|transcript|TRANSCRIPT_YGR132C|protein_coding|1/1|c.13G>T|p.Ala5Ser|13/864|13/864|5/287||,A|upstream_gene_variant|MODIFIER|YGR130C|YGR130C|transcript|TRANSCRIPT_YGR130C|protein_coding||c.-2597G>T|||||2597|,A|upstream_gene_variant|MODIFIER|YGR133W|YGR133W|transcript|TRANSCRIPT_YGR133W|protein_coding||c.-456C>A|||||456|,A|upstream_gene_variant|MODIFIER|YGR134W|YGR134W|transcript|TRANSCRIPT_YGR134W|protein_coding||c.-1330C>A|||||1330|,A|upstream_gene_variant|MODIFIER|YGR135W|YGR135W|transcript|TRANSCRIPT_YGR135W|protein_coding||c.-4952C>A|||||4952|,A|downstream_gene_variant|MODIFIER|YGR131W|YGR131W|transcript|TRANSCRIPT_YGR131W|protein_coding||c.*1190C>A|||||1190|	GT:AD:DP:GQ:PL	70_0.0;1410_0.0;2640_0.7647058823529411;5150_1.0;7530_1.0;10150_1.0	1.0	22,0	16,0	4,13	0,26	0,10	0,10
chrVII 783961 G -> A A|missense_variant|YGR145W||ENP2|Component of the SSU	chrVII	783961	.	G	A	2254.04	A|missense_variant|YGR145W||ENP2|Component of the SSU	.	AC=11;AF=0.010;AN=1070;BaseQRankSum=-2.360e-01;DP=8667;ExcessHet=0.0000;FS=0.000;InbreedingCoeff=0.5822;MLEAC=10;MLEAF=9.346e-03;MQ=60.00;MQRankSum=0.00;QD=33.64;ReadPosRankSum=1.11;SOR=0.412;ANN=A|missense_variant|MODERATE|YGR145W|YGR145W|transcript|TRANSCRIPT_YGR145W|protein_coding|1/1|c.1885G>A|p.Glu629Lys|1885/2124|1885/2124|629/707||,A|downstream_gene_variant|MODIFIER|YGR144W|YGR144W|transcript|TRANSCRIPT_YGR144W|protein_coding||c.*2272G>A|||||2272|,A|downstream_gene_variant|MODIFIER|YGR146C|YGR146C|transcript|TRANSCRIPT_YGR146C|protein_coding||c.*572C>T|||||572|,A|downstream_gene_variant|MODIFIER|YGR146C-A|YGR146C-A|transcript|TRANSCRIPT_YGR146C-A|protein_coding||c.*1625C>T|||||1625|,A|downstream_gene_variant|MODIFIER|YGR147C|YGR147C|transcript|TRANSCRIPT_YGR147C|protein_coding||c.*2403C>T|||||2403|,A|downstream_gene_variant|MODIFIER|YGR148C|YGR148C|transcript|TRANSCRIPT_YGR148C|protein_coding||c.*3661C>T|||||3661|	GT:AD:DP:GQ:PL	70_0.9090909090909091;1410_1.0;2640_1.0;5150_1.0;10150_1.0	1.0	1,10	0,15	0,15	0,15	0,3	0,8
chrVII 806704 A -> G nan	chrVII	806704	.	A	G	380.62		.	AC=4;AF=3.711e-03;AN=1078;DP=10534;ExcessHet=0.0000;FS=0.000;InbreedingCoeff=0.4777;MLEAC=3;MLEAF=2.783e-03;MQ=60.00;QD=31.72;SOR=1.022;ANN=G|upstream_gene_variant|MODIFIER|YGR158C|YGR158C|transcript|TRANSCRIPT_YGR158C|protein_coding||c.-371T>C|||||371|,G|upstream_gene_variant|MODIFIER|YGR160W|YGR160W|transcript|TRANSCRIPT_YGR160W|protein_coding||c.-681A>G|||||681|,G|upstream_gene_variant|MODIFIER|YGR161W-C|YGR161W-C|transcript|TRANSCRIPT_YGR161W-C|protein_coding||c.-3835A>G|||||3835|,G|downstream_gene_variant|MODIFIER|YGR156W|YGR156W|transcript|TRANSCRIPT_YGR156W|protein_coding||c.*4571A>G|||||4571|,G|downstream_gene_variant|MODIFIER|YGR157W|YGR157W|transcript|TRANSCRIPT_YGR157W|protein_coding||c.*1342A>G|||||1342|,G|downstream_gene_variant|MODIFIER|YGR159C|YGR159C|transcript|TRANSCRIPT_YGR159C|protein_coding||c.*20T>C|||||20|,G|downstream_gene_variant|MODIFIER|YGR161C|YGR161C|transcript|TRANSCRIPT_YGR161C|protein_coding||c.*2237T>C|||||2237|,G|intergenic_region|MODIFIER|YGR158C-YGR159C|YGR158C-YGR159C|intergenic_region|YGR158C-YGR159C|||n.806704A>G||||||	GT:AD:DP:GQ:PL	70_0.0;1410_0.0;2640_0.0;5150_0.0;10150_1.0	1.0	22,0	23,0	12,0	24,0	0,2	0,10
chrVII 851642 C -> T T|missense_variant|YGR178C||PBP1|Component of glucose deprivation induced stress granules	chrVII	851642	.	C	T	228.66	T|missense_variant|YGR178C||PBP1|Component of glucose deprivation induced stress granules	.	AC=2;AF=1.866e-03;AN=1072;DP=9190;ExcessHet=0.0020;FS=0.000;InbreedingCoeff=0.3712;MLEAC=1;MLEAF=9.328e-04;MQ=60.00;QD=25.41;SOR=1.402;ANN=T|missense_variant|MODERATE|YGR178C|YGR178C|transcript|TRANSCRIPT_YGR178C|protein_coding|1/1|c.1893G>A|p.Met631Ile|1893/2169|1893/2169|631/722||,T|upstream_gene_variant|MODIFIER|YGR174C|YGR174C|transcript|TRANSCRIPT_YGR174C|protein_coding||c.-4918G>A|||||4918|,T|upstream_gene_variant|MODIFIER|YGR175C|YGR175C|transcript|TRANSCRIPT_YGR175C|protein_coding||c.-2900G>A|||||2900|,T|upstream_gene_variant|MODIFIER|YGR177C|YGR177C|transcript|TRANSCRIPT_YGR177C|protein_coding||c.-887G>A|||||887|,T|downstream_gene_variant|MODIFIER|YGR174W-A|YGR174W-A|transcript|TRANSCRIPT_YGR174W-A|protein_coding||c.*4582C>T|||||4582|,T|downstream_gene_variant|MODIFIER|YGR176W|YGR176W|transcript|TRANSCRIPT_YGR176W|protein_coding||c.*2256C>T|||||2256|,T|downstream_gene_variant|MODIFIER|YGR179C|YGR179C|transcript|TRANSCRIPT_YGR179C|protein_coding||c.*2352G>A|||||2352|,T|downstream_gene_variant|MODIFIER|YGR180C|YGR180C|transcript|TRANSCRIPT_YGR180C|protein_coding||c.*3941G>A|||||3941|	GT:AD:DP:GQ:PL	70_0.0;1410_0.0;2640_0.0;5150_0.0;10150_1.0	1.0	19,0	15,0	13,0	13,0	1,0	0,9
chrVII 853280 A -> C C|synonymous_variant|YGR178C||PBP1|Component of glucose deprivation induced stress granules	chrVII	853280	.	A	C	1920.92	C|synonymous_variant|YGR178C||PBP1|Component of glucose deprivation induced stress granules	.	AC=9;AF=8.349e-03;AN=1078;BaseQRankSum=-2.790e-01;DP=10743;ExcessHet=0.0000;FS=4.002;InbreedingCoeff=0.6850;MLEAC=6;MLEAF=5.566e-03;MQ=60.00;MQRankSum=0.00;QD=26.31;ReadPosRankSum=0.159;SOR=0.328;ANN=C|synonymous_variant|LOW|YGR178C|YGR178C|transcript|TRANSCRIPT_YGR178C|protein_coding|1/1|c.255T>G|p.Ser85Ser|255/2169|255/2169|85/722||,C|upstream_gene_variant|MODIFIER|YGR175C|YGR175C|transcript|TRANSCRIPT_YGR175C|protein_coding||c.-4538T>G|||||4538|,C|upstream_gene_variant|MODIFIER|YGR177C|YGR177C|transcript|TRANSCRIPT_YGR177C|protein_coding||c.-2525T>G|||||2525|,C|downstream_gene_variant|MODIFIER|YGR176W|YGR176W|transcript|TRANSCRIPT_YGR176W|protein_coding||c.*3894A>C|||||3894|,C|downstream_gene_variant|MODIFIER|YGR179C|YGR179C|transcript|TRANSCRIPT_YGR179C|protein_coding||c.*714T>G|||||714|,C|downstream_gene_variant|MODIFIER|YGR180C|YGR180C|transcript|TRANSCRIPT_YGR180C|protein_coding||c.*2303T>G|||||2303|	GT:AD:DP:GQ:PL	70_0.0;1410_0.0;2640_0.95;5150_1.0;10150_1.0	0.9655172413793104	14,0	22,0	1,19	0,19	0,4	0,14
chrVII 867365 G -> C C|missense_variant|YGR185C||TYS1|Cytoplasmic tyrosyl-tRNA synthetase	chrVII	867365	.	G	C	541.45	C|missense_variant|YGR185C||TYS1|Cytoplasmic tyrosyl-tRNA synthetase	.	AC=4;AF=3.724e-03;AN=1074;DP=8387;ExcessHet=0.0000;FS=0.000;InbreedingCoeff=0.4374;MLEAC=3;MLEAF=2.793e-03;MQ=60.00;QD=31.85;SOR=1.739;ANN=C|missense_variant|MODERATE|YGR185C|YGR185C|transcript|TRANSCRIPT_YGR185C|protein_coding|1/1|c.475C>G|p.Gln159Glu|475/1185|475/1185|159/394||,C|upstream_gene_variant|MODIFIER|YGR184C|YGR184C|transcript|TRANSCRIPT_YGR184C|protein_coding||c.-1293C>G|||||1293|,C|upstream_gene_variant|MODIFIER|YGR186W|YGR186W|transcript|TRANSCRIPT_YGR186W|protein_coding||c.-728G>C|||||728|,C|downstream_gene_variant|MODIFIER|YGR187C|YGR187C|transcript|TRANSCRIPT_YGR187C|protein_coding||c.*3186C>G|||||3186|,C|downstream_gene_variant|MODIFIER|YGR188C|YGR188C|transcript|TRANSCRIPT_YGR188C|protein_coding||c.*4998C>G|||||4998|	GT:AD:DP:GQ:PL	70_0.0;1410_0.0;2640_0.0;5150_0.0;10150_1.0	1.0	16,0	13,0	16,0	15,0	0,4	0,13
chrVII 881862 C -> T T|missense_variant|YGR191W||HIP1|High-affinity histidine permease	chrVII	881862	.	C	T	2031.08	T|missense_variant|YGR191W||HIP1|High-affinity histidine permease	.	AC=8;AF=7.463e-03;AN=1072;BaseQRankSum=-6.290e-01;DP=10797;ExcessHet=0.0000;FS=3.282;InbreedingCoeff=0.6405;MLEAC=6;MLEAF=5.597e-03;MQ=60.00;MQRankSum=0.00;QD=30.77;ReadPosRankSum=0.979;SOR=0.469;ANN=T|missense_variant|MODERATE|YGR191W|YGR191W|transcript|TRANSCRIPT_YGR191W|protein_coding|1/1|c.1124C>T|p.Pro375Leu|1124/1812|1124/1812|375/603||,T|upstream_gene_variant|MODIFIER|YGR189C|YGR189C|transcript|TRANSCRIPT_YGR189C|protein_coding||c.-3351G>A|||||3351|,T|upstream_gene_variant|MODIFIER|YGR190C|YGR190C|transcript|TRANSCRIPT_YGR190C|protein_coding||c.-882G>A|||||882|,T|downstream_gene_variant|MODIFIER|YGR192C|YGR192C|transcript|TRANSCRIPT_YGR192C|protein_coding||c.*1269G>A|||||1269|,T|downstream_gene_variant|MODIFIER|YGR193C|YGR193C|transcript|TRANSCRIPT_YGR193C|protein_coding||c.*2966G>A|||||2966|,T|downstream_gene_variant|MODIFIER|YGR194C|YGR194C|transcript|TRANSCRIPT_YGR194C|protein_coding||c.*4530G>A|||||4530|	GT:AD:DP:GQ:PL	70_0.0;1410_0.0;2640_0.9375;5150_1.0;7530_1.0;10150_1.0	1.0	14,0	19,0	1,15	0,30	0,7	0,13
chrVII 925830 A -> G G|synonymous_variant|YGR217W||CCH1|Voltage-gated high-affinity calcium channel	chrVII	925830	.	A	G	1412.02	G|synonymous_variant|YGR217W||CCH1|Voltage-gated high-affinity calcium channel	.	AC=5;AF=4.647e-03;AN=1076;BaseQRankSum=-1.009e+00;DP=10662;ExcessHet=0.0000;FS=2.521;InbreedingCoeff=0.4557;MLEAC=5;MLEAF=4.647e-03;MQ=60.00;MQRankSum=0.00;QD=30.04;ReadPosRankSum=1.55;SOR=0.338;ANN=G|synonymous_variant|LOW|YGR217W|YGR217W|transcript|TRANSCRIPT_YGR217W|protein_coding|1/1|c.816A>G|p.Arg272Arg|816/6120|816/6120|272/2039||,G|upstream_gene_variant|MODIFIER|YGR216C|YGR216C|transcript|TRANSCRIPT_YGR216C|protein_coding||c.-1049T>C|||||1049|,G|downstream_gene_variant|MODIFIER|YGR214W|YGR214W|transcript|TRANSCRIPT_YGR214W|protein_coding||c.*3723A>G|||||3723|,G|downstream_gene_variant|MODIFIER|YGR215W|YGR215W|transcript|TRANSCRIPT_YGR215W|protein_coding||c.*3004A>G|||||3004|	GT:AD:DP:GQ:PL	70_0.0;1410_0.0;2640_0.8695652173913043;5150_1.0;10150_1.0	1.0	13,0	21,0	3,20	0,12	1,0	0,12
chrVII 979360 G -> A A|synonymous_variant|YGR244C||LSC2|Beta subunit of succinyl-CoA ligase	chrVII	979360	.	G	A	630.68	A|synonymous_variant|YGR244C||LSC2|Beta subunit of succinyl-CoA ligase	.	AC=5;AF=4.647e-03;AN=1076;BaseQRankSum=-9.580e-01;DP=11185;ExcessHet=0.0000;FS=0.000;InbreedingCoeff=0.4860;MLEAC=4;MLEAF=3.717e-03;MQ=60.00;MQRankSum=0.00;QD=15.38;ReadPosRankSum=0.813;SOR=0.906;ANN=A|synonymous_variant|LOW|YGR244C|YGR244C|transcript|TRANSCRIPT_YGR244C|protein_coding|1/1|c.279C>T|p.Tyr93Tyr|279/1284|279/1284|93/427||,A|upstream_gene_variant|MODIFIER|YGR240C-A|YGR240C-A|transcript|TRANSCRIPT_YGR240C-A|protein_coding||c.-4264C>T|||||4264|,A|upstream_gene_variant|MODIFIER|YGR241C|YGR241C|transcript|TRANSCRIPT_YGR241C|protein_coding||c.-2460C>T|||||2460|,A|downstream_gene_variant|MODIFIER|YGR242W|YGR242W|transcript|TRANSCRIPT_YGR242W|protein_coding||c.*2318G>A|||||2318|,A|downstream_gene_variant|MODIFIER|YGR243W|YGR243W|transcript|TRANSCRIPT_YGR243W|protein_coding||c.*1265G>A|||||1265|,A|downstream_gene_variant|MODIFIER|YGR245C|YGR245C|transcript|TRANSCRIPT_YGR245C|protein_coding||c.*729C>T|||||729|,A|downstream_gene_variant|MODIFIER|YGR246C|YGR246C|transcript|TRANSCRIPT_YGR246C|protein_coding||c.*3446C>T|||||3446|	GT:AD:DP:GQ:PL	70_0.0;1410_0.0;2640_0.0;5150_0.17391304347826086;10150_1.0	1.0	23,0	18,0	24,0	19,4	0,4	0,14
chrVII 1019862 C -> T nan	chrVII	1019862	.	C	T	2432.2		.	AC=9;AF=8.380e-03;AN=1074;BaseQRankSum=1.89;DP=11621;ExcessHet=0.0000;FS=2.250;InbreedingCoeff=0.6653;MLEAC=8;MLEAF=7.449e-03;MQ=60.00;MQRankSum=0.00;QD=32.43;ReadPosRankSum=-4.480e-01;SOR=0.604;ANN=T|upstream_gene_variant|MODIFIER|YGR261C|YGR261C|transcript|TRANSCRIPT_YGR261C|protein_coding||c.-2793G>A|||||2793|,T|upstream_gene_variant|MODIFIER|YGR262C|YGR262C|transcript|TRANSCRIPT_YGR262C|protein_coding||c.-1784G>A|||||1784|,T|upstream_gene_variant|MODIFIER|YGR263C|YGR263C|transcript|TRANSCRIPT_YGR263C|protein_coding||c.-305G>A|||||305|,T|upstream_gene_variant|MODIFIER|YGR265W|YGR265W|transcript|TRANSCRIPT_YGR265W|protein_coding||c.-2102C>T|||||2102|,T|upstream_gene_variant|MODIFIER|YGR266W|YGR266W|transcript|TRANSCRIPT_YGR266W|protein_coding||c.-3110C>T|||||3110|,T|downstream_gene_variant|MODIFIER|YGR264C|YGR264C|transcript|TRANSCRIPT_YGR264C|protein_coding||c.*52G>A|||||52|,T|intergenic_region|MODIFIER|YGR263C-YGR264C|YGR263C-YGR264C|intergenic_region|YGR263C-YGR264C|||n.1019862C>T||||||	GT:AD:DP:GQ:PL	70_0.0;1410_0.8421052631578947;2640_1.0;5150_1.0;10150_1.0	1.0	17,0	3,16	0,18	0,27	0,3	0,8
chrVII 1024733 C -> T T|missense_variant|YGR266W||nan|Protein of unknown function	chrVII	1024733	.	C	T	1218.6	T|missense_variant|YGR266W||nan|Protein of unknown function	.	AC=6;AF=5.587e-03;AN=1074;BaseQRankSum=-6.720e-01;DP=11451;ExcessHet=0.0000;FS=3.112;InbreedingCoeff=0.6405;MLEAC=5;MLEAF=4.655e-03;MQ=60.00;MQRankSum=0.00;QD=28.34;ReadPosRankSum=1.35;SOR=0.371;ANN=T|missense_variant|MODERATE|YGR266W|YGR266W|transcript|TRANSCRIPT_YGR266W|protein_coding|1/1|c.1762C>T|p.Arg588Cys|1762/2106|1762/2106|588/701||,T|upstream_gene_variant|MODIFIER|YGR264C|YGR264C|transcript|TRANSCRIPT_YGR264C|protein_coding||c.-2564G>A|||||2564|,T|upstream_gene_variant|MODIFIER|YGR269W|YGR269W|transcript|TRANSCRIPT_YGR269W|protein_coding||c.-2219C>T|||||2219|,T|upstream_gene_variant|MODIFIER|YGR270W|YGR270W|transcript|TRANSCRIPT_YGR270W|protein_coding||c.-2953C>T|||||2953|,T|downstream_gene_variant|MODIFIER|YGR265W|YGR265W|transcript|TRANSCRIPT_YGR265W|protein_coding||c.*2359C>T|||||2359|,T|downstream_gene_variant|MODIFIER|YGR267C|YGR267C|transcript|TRANSCRIPT_YGR267C|protein_coding||c.*587G>A|||||587|,T|downstream_gene_variant|MODIFIER|YGR268C|YGR268C|transcript|TRANSCRIPT_YGR268C|protein_coding||c.*1640G>A|||||1640|,T|downstream_gene_variant|MODIFIER|YGR270C-A|YGR270C-A|transcript|TRANSCRIPT_YGR270C-A|protein_coding||c.*2965G>A|||||2965|	GT:AD:DP:GQ:PL	70_0.0;1410_0.0;2640_0.0;5150_0.9629629629629629;7530_1.0;10150_1.0	1.0	16,0	24,0	18,0	1,26	0,5	0,11
chrVII 1049624 G -> A A|synonymous_variant|YGR279C||SCW4|Cell wall protein with similarity to glucanases	chrVII	1049624	.	G	A	1105.56	A|synonymous_variant|YGR279C||SCW4|Cell wall protein with similarity to glucanases	.	AC=5;AF=4.638e-03;AN=1078;BaseQRankSum=-1.269e+00;DP=9685;ExcessHet=0.0000;FS=0.000;InbreedingCoeff=0.4236;MLEAC=4;MLEAF=3.711e-03;MQ=60.00;MQRankSum=0.00;QD=28.35;ReadPosRankSum=-3.860e-01;SOR=0.746;ANN=A|synonymous_variant|LOW|YGR279C|YGR279C|transcript|TRANSCRIPT_YGR279C|protein_coding|1/1|c.651C>T|p.Asp217Asp|651/1161|651/1161|217/386||,A|upstream_gene_variant|MODIFIER|YGR276C|YGR276C|transcript|TRANSCRIPT_YGR276C|protein_coding||c.-3828C>T|||||3828|,A|upstream_gene_variant|MODIFIER|YGR277C|YGR277C|transcript|TRANSCRIPT_YGR277C|protein_coding||c.-2747C>T|||||2747|,A|upstream_gene_variant|MODIFIER|YGR281W|YGR281W|transcript|TRANSCRIPT_YGR281W|protein_coding||c.-3516G>A|||||3516|,A|downstream_gene_variant|MODIFIER|YGR278W|YGR278W|transcript|TRANSCRIPT_YGR278W|protein_coding||c.*844G>A|||||844|,A|downstream_gene_variant|MODIFIER|YGR280C|YGR280C|transcript|TRANSCRIPT_YGR280C|protein_coding||c.*1602C>T|||||1602|	GT:AD:DP:GQ:PL	70_0.0;1410_0.0;2640_0.0;5150_0.9130434782608695;10150_1.0	1.0	15,0	18,0	21,0	2,21	0,3	0,13
chrVII 1059352 C -> G G|missense_variant|YGR283C||nan|Putative methyltransferase	chrVII	1059352	.	C	G	2813.5	G|missense_variant|YGR283C||nan|Putative methyltransferase	.	AC=10;AF=9.294e-03;AN=1076;DP=11345;ExcessHet=0.0000;FS=0.000;InbreedingCoeff=0.7543;MLEAC=9;MLEAF=8.364e-03;MQ=60.00;QD=32.30;SOR=0.850;ANN=G|missense_variant|MODERATE|YGR283C|YGR283C|transcript|TRANSCRIPT_YGR283C|protein_coding|1/1|c.1005G>C|p.Met335Ile|1005/1026|1005/1026|335/341||,G|upstream_gene_variant|MODIFIER|YGR282C|YGR282C|transcript|TRANSCRIPT_YGR282C|protein_coding||c.-312G>C|||||312|,G|downstream_gene_variant|MODIFIER|YGR281W|YGR281W|transcript|TRANSCRIPT_YGR281W|protein_coding||c.*1779C>G|||||1779|,G|downstream_gene_variant|MODIFIER|YGR284C|YGR284C|transcript|TRANSCRIPT_YGR284C|protein_coding||c.*1622G>C|||||1622|,G|downstream_gene_variant|MODIFIER|YGR285C|YGR285C|transcript|TRANSCRIPT_YGR285C|protein_coding||c.*2816G>C|||||2816|,G|downstream_gene_variant|MODIFIER|YGR286C|YGR286C|transcript|TRANSCRIPT_YGR286C|protein_coding||c.*4777G>C|||||4777|	GT:AD:DP:GQ:PL	70_0.0;1410_1.0;2640_1.0;5150_1.0;10150_1.0	1.0	16,0	0,24	0,22	0,16	0,3	0,15
chrVII 1064063 G -> A nan	chrVII	1064063	.	G	A	545.8		.	AC=3;AF=2.793e-03;AN=1074;BaseQRankSum=-4.310e-01;DP=10522;ExcessHet=0.0061;FS=0.000;InbreedingCoeff=0.3060;MLEAC=3;MLEAF=2.793e-03;MQ=60.00;MQRankSum=0.00;QD=24.81;ReadPosRankSum=0.490;SOR=1.179;ANN=A|upstream_gene_variant|MODIFIER|YGR283C|YGR283C|transcript|TRANSCRIPT_YGR283C|protein_coding||c.-3707C>T|||||3707|,A|upstream_gene_variant|MODIFIER|YGR284C|YGR284C|transcript|TRANSCRIPT_YGR284C|protein_coding||c.-2157C>T|||||2157|,A|upstream_gene_variant|MODIFIER|YGR285C|YGR285C|transcript|TRANSCRIPT_YGR285C|protein_coding||c.-594C>T|||||594|,A|downstream_gene_variant|MODIFIER|YGR286C|YGR286C|transcript|TRANSCRIPT_YGR286C|protein_coding||c.*66C>T|||||66|,A|downstream_gene_variant|MODIFIER|YGR287C|YGR287C|transcript|TRANSCRIPT_YGR287C|protein_coding||c.*3475C>T|||||3475|,A|intergenic_region|MODIFIER|YGR285C-YGR286C|YGR285C-YGR286C|intergenic_region|YGR285C-YGR286C|||n.1064063G>A||||||	GT:AD:DP:GQ:PL	70_0.0;1410_0.0;2640_0.0;5150_0.6666666666666666;10150_1.0	1.0	9,0	18,0	16,0	4,8	1,0	0,10
chrVII 1066886 A -> G nan	chrVII	1066886	.	A	G	1045.0		.	AC=6;AF=5.576e-03;AN=1076;BaseQRankSum=3.16;DP=12355;ExcessHet=0.0001;FS=1.394;InbreedingCoeff=0.4578;MLEAC=4;MLEAF=3.717e-03;MQ=60.00;MQRankSum=0.00;QD=20.49;ReadPosRankSum=0.674;SOR=0.420;ANN=G|upstream_gene_variant|MODIFIER|YGR284C|YGR284C|transcript|TRANSCRIPT_YGR284C|protein_coding||c.-4980T>C|||||4980|,G|upstream_gene_variant|MODIFIER|YGR285C|YGR285C|transcript|TRANSCRIPT_YGR285C|protein_coding||c.-3417T>C|||||3417|,G|upstream_gene_variant|MODIFIER|YGR286C|YGR286C|transcript|TRANSCRIPT_YGR286C|protein_coding||c.-1630T>C|||||1630|,G|upstream_gene_variant|MODIFIER|YGR288W|YGR288W|transcript|TRANSCRIPT_YGR288W|protein_coding||c.-3723A>G|||||3723|,G|downstream_gene_variant|MODIFIER|YGR287C|YGR287C|transcript|TRANSCRIPT_YGR287C|protein_coding||c.*652T>C|||||652|,G|intergenic_region|MODIFIER|YGR286C-YGR287C|YGR286C-YGR287C|intergenic_region|YGR286C-YGR287C|||n.1066886A>G||||||	GT:AD:DP:GQ:PL	70_0.0;1410_0.0;2640_0.0;5150_0.782608695652174;10150_1.0	0.9393939393939394	22,0	12,0	20,0	5,18	0,3	0,10
chrVII 1080707 A -> G G|missense_variant|YGR294W||PAU12|Protein of unknown function;G|upstream_gene_variant|YGR293C|45|nan|Dubious open reading frame	chrVII	1080707	.	A	G	340.23	G|missense_variant|YGR294W||PAU12|Protein of unknown function;G|upstream_gene_variant|YGR293C|45|nan|Dubious open reading frame	.	AC=4;AF=3.717e-03;AN=1076;DP=8501;ExcessHet=0.0000;FS=0.000;InbreedingCoeff=0.3951;MLEAC=2;MLEAF=1.859e-03;MQ=39.56;QD=30.93;SOR=1.270;ANN=G|missense_variant|MODERATE|YGR294W|YGR294W|transcript|TRANSCRIPT_YGR294W|protein_coding|1/1|c.86A>G|p.Glu29Gly|86/363|86/363|29/120||,G|upstream_gene_variant|MODIFIER|YGR289C|YGR289C|transcript|TRANSCRIPT_YGR289C|protein_coding||c.-4578T>C|||||4578|,G|upstream_gene_variant|MODIFIER|YGR291C|YGR291C|transcript|TRANSCRIPT_YGR291C|protein_coding||c.-3887T>C|||||3887|,G|upstream_gene_variant|MODIFIER|YGR293C|YGR293C|transcript|TRANSCRIPT_YGR293C|protein_coding||c.-45T>C|||||45|,G|upstream_gene_variant|MODIFIER|YGR296W|YGR296W|transcript|TRANSCRIPT_YGR296W|protein_coding||c.-4473A>G|||||4473|,G|downstream_gene_variant|MODIFIER|YGR290W|YGR290W|transcript|TRANSCRIPT_YGR290W|protein_coding||c.*4466A>G|||||4466|,G|downstream_gene_variant|MODIFIER|YGR292W|YGR292W|transcript|TRANSCRIPT_YGR292W|protein_coding||c.*2038A>G|||||2038|,G|downstream_gene_variant|MODIFIER|YGR295C|YGR295C|transcript|TRANSCRIPT_YGR295C|protein_coding||c.*1193T>C|||||1193|	GT:AD:DP:GQ:PL	70_0.0;1410_0.0;2640_0.0;5150_0.0;10150_1.0	1.0	19,0	9,0	6,0	14,0	0,3	0,8
chrVIII 45410 G -> A A|missense_variant|YHL030W||ECM29|Scaffold protein	chrVIII	45410	.	G	A	1359.99	A|missense_variant|YHL030W||ECM29|Scaffold protein	.	AC=6;AF=5.587e-03;AN=1074;BaseQRankSum=-4.680e-01;DP=12798;ExcessHet=0.0000;FS=0.000;InbreedingCoeff=0.7453;MLEAC=5;MLEAF=4.655e-03;MQ=60.00;MQRankSum=0.00;QD=30.91;ReadPosRankSum=-1.272e+00;SOR=0.384;ANN=A|missense_variant|MODERATE|YHL030W|YHL030W|transcript|TRANSCRIPT_YHL030W|protein_coding|1/1|c.5329G>A|p.Ala1777Thr|5329/5607|5329/5607|1777/1868||,A|upstream_gene_variant|MODIFIER|YHL028W|YHL028W|transcript|TRANSCRIPT_YHL028W|protein_coding||c.-3351G>A|||||3351|,A|downstream_gene_variant|MODIFIER|YHL029C|YHL029C|transcript|TRANSCRIPT_YHL029C|protein_coding||c.*517C>T|||||517|	GT:AD:DP:GQ:PL	70_0.0;1410_0.0;2640_0.0;5150_0.9666666666666667;10150_1.0	1.0	18,0	28,0	17,0	1,29	0,3	0,11
chrVIII 50713 T -> A nan	chrVIII	50713	.	T	A	1942.34		.	AC=8;AF=7.435e-03;AN=1076;BaseQRankSum=-2.880e-01;DP=11607;ExcessHet=0.0000;FS=0.000;InbreedingCoeff=0.6693;MLEAC=7;MLEAF=6.506e-03;MQ=60.00;MQRankSum=0.00;QD=30.35;ReadPosRankSum=-1.192e+00;SOR=0.548;ANN=A|upstream_gene_variant|MODIFIER|YHL029C|YHL029C|transcript|TRANSCRIPT_YHL029C|protein_coding||c.-2747A>T|||||2747|,A|upstream_gene_variant|MODIFIER|YHL027W|YHL027W|transcript|TRANSCRIPT_YHL027W|protein_coding||c.-396T>A|||||396|,A|upstream_gene_variant|MODIFIER|YHL025W|YHL025W|transcript|TRANSCRIPT_YHL025W|protein_coding||c.-4136T>A|||||4136|,A|downstream_gene_variant|MODIFIER|YHL028W|YHL028W|transcript|TRANSCRIPT_YHL028W|protein_coding||c.*135T>A|||||135|,A|downstream_gene_variant|MODIFIER|YHL026C|YHL026C|transcript|TRANSCRIPT_YHL026C|protein_coding||c.*2504A>T|||||2504|,A|intergenic_region|MODIFIER|YHL028W-YHL027W|YHL028W-YHL027W|intergenic_region|YHL028W-YHL027W|||n.50713T>A||||||	GT:AD:DP:GQ:PL	70_0.0;1410_0.0;2640_0.9473684210526315;5150_1.0;7530_1.0;10150_1.0	1.0	15,0	21,0	1,18	0,14	0,10	0,21
chrVIII 98143 G -> A A|synonymous_variant|YHL007C||STE20|Cdc42p-activated signal transducing kinase;A|synonymous_variant|YHL006W-A||nan|Dubious open reading frame	chrVIII	98143	.	G	A	980.65	A|synonymous_variant|YHL007C||STE20|Cdc42p-activated signal transducing kinase;A|synonymous_variant|YHL006W-A||nan|Dubious open reading frame	.	AC=5;AF=4.655e-03;AN=1074;BaseQRankSum=-5.430e-01;DP=9882;ExcessHet=0.0000;FS=2.637;InbreedingCoeff=0.4454;MLEAC=4;MLEAF=3.724e-03;MQ=60.00;MQRankSum=0.00;QD=30.65;ReadPosRankSum=-4.750e-01;SOR=0.317;ANN=A|synonymous_variant|LOW|YHL007C|YHL007C|transcript|TRANSCRIPT_YHL007C|protein_coding|1/1|c.45C>T|p.Asp15Asp|45/2820|45/2820|15/939||,A|synonymous_variant|LOW|YHL006W-A|YHL006W-A|transcript|TRANSCRIPT_YHL006W-A|protein_coding|1/1|c.162G>A|p.Leu54Leu|162/354|162/354|54/117||,A|upstream_gene_variant|MODIFIER|YHL008C|YHL008C|transcript|TRANSCRIPT_YHL008C|protein_coding||c.-3594C>T|||||3594|,A|upstream_gene_variant|MODIFIER|YHL004W|YHL004W|transcript|TRANSCRIPT_YHL004W|protein_coding||c.-1325G>A|||||1325|,A|upstream_gene_variant|MODIFIER|YHL002W|YHL002W|transcript|TRANSCRIPT_YHL002W|protein_coding||c.-4718G>A|||||4718|,A|downstream_gene_variant|MODIFIER|YHL006C|YHL006C|transcript|TRANSCRIPT_YHL006C|protein_coding||c.*449C>T|||||449|,A|downstream_gene_variant|MODIFIER|YHL005C|YHL005C|transcript|TRANSCRIPT_YHL005C|protein_coding||c.*934C>T|||||934|,A|downstream_gene_variant|MODIFIER|YHL003C|YHL003C|transcript|TRANSCRIPT_YHL003C|protein_coding||c.*2754C>T|||||2754|,A|downstream_gene_variant|MODIFIER|YHL002C-A|YHL002C-A|transcript|TRANSCRIPT_YHL002C-A|protein_coding||c.*4693C>T|||||4693|	GT:AD:DP:GQ:PL	70_0.0;1410_0.0;2640_0.0;5150_0.8333333333333334;10150_1.0	1.0	11,0	17,0	26,0	3,15	0,2	0,12
chrVIII 107853 G -> T nan	chrVIII	107853	.	G	T	1797.98		.	AC=10;AF=9.276e-03;AN=1078;BaseQRankSum=-4.740e-01;DP=12240;ExcessHet=0.0000;FS=0.000;InbreedingCoeff=0.7217;MLEAC=8;MLEAF=7.421e-03;MQ=60.00;MQRankSum=0.00;QD=32.11;ReadPosRankSum=-1.250e-01;SOR=0.280;ANN=T|upstream_gene_variant|MODIFIER|YHL002C-A|YHL002C-A|transcript|TRANSCRIPT_YHL002C-A|protein_coding||c.-4529C>A|||||4529|,T|upstream_gene_variant|MODIFIER|YHR001W-A|YHR001W-A|transcript|TRANSCRIPT_YHR001W-A|protein_coding||c.-222G>T|||||222|,T|upstream_gene_variant|MODIFIER|YHR002W|YHR002W|transcript|TRANSCRIPT_YHR002W|protein_coding||c.-1208G>T|||||1208|,T|downstream_gene_variant|MODIFIER|YHL002W|YHL002W|transcript|TRANSCRIPT_YHL002W|protein_coding||c.*3634G>T|||||3634|,T|downstream_gene_variant|MODIFIER|YHL001W|YHL001W|transcript|TRANSCRIPT_YHL001W|protein_coding||c.*2513G>T|||||2513|,T|downstream_gene_variant|MODIFIER|YHR001W|YHR001W|transcript|TRANSCRIPT_YHR001W|protein_coding||c.*236G>T|||||236|,T|downstream_gene_variant|MODIFIER|YHR003C|YHR003C|transcript|TRANSCRIPT_YHR003C|protein_coding||c.*2424C>A|||||2424|,T|downstream_gene_variant|MODIFIER|YHR004C|YHR004C|transcript|TRANSCRIPT_YHR004C|protein_coding||c.*4150C>A|||||4150|,T|intergenic_region|MODIFIER|YHR001W-YHR001W-A|YHR001W-YHR001W-A|intergenic_region|YHR001W-YHR001W-A|||n.107853G>T||||||	GT:AD:DP:GQ:PL	70_0.0;1410_0.9285714285714286;2640_1.0;5150_1.0;7530_1.0;10150_1.0	1.0	26,0	1,13	0,13	0,10	0,7	0,12
chrVIII 199801 C -> T T|missense_variant|YHR047C||AAP1|Arginine/alanine amino peptidase	chrVIII	199801	.	C	T	840.06	T|missense_variant|YHR047C||AAP1|Arginine/alanine amino peptidase	.	AC=3;AF=2.788e-03;AN=1076;BaseQRankSum=-9.170e-01;DP=12069;ExcessHet=0.0061;FS=8.418;InbreedingCoeff=0.3924;MLEAC=3;MLEAF=2.788e-03;MQ=60.00;MQRankSum=0.00;QD=28.97;ReadPosRankSum=-5.570e-01;SOR=1.001;ANN=T|missense_variant|MODERATE|YHR047C|YHR047C|transcript|TRANSCRIPT_YHR047C|protein_coding|1/1|c.2155G>A|p.Ala719Thr|2155/2571|2155/2571|719/856||,T|upstream_gene_variant|MODIFIER|YHR044C|YHR044C|transcript|TRANSCRIPT_YHR044C|protein_coding||c.-4348G>A|||||4348|,T|upstream_gene_variant|MODIFIER|YHR046C|YHR046C|transcript|TRANSCRIPT_YHR046C|protein_coding||c.-871G>A|||||871|,T|downstream_gene_variant|MODIFIER|YHR045W|YHR045W|transcript|TRANSCRIPT_YHR045W|protein_coding||c.*1923C>T|||||1923|	GT:AD:DP:GQ:PL	70_0.0;1410_0.0;2640_0.0;5150_0.6153846153846154;10150_1.0	1.0	21,0	18,0	31,0	5,8	0,0	0,16
chrVIII 238497 A -> T nan	chrVIII	238497	.	A	T	998.21		.	AC=5;AF=4.647e-03;AN=1076;BaseQRankSum=-9.680e-01;DP=10135;ExcessHet=0.0000;FS=2.663;InbreedingCoeff=0.2821;MLEAC=4;MLEAF=3.717e-03;MQ=60.00;MQRankSum=0.00;QD=30.25;ReadPosRankSum=0.522;SOR=0.293;ANN=T|upstream_gene_variant|MODIFIER|YHR069C|YHR069C|transcript|TRANSCRIPT_YHR069C|protein_coding||c.-3194T>A|||||3194|,T|upstream_gene_variant|MODIFIER|YHR069C-A|YHR069C-A|transcript|TRANSCRIPT_YHR069C-A|protein_coding||c.-2616T>A|||||2616|,T|upstream_gene_variant|MODIFIER|YHR070C-A|YHR070C-A|transcript|TRANSCRIPT_YHR070C-A|protein_coding||c.-1340T>A|||||1340|,T|upstream_gene_variant|MODIFIER|YHR072W|YHR072W|transcript|TRANSCRIPT_YHR072W|protein_coding||c.-1246A>T|||||1246|,T|upstream_gene_variant|MODIFIER|YHR072W-A|YHR072W-A|transcript|TRANSCRIPT_YHR072W-A|protein_coding||c.-3812A>T|||||3812|,T|upstream_gene_variant|MODIFIER|YHR073W|YHR073W|transcript|TRANSCRIPT_YHR073W|protein_coding||c.-4730A>T|||||4730|,T|downstream_gene_variant|MODIFIER|YHR068W|YHR068W|transcript|TRANSCRIPT_YHR068W|protein_coding||c.*4556A>T|||||4556|,T|downstream_gene_variant|MODIFIER|YHR070W|YHR070W|transcript|TRANSCRIPT_YHR070W|protein_coding||c.*1472A>T|||||1472|,T|downstream_gene_variant|MODIFIER|YHR071W|YHR071W|transcript|TRANSCRIPT_YHR071W|protein_coding||c.*159A>T|||||159|,T|downstream_gene_variant|MODIFIER|YHR071C-A|YHR071C-A|transcript|TRANSCRIPT_YHR071C-A|protein_coding||c.*1058T>A|||||1058|,T|intergenic_region|MODIFIER|YHR071W-YHR071C-A|YHR071W-YHR071C-A|intergenic_region|YHR071W-YHR071C-A|||n.238497A>T||||||	GT:AD:DP:GQ:PL	70_0.0;1410_0.0;2640_0.0;5150_0.8823529411764706;10150_1.0	1.0	15,0	12,0	14,0	2,15	0,3	0,13
chrVIII 244757 G -> C C|missense_variant|YHR073W||OSH3|Member of an oxysterol-binding protein family	chrVIII	244757	.	G	C	2331.4	C|missense_variant|YHR073W||OSH3|Member of an oxysterol-binding protein family	.	AC=8;AF=7.463e-03;AN=1072;BaseQRankSum=-2.334e+00;DP=11277;ExcessHet=0.0000;FS=0.000;InbreedingCoeff=0.6672;MLEAC=8;MLEAF=7.463e-03;MQ=60.00;MQRankSum=0.00;QD=29.63;ReadPosRankSum=-1.868e+00;SOR=0.743;ANN=C|missense_variant|MODERATE|YHR073W|YHR073W|transcript|TRANSCRIPT_YHR073W|protein_coding|1/1|c.1531G>C|p.Glu511Gln|1531/2991|1531/2991|511/996||,C|upstream_gene_variant|MODIFIER|YHR071C-A|YHR071C-A|transcript|TRANSCRIPT_YHR071C-A|protein_coding||c.-4882C>G|||||4882|,C|upstream_gene_variant|MODIFIER|YHR074W|YHR074W|transcript|TRANSCRIPT_YHR074W|protein_coding||c.-2081G>C|||||2081|,C|downstream_gene_variant|MODIFIER|YHR072W|YHR072W|transcript|TRANSCRIPT_YHR072W|protein_coding||c.*2819G>C|||||2819|,C|downstream_gene_variant|MODIFIER|YHR072W-A|YHR072W-A|transcript|TRANSCRIPT_YHR072W-A|protein_coding||c.*2272G>C|||||2272|,C|downstream_gene_variant|MODIFIER|YHR073W-A|YHR073W-A|transcript|TRANSCRIPT_YHR073W-A|protein_coding||c.*1068G>C|||||1068|,C|downstream_gene_variant|MODIFIER|YHR073C-B|YHR073C-B|transcript|TRANSCRIPT_YHR073C-B|protein_coding||c.*1310C>G|||||1310|,C|downstream_gene_variant|MODIFIER|YHR075C|YHR075C|transcript|TRANSCRIPT_YHR075C|protein_coding||c.*4327C>G|||||4327|	GT:AD:DP:GQ:PL	70_0.11764705882352941;1410_1.0;2640_1.0;5150_1.0;10150_1.0	1.0	15,2	0,18	0,17	0,16	1,0	0,15
chrVIII 250357 G -> T T|upstream_gene_variant|YHR075C|71|PPE1|Protein with carboxyl methyl esterase activity	chrVIII	250357	.	G	T	3001.47	T|upstream_gene_variant|YHR075C|71|PPE1|Protein with carboxyl methyl esterase activity	.	AC=10;AF=9.276e-03;AN=1078;BaseQRankSum=0.680;DP=13297;ExcessHet=0.0000;FS=0.000;InbreedingCoeff=0.7437;MLEAC=8;MLEAF=7.421e-03;MQ=60.00;MQRankSum=0.00;QD=34.90;ReadPosRankSum=0.048;SOR=0.950;ANN=T|upstream_gene_variant|MODIFIER|YHR073C-B|YHR073C-B|transcript|TRANSCRIPT_YHR073C-B|protein_coding||c.-4210C>A|||||4210|,T|upstream_gene_variant|MODIFIER|YHR075C|YHR075C|transcript|TRANSCRIPT_YHR075C|protein_coding||c.-71C>A|||||71|,T|upstream_gene_variant|MODIFIER|YHR076W|YHR076W|transcript|TRANSCRIPT_YHR076W|protein_coding||c.-1389G>T|||||1389|,T|downstream_gene_variant|MODIFIER|YHR073W|YHR073W|transcript|TRANSCRIPT_YHR073W|protein_coding||c.*4140G>T|||||4140|,T|downstream_gene_variant|MODIFIER|YHR074W|YHR074W|transcript|TRANSCRIPT_YHR074W|protein_coding||c.*1375G>T|||||1375|,T|downstream_gene_variant|MODIFIER|YHR077C|YHR077C|transcript|TRANSCRIPT_YHR077C|protein_coding||c.*2662C>A|||||2662|,T|intergenic_region|MODIFIER|YHR075C-YHR076W|YHR075C-YHR076W|intergenic_region|YHR075C-YHR076W|||n.250357G>T||||||	GT:AD:DP:GQ:PL	70_0.0;1410_0.9230769230769231;2640_1.0;5150_1.0;10150_1.0	1.0	25,0	2,24	0,18	0,21	0,4	0,17
chrVIII 339127 G -> C C|missense_variant|YHR114W||BZZ1|SH3 domain protein implicated in regulating actin polymerization	chrVIII	339127	.	G	C	1366.1	C|missense_variant|YHR114W||BZZ1|SH3 domain protein implicated in regulating actin polymerization	.	AC=3;AF=2.788e-03;AN=1076;BaseQRankSum=0.723;DP=11010;ExcessHet=0.0061;FS=4.028;InbreedingCoeff=0.3487;MLEAC=3;MLEAF=2.788e-03;MQ=60.00;MQRankSum=0.00;QD=30.36;ReadPosRankSum=-1.178e+00;SOR=0.689;ANN=C|missense_variant|MODERATE|YHR114W|YHR114W|transcript|TRANSCRIPT_YHR114W|protein_coding|1/1|c.400G>C|p.Gly134Arg|400/1902|400/1902|134/633||,C|upstream_gene_variant|MODIFIER|YHR112C|YHR112C|transcript|TRANSCRIPT_YHR112C|protein_coding||c.-2819C>G|||||2819|,C|upstream_gene_variant|MODIFIER|YHR116W|YHR116W|transcript|TRANSCRIPT_YHR116W|protein_coding||c.-3183G>C|||||3183|,C|upstream_gene_variant|MODIFIER|YHR117W|YHR117W|transcript|TRANSCRIPT_YHR117W|protein_coding||c.-3867G>C|||||3867|,C|downstream_gene_variant|MODIFIER|YHR111W|YHR111W|transcript|TRANSCRIPT_YHR111W|protein_coding||c.*4088G>C|||||4088|,C|downstream_gene_variant|MODIFIER|YHR113W|YHR113W|transcript|TRANSCRIPT_YHR113W|protein_coding||c.*673G>C|||||673|,C|downstream_gene_variant|MODIFIER|YHR115C|YHR115C|transcript|TRANSCRIPT_YHR115C|protein_coding||c.*1627C>G|||||1627|	GT:AD:DP:GQ:PL	70_0.0;1410_0.0;2640_0.0;5150_0.76;10150_1.0	1.0	15,0	16,0	18,0	6,19	1,0	0,20
chrVIII 397664 G -> A nan	chrVIII	397664	.	G	A	1569.67		.	AC=10;AF=9.276e-03;AN=1078;DP=11749;ExcessHet=0.0000;FS=0.000;InbreedingCoeff=0.3595;MLEAC=7;MLEAF=6.494e-03;MQ=60.00;QD=34.88;SOR=1.714;ANN=A|upstream_gene_variant|MODIFIER|YHR147C|YHR147C|transcript|TRANSCRIPT_YHR147C|protein_coding||c.-3735C>T|||||3735|,A|upstream_gene_variant|MODIFIER|YHR149C|YHR149C|transcript|TRANSCRIPT_YHR149C|protein_coding||c.-359C>T|||||359|,A|upstream_gene_variant|MODIFIER|YHR150W|YHR150W|transcript|TRANSCRIPT_YHR150W|protein_coding||c.-233G>A|||||233|,A|upstream_gene_variant|MODIFIER|YHR152W|YHR152W|transcript|TRANSCRIPT_YHR152W|protein_coding||c.-4416G>A|||||4416|,A|downstream_gene_variant|MODIFIER|YHR148W|YHR148W|transcript|TRANSCRIPT_YHR148W|protein_coding||c.*2933G>A|||||2933|,A|downstream_gene_variant|MODIFIER|YHR151C|YHR151C|transcript|TRANSCRIPT_YHR151C|protein_coding||c.*2250C>T|||||2250|,A|intergenic_region|MODIFIER|YHR149C-YHR150W|YHR149C-YHR150W|intergenic_region|YHR149C-YHR150W|||n.397664G>A||||||	GT:AD:DP:GQ:PL	70_0.0;1410_1.0;2640_1.0;5150_1.0;10150_1.0	1.0	24,0	0,5	0,23	0,10	0,2	0,5
chrVIII 413468 T -> A A|upstream_gene_variant|YHR157W|85|REC104|Protein involved in early stages of meiotic recombination	chrVIII	413468	.	T	A	1666.33	A|upstream_gene_variant|YHR157W|85|REC104|Protein involved in early stages of meiotic recombination	.	AC=7;AF=6.518e-03;AN=1074;BaseQRankSum=-8.130e-01;DP=12609;ExcessHet=0.0000;FS=0.000;InbreedingCoeff=0.6175;MLEAC=6;MLEAF=5.587e-03;MQ=60.00;MQRankSum=0.00;QD=31.44;ReadPosRankSum=-1.659e+00;SOR=0.538;ANN=A|upstream_gene_variant|MODIFIER|YHR156C|YHR156C|transcript|TRANSCRIPT_YHR156C|protein_coding||c.-416A>T|||||416|,A|upstream_gene_variant|MODIFIER|YHR157W|YHR157W|transcript|TRANSCRIPT_YHR157W|protein_coding||c.-85T>A|||||85|,A|upstream_gene_variant|MODIFIER|YHR159W|YHR159W|transcript|TRANSCRIPT_YHR159W|protein_coding||c.-4727T>A|||||4727|,A|downstream_gene_variant|MODIFIER|YHR155W|YHR155W|transcript|TRANSCRIPT_YHR155W|protein_coding||c.*2033T>A|||||2033|,A|downstream_gene_variant|MODIFIER|YHR158C|YHR158C|transcript|TRANSCRIPT_YHR158C|protein_coding||c.*863A>T|||||863|,A|intergenic_region|MODIFIER|YHR156C-YHR157W|YHR156C-YHR157W|intergenic_region|YHR156C-YHR157W|||n.413468T>A||||||	GT:AD:DP:GQ:PGT:PID:PL:PS	70_0.0;1410_0.0;2640_0.9090909090909091;5150_1.0;10150_1.0	1.0	15,0	23,0	2,20	0,14	0,2	0,15
chrVIII 422507 T -> C C|synonymous_variant|YHR161C||YAP1801|Protein of the AP180 family, involved in clathrin cage assembly	chrVIII	422507	.	T	C	844.01	C|synonymous_variant|YHR161C||YAP1801|Protein of the AP180 family, involved in clathrin cage assembly	.	AC=5;AF=4.655e-03;AN=1074;BaseQRankSum=0.294;DP=10825;ExcessHet=0.0000;FS=8.572;InbreedingCoeff=0.4587;MLEAC=4;MLEAF=3.724e-03;MQ=60.00;MQRankSum=0.00;QD=27.23;ReadPosRankSum=-9.080e-01;SOR=0.059;ANN=C|synonymous_variant|LOW|YHR161C|YHR161C|transcript|TRANSCRIPT_YHR161C|protein_coding|1/1|c.426A>G|p.Gly142Gly|426/1914|426/1914|142/637||,C|upstream_gene_variant|MODIFIER|YHR158C|YHR158C|transcript|TRANSCRIPT_YHR158C|protein_coding||c.-4682A>G|||||4682|,C|upstream_gene_variant|MODIFIER|YHR160C|YHR160C|transcript|TRANSCRIPT_YHR160C|protein_coding||c.-1789A>G|||||1789|,C|upstream_gene_variant|MODIFIER|YHR162W|YHR162W|transcript|TRANSCRIPT_YHR162W|protein_coding||c.-1211T>C|||||1211|,C|upstream_gene_variant|MODIFIER|YHR163W|YHR163W|transcript|TRANSCRIPT_YHR163W|protein_coding||c.-1863T>C|||||1863|,C|downstream_gene_variant|MODIFIER|YHR159W|YHR159W|transcript|TRANSCRIPT_YHR159W|protein_coding||c.*2798T>C|||||2798|,C|downstream_gene_variant|MODIFIER|YHR164C|YHR164C|transcript|TRANSCRIPT_YHR164C|protein_coding||c.*2749A>G|||||2749|	GT:AD:DP:GQ:PL	70_0.0;1410_0.0;2640_0.0;5150_0.7777777777777778;10150_1.0	1.0	16,0	7,0	24,0	4,14	0,3	0,10
chrVIII 500348 T -> A A|missense_variant|YHR200W||RPN10|Proteasome polyubiquitin receptor	chrVIII	500348	.	T	A	478.82	A|missense_variant|YHR200W||RPN10|Proteasome polyubiquitin receptor	.	AC=6;AF=5.597e-03;AN=1072;DP=8326;ExcessHet=0.0000;FS=0.000;InbreedingCoeff=0.3858;MLEAC=4;MLEAF=3.731e-03;MQ=60.00;QD=29.93;SOR=1.061;ANN=A|missense_variant|MODERATE|YHR200W|YHR200W|transcript|TRANSCRIPT_YHR200W|protein_coding|1/1|c.624T>A|p.Asp208Glu|624/807|624/807|208/268||,A|upstream_gene_variant|MODIFIER|YHR198C|YHR198C|transcript|TRANSCRIPT_YHR198C|protein_coding||c.-2422A>T|||||2422|,A|upstream_gene_variant|MODIFIER|YHR199C|YHR199C|transcript|TRANSCRIPT_YHR199C|protein_coding||c.-1280A>T|||||1280|,A|upstream_gene_variant|MODIFIER|YHR199C-A|YHR199C-A|transcript|TRANSCRIPT_YHR199C-A|protein_coding||c.-843A>T|||||843|,A|upstream_gene_variant|MODIFIER|YHR202W|YHR202W|transcript|TRANSCRIPT_YHR202W|protein_coding||c.-2686T>A|||||2686|,A|downstream_gene_variant|MODIFIER|YHR197W|YHR197W|transcript|TRANSCRIPT_YHR197W|protein_coding||c.*3515T>A|||||3515|,A|downstream_gene_variant|MODIFIER|YHR201C|YHR201C|transcript|TRANSCRIPT_YHR201C|protein_coding||c.*248A>T|||||248|,A|downstream_gene_variant|MODIFIER|YHR203C|YHR203C|transcript|TRANSCRIPT_YHR203C|protein_coding||c.*4774A>T|||||4774|	GT:AD:DP:GQ:PL	70_0.0;1410_0.0;2640_0.0;5150_1.0;10150_1.0	1.0	12,0	10,0	18,0	0,11	0,1	0,5
chrVIII 515039 A -> T T|synonymous_variant|YHR206W||SKN7|Nuclear response regulator and transcription factor	chrVIII	515039	.	A	T	1431.57	T|synonymous_variant|YHR206W||SKN7|Nuclear response regulator and transcription factor	.	AC=7;AF=6.494e-03;AN=1078;BaseQRankSum=-1.867e+00;DP=11223;ExcessHet=0.0000;FS=0.000;InbreedingCoeff=0.5022;MLEAC=6;MLEAF=5.566e-03;MQ=60.00;MQRankSum=0.00;QD=28.63;ReadPosRankSum=-2.990e-01;SOR=0.693;ANN=T|synonymous_variant|LOW|YHR206W|YHR206W|transcript|TRANSCRIPT_YHR206W|protein_coding|1/1|c.1662A>T|p.Ala554Ala|1662/1869|1662/1869|554/622||,T|upstream_gene_variant|MODIFIER|YHR208W|YHR208W|transcript|TRANSCRIPT_YHR208W|protein_coding||c.-3139A>T|||||3139|,T|downstream_gene_variant|MODIFIER|YHR205W|YHR205W|transcript|TRANSCRIPT_YHR205W|protein_coding||c.*2556A>T|||||2556|,T|downstream_gene_variant|MODIFIER|YHR207C|YHR207C|transcript|TRANSCRIPT_YHR207C|protein_coding||c.*512T>A|||||512|	GT:AD:DP:GQ:PGT:PID:PL:PS	70_0.0;1410_0.0;2640_0.8181818181818182;5150_1.0;10150_1.0	1.0	21,0	19,0	4,18	0,14	0,3	0,11
chrX 46938 G -> C C|missense_variant|YJL207C||LAA1|AP-1 accessory protein	chrX	46938	.	G	C	2212.26	C|missense_variant|YJL207C||LAA1|AP-1 accessory protein	.	AC=9;AF=8.349e-03;AN=1078;BaseQRankSum=-1.093e+00;DP=12401;ExcessHet=0.0000;FS=9.390;InbreedingCoeff=0.5971;MLEAC=8;MLEAF=7.421e-03;MQ=60.00;MQRankSum=0.00;QD=30.73;ReadPosRankSum=-4.700e-02;SOR=0.149;ANN=C|missense_variant|MODERATE|YJL207C|YJL207C|transcript|TRANSCRIPT_YJL207C|protein_coding|1/1|c.496C>G|p.Pro166Ala|496/6045|496/6045|166/2014||,C|downstream_gene_variant|MODIFIER|YJL206C|YJL206C|transcript|TRANSCRIPT_YJL206C|protein_coding||c.*721C>G|||||721|,C|downstream_gene_variant|MODIFIER|YJL205C|YJL205C|transcript|TRANSCRIPT_YJL205C|protein_coding||c.*3201C>G|||||3201|,C|downstream_gene_variant|MODIFIER|YJL204C|YJL204C|transcript|TRANSCRIPT_YJL204C|protein_coding||c.*3691C>G|||||3691|	GT:AD:DP:GQ:PL	70_0.0;1410_0.8;2640_1.0;5150_1.0;7530_1.0;10150_1.0	1.0	16,0	4,16	0,14	0,14	0,7	0,17
chrX 64538 C -> T T|missense_variant|YJL197W||UBP12|Ubiquitin-specific protease	chrX	64538	.	C	T	381.86	T|missense_variant|YJL197W||UBP12|Ubiquitin-specific protease	.	AC=4;AF=3.711e-03;AN=1078;DP=11188;ExcessHet=0.0000;FS=0.000;InbreedingCoeff=0.4210;MLEAC=3;MLEAF=2.783e-03;MQ=60.00;QD=27.28;SOR=2.303;ANN=T|missense_variant|MODERATE|YJL197W|YJL197W|transcript|TRANSCRIPT_YJL197W|protein_coding|1/1|c.734C>T|p.Ala245Val|734/3765|734/3765|245/1254||,T|upstream_gene_variant|MODIFIER|YJL199C|YJL199C|transcript|TRANSCRIPT_YJL199C|protein_coding||c.-4356G>A|||||4356|,T|upstream_gene_variant|MODIFIER|YJL194W|YJL194W|transcript|TRANSCRIPT_YJL194W|protein_coding||c.-4800C>T|||||4800|,T|downstream_gene_variant|MODIFIER|YJL198W|YJL198W|transcript|TRANSCRIPT_YJL198W|protein_coding||c.*1049C>T|||||1049|,T|downstream_gene_variant|MODIFIER|YJL197C-A|YJL197C-A|transcript|TRANSCRIPT_YJL197C-A|protein_coding||c.*1267G>A|||||1267|,T|downstream_gene_variant|MODIFIER|YJL196C|YJL196C|transcript|TRANSCRIPT_YJL196C|protein_coding||c.*3312G>A|||||3312|,T|downstream_gene_variant|MODIFIER|YJL195C|YJL195C|transcript|TRANSCRIPT_YJL195C|protein_coding||c.*4703G>A|||||4703|	GT:AD:DP:GQ:PL	70_0.0;1410_0.0;2640_0.0;5150_0.0;10150_1.0	1.0	14,0	16,0	20,0	13,0	0,4	0,10
chrX 69934 A -> C C|missense_variant|YJL195C||nan|Dubious open reading frame;C|synonymous_variant|YJL194W||CDC6|Essential ATP-binding protein required for DNA replication	chrX	69934	.	A	C	735.19	C|missense_variant|YJL195C||nan|Dubious open reading frame;C|synonymous_variant|YJL194W||CDC6|Essential ATP-binding protein required for DNA replication	.	AC=6;AF=5.576e-03;AN=1076;BaseQRankSum=-1.890e-01;DP=9401;ExcessHet=0.0000;FS=3.882;InbreedingCoeff=0.4205;MLEAC=3;MLEAF=2.788e-03;MQ=60.00;MQRankSum=0.00;QD=30.63;ReadPosRankSum=0.870;SOR=0.916;ANN=C|missense_variant|MODERATE|YJL195C|YJL195C|transcript|TRANSCRIPT_YJL195C|protein_coding|1/1|c.9T>G|p.Phe3Leu|9/702|9/702|3/233||,C|synonymous_variant|LOW|YJL194W|YJL194W|transcript|TRANSCRIPT_YJL194W|protein_coding|1/1|c.597A>C|p.Ile199Ile|597/1542|597/1542|199/513||,C|upstream_gene_variant|MODIFIER|YJL197C-A|YJL197C-A|transcript|TRANSCRIPT_YJL197C-A|protein_coding||c.-3848T>G|||||3848|,C|upstream_gene_variant|MODIFIER|YJL196C|YJL196C|transcript|TRANSCRIPT_YJL196C|protein_coding||c.-1152T>G|||||1152|,C|upstream_gene_variant|MODIFIER|YJL193W|YJL193W|transcript|TRANSCRIPT_YJL193W|protein_coding||c.-1432A>C|||||1432|,C|upstream_gene_variant|MODIFIER|YJL191W|YJL191W|transcript|TRANSCRIPT_YJL191W|protein_coding||c.-3853A>C|||||3853|,C|downstream_gene_variant|MODIFIER|YJL197W|YJL197W|transcript|TRANSCRIPT_YJL197W|protein_coding||c.*2365A>C|||||2365|,C|downstream_gene_variant|MODIFIER|YJL192C|YJL192C|transcript|TRANSCRIPT_YJL192C|protein_coding||c.*2776T>G|||||2776|,C|downstream_gene_variant|MODIFIER|YJL190C|YJL190C|transcript|TRANSCRIPT_YJL190C|protein_coding||c.*4976T>G|||||4976|	GT:AD:DP:GQ:PL	70_0.0;1410_0.0;2640_0.0;5150_0.9375;10150_1.0	1.0	12,0	32,0	18,0	1,15	0,2	0,6
chrX 143820 C -> T T|missense_variant|YJL146W||IDS2|Protein involved in modulation of Ime2p activity during meiosis	chrX	143820	.	C	T	2189.24	T|missense_variant|YJL146W||IDS2|Protein involved in modulation of Ime2p activity during meiosis	.	AC=9;AF=8.380e-03;AN=1074;BaseQRankSum=-4.940e-01;DP=10748;ExcessHet=0.0000;FS=0.000;InbreedingCoeff=0.6561;MLEAC=8;MLEAF=7.449e-03;MQ=60.00;MQRankSum=0.00;QD=32.68;ReadPosRankSum=-5.350e-01;SOR=0.412;ANN=T|missense_variant|MODERATE|YJL146W|YJL146W|transcript|TRANSCRIPT_YJL146W|protein_coding|1/1|c.530C>T|p.Pro177Leu|530/1410|530/1410|177/469||,T|upstream_gene_variant|MODIFIER|YJL147C|YJL147C|transcript|TRANSCRIPT_YJL147C|protein_coding||c.-1254G>A|||||1254|,T|upstream_gene_variant|MODIFIER|YJL145W|YJL145W|transcript|TRANSCRIPT_YJL145W|protein_coding||c.-1339C>T|||||1339|,T|upstream_gene_variant|MODIFIER|YJL144W|YJL144W|transcript|TRANSCRIPT_YJL144W|protein_coding||c.-2538C>T|||||2538|,T|upstream_gene_variant|MODIFIER|YJL143W|YJL143W|transcript|TRANSCRIPT_YJL143W|protein_coding||c.-3280C>T|||||3280|,T|downstream_gene_variant|MODIFIER|YJL149W|YJL149W|transcript|TRANSCRIPT_YJL149W|protein_coding||c.*4451C>T|||||4451|,T|downstream_gene_variant|MODIFIER|YJL148W|YJL148W|transcript|TRANSCRIPT_YJL148W|protein_coding||c.*2683C>T|||||2683|,T|downstream_gene_variant|MODIFIER|YJL142C|YJL142C|transcript|TRANSCRIPT_YJL142C|protein_coding||c.*3998G>A|||||3998|,T|downstream_gene_variant|MODIFIER|YJL141C|YJL141C|transcript|TRANSCRIPT_YJL141C|protein_coding||c.*4146G>A|||||4146|	GT:AD:DP:GQ:PL	70_0.0;1410_0.9230769230769231;2640_1.0;5150_1.0;7530_1.0;10150_1.0	1.0	13,0	1,12	0,18	0,17	0,5	0,14
chrX 145064 C -> T T|upstream_gene_variant|YJL145W|95|SFH5|Non-classical phosphatidylinositol transfer protein (PITP)	chrX	145064	.	C	T	1719.27	T|upstream_gene_variant|YJL145W|95|SFH5|Non-classical phosphatidylinositol transfer protein (PITP)	.	AC=10;AF=9.311e-03;AN=1074;BaseQRankSum=2.09;DP=9485;ExcessHet=0.0000;FS=7.866;InbreedingCoeff=0.4862;MLEAC=8;MLEAF=7.449e-03;MQ=60.00;MQRankSum=0.00;QD=33.06;ReadPosRankSum=1.38;SOR=0.057;ANN=T|upstream_gene_variant|MODIFIER|YJL147C|YJL147C|transcript|TRANSCRIPT_YJL147C|protein_coding||c.-2498G>A|||||2498|,T|upstream_gene_variant|MODIFIER|YJL145W|YJL145W|transcript|TRANSCRIPT_YJL145W|protein_coding||c.-95C>T|||||95|,T|upstream_gene_variant|MODIFIER|YJL144W|YJL144W|transcript|TRANSCRIPT_YJL144W|protein_coding||c.-1294C>T|||||1294|,T|upstream_gene_variant|MODIFIER|YJL143W|YJL143W|transcript|TRANSCRIPT_YJL143W|protein_coding||c.-2036C>T|||||2036|,T|downstream_gene_variant|MODIFIER|YJL148W|YJL148W|transcript|TRANSCRIPT_YJL148W|protein_coding||c.*3927C>T|||||3927|,T|downstream_gene_variant|MODIFIER|YJL146W|YJL146W|transcript|TRANSCRIPT_YJL146W|protein_coding||c.*364C>T|||||364|,T|downstream_gene_variant|MODIFIER|YJL142C|YJL142C|transcript|TRANSCRIPT_YJL142C|protein_coding||c.*2754G>A|||||2754|,T|downstream_gene_variant|MODIFIER|YJL141C|YJL141C|transcript|TRANSCRIPT_YJL141C|protein_coding||c.*2902G>A|||||2902|,T|intergenic_region|MODIFIER|YJL146W-YJL145W|YJL146W-YJL145W|intergenic_region|YJL146W-YJL145W|||n.145064C>T||||||	GT:AD:DP:GQ:PGT:PID:PL:PS	70_0.0;1410_0.9166666666666666;2640_1.0;5150_1.0;10150_1.0	1.0	20,0	1,11	0,15	0,11	0,3	0,11
chrX 145581 G -> C C|synonymous_variant|YJL145W||SFH5|Non-classical phosphatidylinositol transfer protein (PITP)	chrX	145581	.	G	C	847.0	C|synonymous_variant|YJL145W||SFH5|Non-classical phosphatidylinositol transfer protein (PITP)	.	AC=5;AF=4.655e-03;AN=1074;BaseQRankSum=-6.690e-01;DP=8874;ExcessHet=0.0000;FS=0.000;InbreedingCoeff=0.3604;MLEAC=4;MLEAF=3.724e-03;MQ=60.00;MQRankSum=0.00;QD=30.25;ReadPosRankSum=-5.920e-01;SOR=0.693;ANN=C|synonymous_variant|LOW|YJL145W|YJL145W|transcript|TRANSCRIPT_YJL145W|protein_coding|1/1|c.423G>C|p.Val141Val|423/885|423/885|141/294||,C|upstream_gene_variant|MODIFIER|YJL147C|YJL147C|transcript|TRANSCRIPT_YJL147C|protein_coding||c.-3015C>G|||||3015|,C|upstream_gene_variant|MODIFIER|YJL144W|YJL144W|transcript|TRANSCRIPT_YJL144W|protein_coding||c.-777G>C|||||777|,C|upstream_gene_variant|MODIFIER|YJL143W|YJL143W|transcript|TRANSCRIPT_YJL143W|protein_coding||c.-1519G>C|||||1519|,C|downstream_gene_variant|MODIFIER|YJL148W|YJL148W|transcript|TRANSCRIPT_YJL148W|protein_coding||c.*4444G>C|||||4444|,C|downstream_gene_variant|MODIFIER|YJL146W|YJL146W|transcript|TRANSCRIPT_YJL146W|protein_coding||c.*881G>C|||||881|,C|downstream_gene_variant|MODIFIER|YJL142C|YJL142C|transcript|TRANSCRIPT_YJL142C|protein_coding||c.*2237C>G|||||2237|,C|downstream_gene_variant|MODIFIER|YJL141C|YJL141C|transcript|TRANSCRIPT_YJL141C|protein_coding||c.*2385C>G|||||2385|	GT:AD:DP:GQ:PL	70_0.0;1410_0.0;2640_0.0;5150_0.8461538461538461;10150_1.0	1.0	12,0	17,0	25,0	2,11	0,3	0,12
chrX 167722 G -> A A|missense_variant|YJL130C||URA2|Bifunctional carbamoylphosphate synthetase/aspartate transcarbamylase	chrX	167722	.	G	A	953.22	A|missense_variant|YJL130C||URA2|Bifunctional carbamoylphosphate synthetase/aspartate transcarbamylase	.	AC=8;AF=7.435e-03;AN=1076;DP=10837;ExcessHet=0.0000;FS=0.000;InbreedingCoeff=0.5695;MLEAC=6;MLEAF=5.576e-03;MQ=60.00;QD=30.75;SOR=1.044;ANN=A|missense_variant|MODERATE|YJL130C|YJL130C|transcript|TRANSCRIPT_YJL130C|protein_coding|1/1|c.4645C>T|p.Pro1549Ser|4645/6645|4645/6645|1549/2214||,A|upstream_gene_variant|MODIFIER|YJL131C|YJL131C|transcript|TRANSCRIPT_YJL131C|protein_coding||c.-2375C>T|||||2375|,A|downstream_gene_variant|MODIFIER|YJL132W|YJL132W|transcript|TRANSCRIPT_YJL132W|protein_coding||c.*3557G>A|||||3557|	GT:AD:DP:GQ:PL	70_0.0;1410_0.0;2640_1.0;5150_1.0;10150_1.0	1.0	16,0	14,0	0,10	0,10	0,3	0,8
chrX 248881 A -> C C|missense_variant|YJL095W||BCK1|MAPKKK acting in the protein kinase C signaling pathway	chrX	248881	.	A	C	937.4	C|missense_variant|YJL095W||BCK1|MAPKKK acting in the protein kinase C signaling pathway	.	AC=6;AF=5.587e-03;AN=1074;BaseQRankSum=2.42;DP=9962;ExcessHet=0.0000;FS=3.332;InbreedingCoeff=0.5817;MLEAC=4;MLEAF=3.724e-03;MQ=60.00;MQRankSum=0.00;QD=33.48;ReadPosRankSum=0.868;SOR=0.568;ANN=C|missense_variant|MODERATE|YJL095W|YJL095W|transcript|TRANSCRIPT_YJL095W|protein_coding|1/1|c.1628A>C|p.Lys543Thr|1628/4437|1628/4437|543/1478||,C|downstream_gene_variant|MODIFIER|YJL098W|YJL098W|transcript|TRANSCRIPT_YJL098W|protein_coding||c.*3624A>C|||||3624|,C|downstream_gene_variant|MODIFIER|YJL097W|YJL097W|transcript|TRANSCRIPT_YJL097W|protein_coding||c.*2638A>C|||||2638|,C|downstream_gene_variant|MODIFIER|YJL096W|YJL096W|transcript|TRANSCRIPT_YJL096W|protein_coding||c.*1907A>C|||||1907|,C|downstream_gene_variant|MODIFIER|YJL094C|YJL094C|transcript|TRANSCRIPT_YJL094C|protein_coding||c.*2939T>G|||||2939|	GT:AD:DP:GQ:PL	70_0.0;1410_0.0;2640_0.0;5150_0.9285714285714286;7530_1.0;10150_1.0	1.0	18,0	18,0	15,0	1,13	0,5	0,9
chrX 258739 G -> A A|missense_variant|YJL092W||SRS2|DNA helicase and DNA-dependent ATPase	chrX	258739	.	G	A	2153.33	A|missense_variant|YJL092W||SRS2|DNA helicase and DNA-dependent ATPase	.	AC=10;AF=9.294e-03;AN=1076;BaseQRankSum=2.67;DP=9090;ExcessHet=0.0000;FS=1.669;InbreedingCoeff=0.5674;MLEAC=8;MLEAF=7.435e-03;MQ=60.00;MQRankSum=0.00;QD=34.73;ReadPosRankSum=1.38;SOR=0.422;ANN=A|missense_variant|MODERATE|YJL092W|YJL092W|transcript|TRANSCRIPT_YJL092W|protein_coding|1/1|c.1318G>A|p.Ala440Thr|1318/3525|1318/3525|440/1174||,A|upstream_gene_variant|MODIFIER|YJL094C|YJL094C|transcript|TRANSCRIPT_YJL094C|protein_coding||c.-4298C>T|||||4298|,A|upstream_gene_variant|MODIFIER|YJL093C|YJL093C|transcript|TRANSCRIPT_YJL093C|protein_coding||c.-1928C>T|||||1928|,A|downstream_gene_variant|MODIFIER|YJL091C|YJL091C|transcript|TRANSCRIPT_YJL091C|protein_coding||c.*2340C>T|||||2340|,A|downstream_gene_variant|MODIFIER|YJL090C|YJL090C|transcript|TRANSCRIPT_YJL090C|protein_coding||c.*4017C>T|||||4017|	GT:AD:DP:GQ:PL	70_0.0;1410_0.9166666666666666;2640_1.0;5150_1.0;10150_1.0	1.0	18,0	1,11	0,26	0,15	0,2	0,7
chrX 263423 C -> A A|missense_variant|YJL090C||DPB11|DNA replication initiation protein	chrX	263423	.	C	A	571.48	A|missense_variant|YJL090C||DPB11|DNA replication initiation protein	.	AC=4;AF=3.717e-03;AN=1076;DP=11009;ExcessHet=0.0000;FS=0.000;InbreedingCoeff=0.5532;MLEAC=3;MLEAF=2.788e-03;MQ=60.00;QD=33.62;SOR=1.371;ANN=A|missense_variant|MODERATE|YJL090C|YJL090C|transcript|TRANSCRIPT_YJL090C|protein_coding|1/1|c.1628G>T|p.Arg543Met|1628/2295|1628/2295|543/764||,A|upstream_gene_variant|MODIFIER|YJL091C|YJL091C|transcript|TRANSCRIPT_YJL091C|protein_coding||c.-872G>T|||||872|,A|upstream_gene_variant|MODIFIER|YJL089W|YJL089W|transcript|TRANSCRIPT_YJL089W|protein_coding||c.-2502C>A|||||2502|,A|downstream_gene_variant|MODIFIER|YJL092W|YJL092W|transcript|TRANSCRIPT_YJL092W|protein_coding||c.*2477C>A|||||2477|	GT:AD:DP:GQ:PL	70_0.0;1410_0.0;2640_0.0;5150_0.0;7530_1.0;10150_1.0	1.0	6,0	24,0	20,0	18,0	0,5	0,12
chrX 350281 T -> G G|missense_variant|YJL047C||RTT101|Cullin subunit of a Roc1p-dependent E3 ubiquitin ligase complex	chrX	350281	.	T	G	1953.17	G|missense_variant|YJL047C||RTT101|Cullin subunit of a Roc1p-dependent E3 ubiquitin ligase complex	.	AC=10;AF=9.294e-03;AN=1076;DP=9645;ExcessHet=0.0000;FS=0.000;InbreedingCoeff=0.6537;MLEAC=9;MLEAF=8.364e-03;MQ=60.00;QD=34.88;SOR=1.199;ANN=G|missense_variant|MODERATE|YJL047C|YJL047C|transcript|TRANSCRIPT_YJL047C|protein_coding|1/1|c.1828A>C|p.Lys610Gln|1828/2529|1828/2529|610/842||,G|upstream_gene_variant|MODIFIER|YJL048C|YJL048C|transcript|TRANSCRIPT_YJL048C|protein_coding||c.-1644A>C|||||1644|,G|upstream_gene_variant|MODIFIER|YJL047C-A|YJL047C-A|transcript|TRANSCRIPT_YJL047C-A|protein_coding||c.-1103A>C|||||1103|,G|upstream_gene_variant|MODIFIER|YJL046W|YJL046W|transcript|TRANSCRIPT_YJL046W|protein_coding||c.-2105T>G|||||2105|WARNING_TRANSCRIPT_NO_START_CODON,G|downstream_gene_variant|MODIFIER|YJL050W|YJL050W|transcript|TRANSCRIPT_YJL050W|protein_coding||c.*4538T>G|||||4538|,G|downstream_gene_variant|MODIFIER|YJL049W|YJL049W|transcript|TRANSCRIPT_YJL049W|protein_coding||c.*2956T>G|||||2956|	GT:AD:DP:GQ:PL	70_0.0;1410_1.0;2640_1.0;5150_1.0;10150_1.0	1.0	16,0	0,12	0,17	0,12	0,4	0,11
chrX 362398 T -> A A|missense_variant|YJL042W||MHP1|Microtubule-associated protein involved in microtubule organization	chrX	362398	.	T	A	1404.4	A|missense_variant|YJL042W||MHP1|Microtubule-associated protein involved in microtubule organization	.	AC=8;AF=7.421e-03;AN=1078;DP=9206;ExcessHet=0.0000;FS=0.000;InbreedingCoeff=0.5540;MLEAC=7;MLEAF=6.494e-03;MQ=60.00;QD=31.21;SOR=0.737;ANN=A|missense_variant|MODERATE|YJL042W|YJL042W|transcript|TRANSCRIPT_YJL042W|protein_coding|1/1|c.1162T>A|p.Leu388Ile|1162/4197|1162/4197|388/1398||,A|upstream_gene_variant|MODIFIER|YJL044C|YJL044C|transcript|TRANSCRIPT_YJL044C|protein_coding||c.-2733A>T|||||2733|,A|upstream_gene_variant|MODIFIER|YJL041W|YJL041W|transcript|TRANSCRIPT_YJL041W|protein_coding||c.-3374T>A|||||3374|,A|downstream_gene_variant|MODIFIER|YJL045W|YJL045W|transcript|TRANSCRIPT_YJL045W|protein_coding||c.*4481T>A|||||4481|,A|downstream_gene_variant|MODIFIER|YJL043W|YJL043W|transcript|TRANSCRIPT_YJL043W|protein_coding||c.*1507T>A|||||1507|	GT:AD:DP:GQ:PL	70_0.0;1410_0.0;2640_1.0;5150_1.0;10150_1.0	1.0	9,0	16,0	0,16	0,16	0,4	0,9
chrX 455428 C -> T nan	chrX	455428	.	C	T	565.14		.	AC=4;AF=3.711e-03;AN=1078;DP=11487;ExcessHet=0.0000;FS=0.000;InbreedingCoeff=0.4981;MLEAC=3;MLEAF=2.783e-03;MQ=60.00;QD=33.24;SOR=1.061;ANN=T|upstream_gene_variant|MODIFIER|YJR009C|YJR009C|transcript|TRANSCRIPT_YJR009C|protein_coding||c.-1044G>A|||||1044|,T|upstream_gene_variant|MODIFIER|YJR010W|YJR010W|transcript|TRANSCRIPT_YJR010W|protein_coding||c.-514C>T|||||514|,T|upstream_gene_variant|MODIFIER|YJR013W|YJR013W|transcript|TRANSCRIPT_YJR013W|protein_coding||c.-4657C>T|||||4657|,T|downstream_gene_variant|MODIFIER|YJR007W|YJR007W|transcript|TRANSCRIPT_YJR007W|protein_coding||c.*3791C>T|||||3791|,T|downstream_gene_variant|MODIFIER|YJR008W|YJR008W|transcript|TRANSCRIPT_YJR008W|protein_coding||c.*2279C>T|||||2279|,T|downstream_gene_variant|MODIFIER|YJR010C-A|YJR010C-A|transcript|TRANSCRIPT_YJR010C-A|protein_coding||c.*2352G>A|||||2352|,T|downstream_gene_variant|MODIFIER|YJR011C|YJR011C|transcript|TRANSCRIPT_YJR011C|protein_coding||c.*2916G>A|||||2916|,T|downstream_gene_variant|MODIFIER|YJR012C|YJR012C|transcript|TRANSCRIPT_YJR012C|protein_coding||c.*4070G>A|||||4070|,T|intergenic_region|MODIFIER|YJR009C-YJR010W|YJR009C-YJR010W|intergenic_region|YJR009C-YJR010W|||n.455428C>T||||||	GT:AD:DP:GQ:PL	70_0.0;1410_0.0;2640_0.0;5150_0.0;10150_1.0	1.0	10,0	16,0	15,0	17,0	0,3	0,14
chrX 517680 A -> T nan	chrX	517680	.	A	T	2179.7		.	AC=8;AF=7.421e-03;AN=1078;DP=12683;ExcessHet=0.0000;FS=0.000;InbreedingCoeff=0.8153;MLEAC=7;MLEAF=6.494e-03;MQ=60.00;QD=35.32;SOR=1.942;ANN=T|upstream_gene_variant|MODIFIER|YJR041C|YJR041C|transcript|TRANSCRIPT_YJR041C|protein_coding||c.-4215T>A|||||4215|,T|upstream_gene_variant|MODIFIER|YJR043C|YJR043C|transcript|TRANSCRIPT_YJR043C|protein_coding||c.-465T>A|||||465|,T|upstream_gene_variant|MODIFIER|YJR046W|YJR046W|transcript|TRANSCRIPT_YJR046W|protein_coding||c.-4070A>T|||||4070|,T|downstream_gene_variant|MODIFIER|YJR042W|YJR042W|transcript|TRANSCRIPT_YJR042W|protein_coding||c.*1689A>T|||||1689|,T|downstream_gene_variant|MODIFIER|YJR044C|YJR044C|transcript|TRANSCRIPT_YJR044C|protein_coding||c.*785T>A|||||785|,T|downstream_gene_variant|MODIFIER|YJR045C|YJR045C|transcript|TRANSCRIPT_YJR045C|protein_coding||c.*1660T>A|||||1660|,T|intergenic_region|MODIFIER|YJR043C-YJR044C|YJR043C-YJR044C|intergenic_region|YJR043C-YJR044C|||n.517680A>T||||||	GT:AD:DP:GQ:PL	70_0.0;1410_0.0;2640_1.0;5150_1.0;7530_1.0;10150_1.0	1.0	13,0	19,0	0,19	0,19	0,7	0,15
chrX 584232 G -> T T|synonymous_variant|YJR084W||nan|Protein that forms a complex with Thp3p	chrX	584232	.	G	T	1057.34	T|synonymous_variant|YJR084W||nan|Protein that forms a complex with Thp3p	.	AC=3;AF=2.804e-03;AN=1070;BaseQRankSum=-9.500e-01;DP=10618;ExcessHet=0.0061;FS=0.000;InbreedingCoeff=0.3755;MLEAC=3;MLEAF=2.804e-03;MQ=60.00;MQRankSum=0.00;QD=27.82;ReadPosRankSum=0.686;SOR=0.399;ANN=T|synonymous_variant|LOW|YJR084W|YJR084W|transcript|TRANSCRIPT_YJR084W|protein_coding|1/1|c.798G>T|p.Leu266Leu|798/1272|798/1272|266/423||,T|upstream_gene_variant|MODIFIER|YJR080C|YJR080C|transcript|TRANSCRIPT_YJR080C|protein_coding||c.-2914C>A|||||2914|,T|upstream_gene_variant|MODIFIER|YJR082C|YJR082C|transcript|TRANSCRIPT_YJR082C|protein_coding||c.-2275C>A|||||2275|,T|upstream_gene_variant|MODIFIER|YJR083C|YJR083C|transcript|TRANSCRIPT_YJR083C|protein_coding||c.-993C>A|||||993|,T|upstream_gene_variant|MODIFIER|YJR086W|YJR086W|transcript|TRANSCRIPT_YJR086W|protein_coding||c.-1538G>T|||||1538|,T|upstream_gene_variant|MODIFIER|YJR087W|YJR087W|transcript|TRANSCRIPT_YJR087W|protein_coding||c.-1870G>T|||||1870|,T|upstream_gene_variant|MODIFIER|YJR089W|YJR089W|transcript|TRANSCRIPT_YJR089W|protein_coding||c.-3188G>T|||||3188|,T|downstream_gene_variant|MODIFIER|YJR078W|YJR078W|transcript|TRANSCRIPT_YJR078W|protein_coding||c.*4309G>T|||||4309|,T|downstream_gene_variant|MODIFIER|YJR079W|YJR079W|transcript|TRANSCRIPT_YJR079W|protein_coding||c.*3291G>T|||||3291|,T|downstream_gene_variant|MODIFIER|YJR085C|YJR085C|transcript|TRANSCRIPT_YJR085C|protein_coding||c.*590C>A|||||590|,T|downstream_gene_variant|MODIFIER|YJR088C|YJR088C|transcript|TRANSCRIPT_YJR088C|protein_coding||c.*1965C>A|||||1965|	GT:AD:DP:GQ:PL	70_0.0;1410_0.0;2640_0.0;5150_0.8181818181818182;10150_1.0	1.0	14,0	18,0	16,0	4,18	1,0	0,16
chrX 585855 A -> C C|missense_variant|YJR086W||STE18|G protein gamma subunit	chrX	585855	.	A	C	538.27	C|missense_variant|YJR086W||STE18|G protein gamma subunit	.	AC=4;AF=3.717e-03;AN=1076;DP=12011;ExcessHet=0.0000;FS=0.000;InbreedingCoeff=0.5697;MLEAC=3;MLEAF=2.788e-03;MQ=60.00;QD=33.64;SOR=1.244;ANN=C|missense_variant|MODERATE|YJR086W|YJR086W|transcript|TRANSCRIPT_YJR086W|protein_coding|1/1|c.86A>C|p.Gln29Pro|86/333|86/333|29/110||,C|upstream_gene_variant|MODIFIER|YJR080C|YJR080C|transcript|TRANSCRIPT_YJR080C|protein_coding||c.-4537T>G|||||4537|,C|upstream_gene_variant|MODIFIER|YJR082C|YJR082C|transcript|TRANSCRIPT_YJR082C|protein_coding||c.-3898T>G|||||3898|,C|upstream_gene_variant|MODIFIER|YJR083C|YJR083C|transcript|TRANSCRIPT_YJR083C|protein_coding||c.-2616T>G|||||2616|,C|upstream_gene_variant|MODIFIER|YJR085C|YJR085C|transcript|TRANSCRIPT_YJR085C|protein_coding||c.-716T>G|||||716|,C|upstream_gene_variant|MODIFIER|YJR087W|YJR087W|transcript|TRANSCRIPT_YJR087W|protein_coding||c.-247A>C|||||247|,C|upstream_gene_variant|MODIFIER|YJR089W|YJR089W|transcript|TRANSCRIPT_YJR089W|protein_coding||c.-1565A>C|||||1565|,C|downstream_gene_variant|MODIFIER|YJR079W|YJR079W|transcript|TRANSCRIPT_YJR079W|protein_coding||c.*4914A>C|||||4914|,C|downstream_gene_variant|MODIFIER|YJR084W|YJR084W|transcript|TRANSCRIPT_YJR084W|protein_coding||c.*1149A>C|||||1149|,C|downstream_gene_variant|MODIFIER|YJR088C|YJR088C|transcript|TRANSCRIPT_YJR088C|protein_coding||c.*342T>G|||||342|,C|downstream_gene_variant|MODIFIER|YJR090C|YJR090C|transcript|TRANSCRIPT_YJR090C|protein_coding||c.*4719T>G|||||4719|	GT:AD:DP:GQ:PL	70_0.0;1410_0.0;2640_0.0;5150_0.0;10150_1.0	1.0	14,0	18,0	19,0	17,0	0,4	0,12
chrX 596434 A -> T T|synonymous_variant|YJR091C||JSN1|Member of the Puf family of RNA-binding proteins	chrX	596434	.	A	T	1991.55	T|synonymous_variant|YJR091C||JSN1|Member of the Puf family of RNA-binding proteins	.	AC=7;AF=6.506e-03;AN=1076;BaseQRankSum=2.37;DP=11504;ExcessHet=0.0000;FS=4.685;InbreedingCoeff=0.5926;MLEAC=6;MLEAF=5.576e-03;MQ=60.00;MQRankSum=0.00;QD=31.12;ReadPosRankSum=-1.360e-01;SOR=2.199;ANN=T|synonymous_variant|LOW|YJR091C|YJR091C|transcript|TRANSCRIPT_YJR091C|protein_coding|1/1|c.1605T>A|p.Val535Val|1605/3276|1605/3276|535/1091||,T|upstream_gene_variant|MODIFIER|YJR090C|YJR090C|transcript|TRANSCRIPT_YJR090C|protein_coding||c.-2405T>A|||||2405|,T|upstream_gene_variant|MODIFIER|YJR092W|YJR092W|transcript|TRANSCRIPT_YJR092W|protein_coding||c.-2003A>T|||||2003|WARNING_TRANSCRIPT_MULTIPLE_STOP_CODONS	GT:AD:DP:GQ:PL	70_0.0;1410_0.0;2640_0.6111111111111112;5150_1.0;7530_1.0;10150_1.0	1.0	15,0	21,0	7,11	0,27	0,6	0,13
chrX 603542 G -> A A|synonymous_variant|YJR093C||FIP1|Subunit of cleavage polyadenylation factor (CPF)	chrX	603542	.	G	A	3128.58	A|synonymous_variant|YJR093C||FIP1|Subunit of cleavage polyadenylation factor (CPF)	.	AC=10;AF=9.294e-03;AN=1076;DP=13158;ExcessHet=0.0000;FS=0.000;InbreedingCoeff=0.7639;MLEAC=9;MLEAF=8.364e-03;MQ=60.00;QD=34.76;SOR=0.784;ANN=A|synonymous_variant|LOW|YJR093C|YJR093C|transcript|TRANSCRIPT_YJR093C|protein_coding|1/1|c.363C>T|p.Ser121Ser|363/984|363/984|121/327||,A|upstream_gene_variant|MODIFIER|YJR094W-A|YJR094W-A|transcript|TRANSCRIPT_YJR094W-A|protein_coding||c.-4464G>A|||||4464|,A|downstream_gene_variant|MODIFIER|YJR092W|YJR092W|transcript|TRANSCRIPT_YJR092W|protein_coding||c.*763G>A|||||763|WARNING_TRANSCRIPT_MULTIPLE_STOP_CODONS,A|downstream_gene_variant|MODIFIER|YJR094C|YJR094C|transcript|TRANSCRIPT_YJR094C|protein_coding||c.*728C>T|||||728|	GT:AD:DP:GQ:PL	70_0.0;1410_1.0;2640_1.0;5150_1.0;7530_1.0;10150_1.0	1.0	19,0	0,29	0,21	0,20	0,7	0,13
chrX 608532 A -> C C|missense_variant|YJR094W-A||RPL43B|Ribosomal 60S subunit protein L43B	chrX	608532	.	A	C	3441.33	C|missense_variant|YJR094W-A||RPL43B|Ribosomal 60S subunit protein L43B	.	AC=12;AF=0.011;AN=1078;BaseQRankSum=-6.740e-01;DP=12472;ExcessHet=0.0000;FS=3.184;InbreedingCoeff=0.8429;MLEAC=10;MLEAF=9.276e-03;MQ=60.00;MQRankSum=0.00;QD=33.74;ReadPosRankSum=-5.790e-01;SOR=0.382;ANN=C|missense_variant|MODERATE|YJR094W-A|YJR094W-A|transcript|TRANSCRIPT_YJR094W-A|protein_coding|2/2|c.252A>C|p.Arg84Ser|252/279|252/279|84/92||,C|upstream_gene_variant|MODIFIER|YJR093C|YJR093C|transcript|TRANSCRIPT_YJR093C|protein_coding||c.-4628T>G|||||4628|,C|upstream_gene_variant|MODIFIER|YJR094C|YJR094C|transcript|TRANSCRIPT_YJR094C|protein_coding||c.-3180T>G|||||3180|,C|upstream_gene_variant|MODIFIER|YJR095W|YJR095W|transcript|TRANSCRIPT_YJR095W|protein_coding||c.-942A>C|||||942|,C|upstream_gene_variant|MODIFIER|YJR096W|YJR096W|transcript|TRANSCRIPT_YJR096W|protein_coding||c.-2364A>C|||||2364|,C|upstream_gene_variant|MODIFIER|YJR097W|YJR097W|transcript|TRANSCRIPT_YJR097W|protein_coding||c.-3582A>C|||||3582|,C|downstream_gene_variant|MODIFIER|YJR098C|YJR098C|transcript|TRANSCRIPT_YJR098C|protein_coding||c.*4355T>G|||||4355|	GT:AD:DP:GQ:PL	70_0.9444444444444444;1410_1.0;2640_1.0;5150_1.0;7530_1.0;10150_1.0	1.0	1,17	0,19	0,19	0,27	0,6	0,13
chrX 617495 C -> T nan	chrX	617495	.	C	T	2391.04		.	AC=9;AF=8.349e-03;AN=1078;BaseQRankSum=-4.150e-01;DP=12142;ExcessHet=0.0000;FS=0.000;InbreedingCoeff=0.6302;MLEAC=8;MLEAF=7.421e-03;MQ=60.00;MQRankSum=0.00;QD=32.75;ReadPosRankSum=-1.037e+00;SOR=0.712;ANN=T|upstream_gene_variant|MODIFIER|YJR098C|YJR098C|transcript|TRANSCRIPT_YJR098C|protein_coding||c.-2638G>A|||||2638|,T|upstream_gene_variant|MODIFIER|YJR100C|YJR100C|transcript|TRANSCRIPT_YJR100C|protein_coding||c.-460G>A|||||460|,T|upstream_gene_variant|MODIFIER|YJR101W|YJR101W|transcript|TRANSCRIPT_YJR101W|protein_coding||c.-440C>T|||||440|,T|upstream_gene_variant|MODIFIER|YJR103W|YJR103W|transcript|TRANSCRIPT_YJR103W|protein_coding||c.-2960C>T|||||2960|,T|downstream_gene_variant|MODIFIER|YJR097W|YJR097W|transcript|TRANSCRIPT_YJR097W|protein_coding||c.*4863C>T|||||4863|,T|downstream_gene_variant|MODIFIER|YJR099W|YJR099W|transcript|TRANSCRIPT_YJR099W|protein_coding||c.*1508C>T|||||1508|,T|downstream_gene_variant|MODIFIER|YJR102C|YJR102C|transcript|TRANSCRIPT_YJR102C|protein_coding||c.*1363G>A|||||1363|,T|downstream_gene_variant|MODIFIER|YJR104C|YJR104C|transcript|TRANSCRIPT_YJR104C|protein_coding||c.*4756G>A|||||4756|,T|intergenic_region|MODIFIER|YJR100C-YJR101W|YJR100C-YJR101W|intergenic_region|YJR100C-YJR101W|||n.617495C>T||||||	GT:AD:DP:GQ:PL	70_0.0;1410_0.875;2640_1.0;5150_1.0;10150_1.0	1.0	20,0	2,14	0,19	0,18	0,2	0,18
chrX 651062 G -> A nan	chrX	651062	.	G	A	1158.14		.	AC=5;AF=4.647e-03;AN=1076;BaseQRankSum=-1.426e+00;DP=11333;ExcessHet=0.0000;FS=0.000;InbreedingCoeff=0.4346;MLEAC=5;MLEAF=4.647e-03;MQ=60.00;MQRankSum=0.00;QD=24.64;ReadPosRankSum=0.221;SOR=0.593;ANN=A|upstream_gene_variant|MODIFIER|YJR119C|YJR119C|transcript|TRANSCRIPT_YJR119C|protein_coding||c.-4870C>T|||||4870|,A|upstream_gene_variant|MODIFIER|YJR123W|YJR123W|transcript|TRANSCRIPT_YJR123W|protein_coding||c.-541G>A|||||541|,A|downstream_gene_variant|MODIFIER|YJR120W|YJR120W|transcript|TRANSCRIPT_YJR120W|protein_coding||c.*3884G>A|||||3884|,A|downstream_gene_variant|MODIFIER|YJR121W|YJR121W|transcript|TRANSCRIPT_YJR121W|protein_coding||c.*2218G>A|||||2218|,A|downstream_gene_variant|MODIFIER|YJR122W|YJR122W|transcript|TRANSCRIPT_YJR122W|protein_coding||c.*91G>A|||||91|,A|downstream_gene_variant|MODIFIER|YJR124C|YJR124C|transcript|TRANSCRIPT_YJR124C|protein_coding||c.*1532C>T|||||1532|,A|downstream_gene_variant|MODIFIER|YJR125C|YJR125C|transcript|TRANSCRIPT_YJR125C|protein_coding||c.*3377C>T|||||3377|,A|downstream_gene_variant|MODIFIER|YJR126C|YJR126C|transcript|TRANSCRIPT_YJR126C|protein_coding||c.*4894C>T|||||4894|,A|intergenic_region|MODIFIER|YJR122W-YJR123W|YJR122W-YJR123W|intergenic_region|YJR122W-YJR123W|||n.651062G>A||||||	GT:AD:DP:GQ:PL	70_0.0;1410_0.0;2640_0.0;5150_0.3076923076923077;7530_1.0;10150_1.0	1.0	13,0	21,0	18,0	9,4	0,11	0,23
chrX 719728 A -> C C|missense_variant|YJR152W||DAL5|Allantoate permease	chrX	719728	.	A	C	1565.96	C|missense_variant|YJR152W||DAL5|Allantoate permease	.	AC=6;AF=5.566e-03;AN=1078;BaseQRankSum=-5.350e-01;DP=12687;ExcessHet=0.0000;FS=4.260;InbreedingCoeff=0.6472;MLEAC=5;MLEAF=4.638e-03;MQ=60.00;MQRankSum=0.00;QD=32.62;ReadPosRankSum=-7.830e-01;SOR=1.168;ANN=C|missense_variant|MODERATE|YJR152W|YJR152W|transcript|TRANSCRIPT_YJR152W|protein_coding|1/1|c.365A>C|p.Tyr122Ser|365/1632|365/1632|122/543||,C|upstream_gene_variant|MODIFIER|YJR151C|YJR151C|transcript|TRANSCRIPT_YJR151C|protein_coding||c.-4290T>G|||||4290|,C|upstream_gene_variant|MODIFIER|YJR153W|YJR153W|transcript|TRANSCRIPT_YJR153W|protein_coding||c.-2785A>C|||||2785|,C|downstream_gene_variant|MODIFIER|YJR151W-A|YJR151W-A|transcript|TRANSCRIPT_YJR151W-A|protein_coding||c.*2400A>C|||||2400|	GT:AD:DP:GQ:PL	70_0.0;1410_0.0;2640_0.0;5150_0.9655172413793104;7530_1.0;10150_1.0	1.0	15,0	22,0	21,0	1,28	0,6	0,13
chrXI 75852 C -> G G|missense_variant|YKL195W||MIA40|Import and assembly protein in mitochondrial intermembrane space	chrXI	75852	.	C	G	1265.4	G|missense_variant|YKL195W||MIA40|Import and assembly protein in mitochondrial intermembrane space	.	AC=8;AF=7.477e-03;AN=1070;DP=8389;ExcessHet=0.0000;FS=0.000;InbreedingCoeff=0.6001;MLEAC=7;MLEAF=6.542e-03;MQ=60.00;QD=33.30;SOR=1.179;ANN=G|missense_variant|MODERATE|YKL195W|YKL195W|transcript|TRANSCRIPT_YKL195W|protein_coding|1/1|c.29C>G|p.Ala10Gly|29/1212|29/1212|10/403||,G|upstream_gene_variant|MODIFIER|YKL197C|YKL197C|transcript|TRANSCRIPT_YKL197C|protein_coding||c.-1984G>C|||||1984|,G|upstream_gene_variant|MODIFIER|YKL196C|YKL196C|transcript|TRANSCRIPT_YKL196C|protein_coding||c.-315G>C|||||315|,G|downstream_gene_variant|MODIFIER|YKL194C|YKL194C|transcript|TRANSCRIPT_YKL194C|protein_coding||c.*1409G>C|||||1409|,G|downstream_gene_variant|MODIFIER|YKL193C|YKL193C|transcript|TRANSCRIPT_YKL193C|protein_coding||c.*3017G>C|||||3017|,G|downstream_gene_variant|MODIFIER|YKL192C|YKL192C|transcript|TRANSCRIPT_YKL192C|protein_coding||c.*4311G>C|||||4311|	GT:AD:DP:GQ:PL	70_0.0;1410_0.0;2640_1.0;5150_1.0;10150_1.0	1.0	16,0	16,0	0,11	0,13	0,4	0,10
chrXI 81889 G -> T T|synonymous_variant|YKL191W||DPH2|Protein required for synthesis of diphthamide	chrXI	81889	.	G	T	678.16	T|synonymous_variant|YKL191W||DPH2|Protein required for synthesis of diphthamide	.	AC=4;AF=3.724e-03;AN=1074;BaseQRankSum=-5.300e-01;DP=10473;ExcessHet=0.0000;FS=0.000;InbreedingCoeff=0.4617;MLEAC=2;MLEAF=1.862e-03;MQ=60.00;MQRankSum=0.00;QD=28.26;ReadPosRankSum=-5.470e-01;SOR=0.353;ANN=T|synonymous_variant|LOW|YKL191W|YKL191W|transcript|TRANSCRIPT_YKL191W|protein_coding|1/1|c.852G>T|p.Gly284Gly|852/1605|852/1605|284/534||,T|upstream_gene_variant|MODIFIER|YKL194C|YKL194C|transcript|TRANSCRIPT_YKL194C|protein_coding||c.-3240C>A|||||3240|,T|upstream_gene_variant|MODIFIER|YKL193C|YKL193C|transcript|TRANSCRIPT_YKL193C|protein_coding||c.-2004C>A|||||2004|,T|upstream_gene_variant|MODIFIER|YKL192C|YKL192C|transcript|TRANSCRIPT_YKL192C|protein_coding||c.-1349C>A|||||1349|,T|upstream_gene_variant|MODIFIER|YKL190W|YKL190W|transcript|TRANSCRIPT_YKL190W|protein_coding||c.-1061G>T|||||1061|,T|upstream_gene_variant|MODIFIER|YKL189W|YKL189W|transcript|TRANSCRIPT_YKL189W|protein_coding||c.-2818G>T|||||2818|,T|downstream_gene_variant|MODIFIER|YKL195W|YKL195W|transcript|TRANSCRIPT_YKL195W|protein_coding||c.*4854G>T|||||4854|,T|downstream_gene_variant|MODIFIER|YKL188C|YKL188C|transcript|TRANSCRIPT_YKL188C|protein_coding||c.*4339C>A|||||4339|	GT:AD:DP:GQ:PL	70_0.0;1410_0.0;2640_0.0;5150_0.9375;10150_1.0	1.0	14,0	11,0	19,0	1,15	1,0	0,8
chrXI 106482 G -> A A|missense_variant|YKL182W||FAS1|Beta subunit of fatty acid synthetase	chrXI	106482	.	G	A	2023.85	A|missense_variant|YKL182W||FAS1|Beta subunit of fatty acid synthetase	.	AC=6;AF=5.587e-03;AN=1074;BaseQRankSum=-4.320e-01;DP=10369;ExcessHet=0.0000;FS=3.632;InbreedingCoeff=0.5549;MLEAC=5;MLEAF=4.655e-03;MQ=60.00;MQRankSum=0.00;QD=33.73;ReadPosRankSum=0.791;SOR=0.724;ANN=A|missense_variant|MODERATE|YKL182W|YKL182W|transcript|TRANSCRIPT_YKL182W|protein_coding|1/1|c.5809G>A|p.Glu1937Lys|5809/6156|5809/6156|1937/2051||,A|upstream_gene_variant|MODIFIER|YKL181W|YKL181W|transcript|TRANSCRIPT_YKL181W|protein_coding||c.-837G>A|||||837|,A|upstream_gene_variant|MODIFIER|YKL180W|YKL180W|transcript|TRANSCRIPT_YKL180W|protein_coding||c.-2790G>A|||||2790|,A|downstream_gene_variant|MODIFIER|YKL179C|YKL179C|transcript|TRANSCRIPT_YKL179C|protein_coding||c.*3986C>T|||||3986|	GT:AD:DP:GQ:PL	70_0.0;1410_0.0;2640_0.9545454545454546;5150_1.0;10150_1.0	1.0	19,0	21,0	1,21	0,26	0,0	0,12
chrXI 174674 T -> A A|missense_variant|YKL145W||RPT1|ATPase of the 19S regulatory particle of the 26S proteasome	chrXI	174674	.	T	A	792.65	A|missense_variant|YKL145W||RPT1|ATPase of the 19S regulatory particle of the 26S proteasome	.	AC=7;AF=6.506e-03;AN=1076;BaseQRankSum=1.17;DP=11627;ExcessHet=0.0000;FS=1.242;InbreedingCoeff=0.5517;MLEAC=4;MLEAF=3.717e-03;MQ=60.00;MQRankSum=0.00;QD=18.87;ReadPosRankSum=-6.750e-01;SOR=0.679;ANN=A|missense_variant|MODERATE|YKL145W|YKL145W|transcript|TRANSCRIPT_YKL145W|protein_coding|1/1|c.465T>A|p.Phe155Leu|465/1404|465/1404|155/467||,A|upstream_gene_variant|MODIFIER|YKL148C|YKL148C|transcript|TRANSCRIPT_YKL148C|protein_coding||c.-3549A>T|||||3549|,A|upstream_gene_variant|MODIFIER|YKL147C|YKL147C|transcript|TRANSCRIPT_YKL147C|protein_coding||c.-2509A>T|||||2509|,A|upstream_gene_variant|MODIFIER|YKL145W-A|YKL145W-A|transcript|TRANSCRIPT_YKL145W-A|protein_coding||c.-281T>A|||||281|,A|upstream_gene_variant|MODIFIER|YKL143W|YKL143W|transcript|TRANSCRIPT_YKL143W|protein_coding||c.-2104T>A|||||2104|,A|upstream_gene_variant|MODIFIER|YKL142W|YKL142W|transcript|TRANSCRIPT_YKL142W|protein_coding||c.-3838T>A|||||3838|,A|downstream_gene_variant|MODIFIER|YKL146W|YKL146W|transcript|TRANSCRIPT_YKL146W|protein_coding||c.*816T>A|||||816|,A|downstream_gene_variant|MODIFIER|YKL144C|YKL144C|transcript|TRANSCRIPT_YKL144C|protein_coding||c.*1166A>T|||||1166|	GT:AD:DP:GQ:PL	70_0.0;1410_0.0;2640_0.11764705882352941;5150_0.9285714285714286;10150_1.0	1.0	12,0	18,0	15,2	1,13	0,3	0,8
chrXI 265731 GA -> G G|frameshift_variant|YKL093W||MBR1|Protein involved in mitochondrial functions and stress response	chrXI	265731	.	GA	G	725.24	G|frameshift_variant|YKL093W||MBR1|Protein involved in mitochondrial functions and stress response	.	AC=4;AF=3.717e-03;AN=1076;DP=9489;ExcessHet=0.0000;FS=0.000;InbreedingCoeff=0.4685;MLEAC=3;MLEAF=2.788e-03;MQ=60.00;QD=31.11;SOR=0.693;ANN=G|frameshift_variant|HIGH|YKL093W|YKL093W|transcript|TRANSCRIPT_YKL093W|protein_coding|1/1|c.572delA|p.Asn191fs|572/1020|572/1020|191/339||INFO_REALIGN_3_PRIME,G|downstream_gene_variant|MODIFIER|YKL096W|YKL096W|transcript|TRANSCRIPT_YKL096W|protein_coding||c.*3505delA|||||3505|,G|downstream_gene_variant|MODIFIER|YKL095W|YKL095W|transcript|TRANSCRIPT_YKL095W|protein_coding||c.*2243delA|||||2243|,G|downstream_gene_variant|MODIFIER|YKL094W|YKL094W|transcript|TRANSCRIPT_YKL094W|protein_coding||c.*1066delA|||||1066|,G|downstream_gene_variant|MODIFIER|YKL092C|YKL092C|transcript|TRANSCRIPT_YKL092C|protein_coding||c.*789delT|||||789|,G|downstream_gene_variant|MODIFIER|YKL091C|YKL091C|transcript|TRANSCRIPT_YKL091C|protein_coding||c.*4362delT|||||4362|;LOF=(YKL093W|YKL093W|1|1.00)	GT:AD:DP:GQ:PGT:PID:PL:PS	70_0.0;1410_0.0;2640_0.0;5150_0.0;10150_1.0	1.0	14,0	20,0	13,0	20,0	0,3	0,15
chrXI 265736 A -> T T|missense_variant|YKL093W||MBR1|Protein involved in mitochondrial functions and stress response	chrXI	265736	.	A	T	725.31	T|missense_variant|YKL093W||MBR1|Protein involved in mitochondrial functions and stress response	.	AC=4;AF=3.717e-03;AN=1076;DP=9519;ExcessHet=0.0000;FS=0.000;InbreedingCoeff=0.4246;MLEAC=3;MLEAF=2.788e-03;MQ=60.00;QD=34.66;SOR=0.693;ANN=T|missense_variant|MODERATE|YKL093W|YKL093W|transcript|TRANSCRIPT_YKL093W|protein_coding|1/1|c.572A>T|p.Asn191Ile|572/1020|572/1020|191/339||,T|downstream_gene_variant|MODIFIER|YKL096W|YKL096W|transcript|TRANSCRIPT_YKL096W|protein_coding||c.*3509A>T|||||3509|,T|downstream_gene_variant|MODIFIER|YKL095W|YKL095W|transcript|TRANSCRIPT_YKL095W|protein_coding||c.*2247A>T|||||2247|,T|downstream_gene_variant|MODIFIER|YKL094W|YKL094W|transcript|TRANSCRIPT_YKL094W|protein_coding||c.*1070A>T|||||1070|,T|downstream_gene_variant|MODIFIER|YKL092C|YKL092C|transcript|TRANSCRIPT_YKL092C|protein_coding||c.*785T>A|||||785|,T|downstream_gene_variant|MODIFIER|YKL091C|YKL091C|transcript|TRANSCRIPT_YKL091C|protein_coding||c.*4358T>A|||||4358|	GT:AD:DP:GQ:PGT:PID:PL:PS	70_0.0;1410_0.0;2640_0.0;5150_0.0;10150_1.0	1.0	14,0	21,0	13,0	20,0	0,3	0,15
chrXI 384306 A -> C C|missense_variant|YKL029C||MAE1|Mitochondrial malic enzyme	chrXI	384306	.	A	C	899.28	C|missense_variant|YKL029C||MAE1|Mitochondrial malic enzyme	.	AC=5;AF=4.638e-03;AN=1078;BaseQRankSum=-2.000e-01;DP=9719;ExcessHet=0.0000;FS=0.000;InbreedingCoeff=0.3833;MLEAC=4;MLEAF=3.711e-03;MQ=60.00;MQRankSum=0.00;QD=20.91;ReadPosRankSum=1.36;SOR=0.846;ANN=C|missense_variant|MODERATE|YKL029C|YKL029C|transcript|TRANSCRIPT_YKL029C|protein_coding|1/1|c.794T>G|p.Leu265Arg|794/2010|794/2010|265/669||,C|upstream_gene_variant|MODIFIER|YKL032C|YKL032C|transcript|TRANSCRIPT_YKL032C|protein_coding||c.-2074T>G|||||2074|,C|upstream_gene_variant|MODIFIER|YKL028W|YKL028W|transcript|TRANSCRIPT_YKL028W|protein_coding||c.-1826A>C|||||1826|,C|upstream_gene_variant|MODIFIER|YKL027W|YKL027W|transcript|TRANSCRIPT_YKL027W|protein_coding||c.-3630A>C|||||3630|,C|downstream_gene_variant|MODIFIER|YKL031W|YKL031W|transcript|TRANSCRIPT_YKL031W|protein_coding||c.*1447A>C|||||1447|,C|downstream_gene_variant|MODIFIER|YKL030W|YKL030W|transcript|TRANSCRIPT_YKL030W|protein_coding||c.*829A>C|||||829|	GT:AD:DP:GQ:PL	70_0.0;1410_0.0;2640_0.0;5150_0.45454545454545453;7530_1.0;10150_1.0	1.0	9,0	16,0	14,0	12,10	0,7	0,14
chrXI 411218 A -> G G|missense_variant|YKL015W||PUT3|Transcriptional activator	chrXI	411218	.	A	G	908.71	G|missense_variant|YKL015W||PUT3|Transcriptional activator	.	AC=5;AF=4.647e-03;AN=1076;BaseQRankSum=-5.860e-01;DP=11853;ExcessHet=0.0000;FS=0.000;InbreedingCoeff=0.4836;MLEAC=4;MLEAF=3.717e-03;MQ=60.00;MQRankSum=0.00;QD=28.40;ReadPosRankSum=0.607;SOR=0.616;ANN=G|missense_variant|MODERATE|YKL015W|YKL015W|transcript|TRANSCRIPT_YKL015W|protein_coding|1/1|c.2300A>G|p.Gln767Arg|2300/2941|2300/2941|767/979||WARNING_TRANSCRIPT_INCOMPLETE,G|upstream_gene_variant|MODIFIER|YKL017C|YKL017C|transcript|TRANSCRIPT_YKL017C|protein_coding||c.-3603T>C|||||3603|,G|upstream_gene_variant|MODIFIER|YKL016C|YKL016C|transcript|TRANSCRIPT_YKL016C|protein_coding||c.-2855T>C|||||2855|,G|downstream_gene_variant|MODIFIER|YKL014C|YKL014C|transcript|TRANSCRIPT_YKL014C|protein_coding||c.*778T>C|||||778|	GT:AD:DP:GQ:PL	70_0.0;1410_0.0;2640_0.0;5150_0.8125;10150_1.0	1.0	17,0	16,0	19,0	3,13	0,4	0,12
chrXI 415585 G -> A A|missense_variant|YKL014C||URB1|Protein required for the normal accumulation of 25S and 5.8S rRNAs	chrXI	415585	.	G	A	2461.29	A|missense_variant|YKL014C||URB1|Protein required for the normal accumulation of 25S and 5.8S rRNAs	.	AC=9;AF=8.364e-03;AN=1076;BaseQRankSum=0.253;DP=11445;ExcessHet=0.0000;FS=4.162;InbreedingCoeff=0.6878;MLEAC=9;MLEAF=8.364e-03;MQ=60.00;MQRankSum=0.00;QD=33.72;ReadPosRankSum=-3.850e-01;SOR=1.081;ANN=A|missense_variant|MODERATE|YKL014C|YKL014C|transcript|TRANSCRIPT_YKL014C|protein_coding|1/1|c.1706C>T|p.Thr569Ile|1706/5295|1706/5295|569/1764||,A|upstream_gene_variant|MODIFIER|YKL012W|YKL012W|transcript|TRANSCRIPT_YKL012W|protein_coding||c.-3101G>A|||||3101|,A|downstream_gene_variant|MODIFIER|YKL015W|YKL015W|transcript|TRANSCRIPT_YKL015W|protein_coding||c.*3726G>A|||||3726|WARNING_TRANSCRIPT_INCOMPLETE,A|downstream_gene_variant|MODIFIER|YKL013C|YKL013C|transcript|TRANSCRIPT_YKL013C|protein_coding||c.*2299C>T|||||2299|,A|downstream_gene_variant|MODIFIER|YKL011C|YKL011C|transcript|TRANSCRIPT_YKL011C|protein_coding||c.*4946C>T|||||4946|	GT:AD:DP:GQ:PL	70_0.0;1410_1.0;2640_1.0;5150_1.0;7530_0.9;10150_1.0	1.0	19,0	0,14	0,18	0,18	1,9	0,13
chrXI 520814 C -> T T|missense_variant|YKR042W||UTH1|Mitochondrial inner membrane protein	chrXI	520814	.	C	T	2390.47	T|missense_variant|YKR042W||UTH1|Mitochondrial inner membrane protein	.	AC=10;AF=9.294e-03;AN=1076;DP=10330;ExcessHet=0.0000;FS=0.000;InbreedingCoeff=0.6842;MLEAC=9;MLEAF=8.364e-03;MQ=60.00;QD=34.64;SOR=1.131;ANN=T|missense_variant|MODERATE|YKR042W|YKR042W|transcript|TRANSCRIPT_YKR042W|protein_coding|1/1|c.989C>T|p.Ser330Phe|989/1098|989/1098|330/365||,T|upstream_gene_variant|MODIFIER|YKR040C|YKR040C|transcript|TRANSCRIPT_YKR040C|protein_coding||c.-1949G>A|||||1949|,T|upstream_gene_variant|MODIFIER|YKR044W|YKR044W|transcript|TRANSCRIPT_YKR044W|protein_coding||c.-1500C>T|||||1500|,T|upstream_gene_variant|MODIFIER|YKR047W|YKR047W|transcript|TRANSCRIPT_YKR047W|protein_coding||c.-4742C>T|||||4742|,T|downstream_gene_variant|MODIFIER|YKR039W|YKR039W|transcript|TRANSCRIPT_YKR039W|protein_coding||c.*3641C>T|||||3641|,T|downstream_gene_variant|MODIFIER|YKR041W|YKR041W|transcript|TRANSCRIPT_YKR041W|protein_coding||c.*1565C>T|||||1565|,T|downstream_gene_variant|MODIFIER|YKR043C|YKR043C|transcript|TRANSCRIPT_YKR043C|protein_coding||c.*382G>A|||||382|,T|downstream_gene_variant|MODIFIER|YKR045C|YKR045C|transcript|TRANSCRIPT_YKR045C|protein_coding||c.*2903G>A|||||2903|,T|downstream_gene_variant|MODIFIER|YKR046C|YKR046C|transcript|TRANSCRIPT_YKR046C|protein_coding||c.*3708G>A|||||3708|,T|downstream_gene_variant|MODIFIER|YKR048C|YKR048C|transcript|TRANSCRIPT_YKR048C|protein_coding||c.*4872G>A|||||4872|	GT:AD:DP:GQ:PL	70_0.0;1410_1.0;2640_1.0;5150_1.0;7530_1.0;10150_1.0	1.0	19,0	0,10	0,24	0,17	0,6	0,12
chrXI 566159 A -> G G|synonymous_variant|YKR065C||PAM17|Constituent of the TIM23 complex	chrXI	566159	.	A	G	659.6	G|synonymous_variant|YKR065C||PAM17|Constituent of the TIM23 complex	.	AC=5;AF=4.638e-03;AN=1078;BaseQRankSum=0.293;DP=9314;ExcessHet=0.0000;FS=0.000;InbreedingCoeff=0.3995;MLEAC=4;MLEAF=3.711e-03;MQ=60.00;MQRankSum=0.00;QD=22.74;ReadPosRankSum=0.375;SOR=0.459;ANN=G|synonymous_variant|LOW|YKR065C|YKR065C|transcript|TRANSCRIPT_YKR065C|protein_coding|1/1|c.12T>C|p.Ser4Ser|12/594|12/594|4/197||,G|upstream_gene_variant|MODIFIER|YKR063C|YKR063C|transcript|TRANSCRIPT_YKR063C|protein_coding||c.-3587T>C|||||3587|,G|upstream_gene_variant|MODIFIER|YKR067W|YKR067W|transcript|TRANSCRIPT_YKR067W|protein_coding||c.-2037A>G|||||2037|,G|downstream_gene_variant|MODIFIER|YKR064W|YKR064W|transcript|TRANSCRIPT_YKR064W|protein_coding||c.*746A>G|||||746|,G|downstream_gene_variant|MODIFIER|YKR066C|YKR066C|transcript|TRANSCRIPT_YKR066C|protein_coding||c.*232T>C|||||232|,G|downstream_gene_variant|MODIFIER|YKR068C|YKR068C|transcript|TRANSCRIPT_YKR068C|protein_coding||c.*4445T>C|||||4445|	GT:AD:DP:GQ:PL	70_0.0;1410_0.0;2640_0.0;5150_0.5714285714285714;10150_1.0	1.0	14,0	16,0	14,0	6,8	0,3	0,12
chrXI 586514 G -> A A|missense_variant|YKR078W||nan|Cytoplasmic protein of unknown function	chrXI	586514	.	G	A	1046.52	A|missense_variant|YKR078W||nan|Cytoplasmic protein of unknown function	.	AC=5;AF=4.647e-03;AN=1076;BaseQRankSum=-6.820e-01;DP=11247;ExcessHet=0.0000;FS=2.691;InbreedingCoeff=0.4519;MLEAC=4;MLEAF=3.717e-03;MQ=60.00;MQRankSum=0.00;QD=29.90;ReadPosRankSum=-6.360e-01;SOR=1.336;ANN=A|missense_variant|MODERATE|YKR078W|YKR078W|transcript|TRANSCRIPT_YKR078W|protein_coding|1/1|c.976G>A|p.Asp326Asn|976/1758|976/1758|326/585||,A|upstream_gene_variant|MODIFIER|YKR080W|YKR080W|transcript|TRANSCRIPT_YKR080W|protein_coding||c.-4469G>A|||||4469|,A|downstream_gene_variant|MODIFIER|YKR076W|YKR076W|transcript|TRANSCRIPT_YKR076W|protein_coding||c.*2532G>A|||||2532|,A|downstream_gene_variant|MODIFIER|YKR077W|YKR077W|transcript|TRANSCRIPT_YKR077W|protein_coding||c.*1183G>A|||||1183|,A|downstream_gene_variant|MODIFIER|YKR079C|YKR079C|transcript|TRANSCRIPT_YKR079C|protein_coding||c.*862C>T|||||862|	GT:AD:DP:GQ:PL	70_0.0;1410_0.0;2640_0.0;5150_0.85;10150_1.0	1.0	13,0	15,0	8,0	3,17	0,2	0,13
chrXII 49357 T -> G nan	chrXII	49357	.	T	G	1588.7		.	AC=6;AF=5.597e-03;AN=1072;DP=11037;ExcessHet=0.0000;FS=0.000;InbreedingCoeff=0.5481;MLEAC=6;MLEAF=5.597e-03;MQ=60.00;QD=23.23;SOR=1.179;ANN=G|upstream_gene_variant|MODIFIER|YLL048C|YLL048C|transcript|TRANSCRIPT_YLL048C|protein_coding||c.-3087A>C|||||3087|,G|upstream_gene_variant|MODIFIER|YLL046C|YLL046C|transcript|TRANSCRIPT_YLL046C|protein_coding||c.-1889A>C|||||1889|,G|upstream_gene_variant|MODIFIER|YLL045C|YLL045C|transcript|TRANSCRIPT_YLL045C|protein_coding||c.-723A>C|||||723|,G|upstream_gene_variant|MODIFIER|YLL043W|YLL043W|transcript|TRANSCRIPT_YLL043W|protein_coding||c.-586T>G|||||586|,G|downstream_gene_variant|MODIFIER|YLL047W|YLL047W|transcript|TRANSCRIPT_YLL047W|protein_coding||c.*2297T>G|||||2297|,G|downstream_gene_variant|MODIFIER|YLL044W|YLL044W|transcript|TRANSCRIPT_YLL044W|protein_coding||c.*690T>G|||||690|,G|downstream_gene_variant|MODIFIER|YLL042C|YLL042C|transcript|TRANSCRIPT_YLL042C|protein_coding||c.*2735A>C|||||2735|,G|downstream_gene_variant|MODIFIER|YLL041C|YLL041C|transcript|TRANSCRIPT_YLL041C|protein_coding||c.*3779A>C|||||3779|,G|downstream_gene_variant|MODIFIER|YLL040C|YLL040C|transcript|TRANSCRIPT_YLL040C|protein_coding||c.*4859A>C|||||4859|,G|intergenic_region|MODIFIER|YLL044W-YLL043W|YLL044W-YLL043W|intergenic_region|YLL044W-YLL043W|||n.49357T>G||||||	GT:AD:DP:GQ:PL	70_0.0;1410_0.0;2640_1.0;5150_1.0;10150_1.0	1.0	16,0	17,0	0,12	0,19	2,0	0,12
chrXII 67686 G -> A A|synonymous_variant|YLL036C||PRP19|Splicing factor associated with the spliceosome	chrXII	67686	.	G	A	1009.06	A|synonymous_variant|YLL036C||PRP19|Splicing factor associated with the spliceosome	.	AC=5;AF=4.638e-03;AN=1078;BaseQRankSum=-1.710e-01;DP=11978;ExcessHet=0.0000;FS=0.000;InbreedingCoeff=0.5038;MLEAC=3;MLEAF=2.783e-03;MQ=60.00;MQRankSum=0.00;QD=30.58;ReadPosRankSum=-1.132e+00;SOR=0.368;ANN=A|synonymous_variant|LOW|YLL036C|YLL036C|transcript|TRANSCRIPT_YLL036C|protein_coding|1/1|c.576C>T|p.Ile192Ile|576/1512|576/1512|192/503||,A|upstream_gene_variant|MODIFIER|YLL040C|YLL040C|transcript|TRANSCRIPT_YLL040C|protein_coding||c.-4036C>T|||||4036|,A|upstream_gene_variant|MODIFIER|YLL039C|YLL039C|transcript|TRANSCRIPT_YLL039C|protein_coding||c.-2474C>T|||||2474|,A|upstream_gene_variant|MODIFIER|YLL038C|YLL038C|transcript|TRANSCRIPT_YLL038C|protein_coding||c.-1163C>T|||||1163|,A|upstream_gene_variant|MODIFIER|YLL035W|YLL035W|transcript|TRANSCRIPT_YLL035W|protein_coding||c.-899G>A|||||899|,A|downstream_gene_variant|MODIFIER|YLL037W|YLL037W|transcript|TRANSCRIPT_YLL037W|protein_coding||c.*739G>A|||||739|,A|downstream_gene_variant|MODIFIER|YLL034C|YLL034C|transcript|TRANSCRIPT_YLL034C|protein_coding||c.*2952C>T|||||2952|	GT:AD:DP:GQ:PL	70_0.0;1410_0.0;2640_0.0;5150_0.8947368421052632;7530_1.0;10150_1.0	1.0	19,0	26,0	20,0	2,17	0,5	0,9
chrXII 89598 T -> A A|missense_variant|YLL026W||HSP104|Disaggregase	chrXII	89598	.	T	A	791.21	A|missense_variant|YLL026W||HSP104|Disaggregase	.	AC=2;AF=1.859e-03;AN=1076;DP=11768;ExcessHet=0.0020;FS=0.000;InbreedingCoeff=0.4056;MLEAC=2;MLEAF=1.859e-03;MQ=60.00;QD=32.97;SOR=1.051;ANN=A|missense_variant|MODERATE|YLL026W|YLL026W|transcript|TRANSCRIPT_YLL026W|protein_coding|1/1|c.971T>A|p.Ile324Asn|971/2727|971/2727|324/908||,A|downstream_gene_variant|MODIFIER|YLL028W|YLL028W|transcript|TRANSCRIPT_YLL028W|protein_coding||c.*3029T>A|||||3029|,A|downstream_gene_variant|MODIFIER|YLL027W|YLL027W|transcript|TRANSCRIPT_YLL027W|protein_coding||c.*1438T>A|||||1438|	GT:AD:DP:GQ:PL	70_0.0;1410_0.0;2640_0.0;5150_0.0;10150_1.0	1.0	18,0	15,0	21,0	17,0	2,0	0,24
chrXII 190018 C -> G G|missense_variant|YLR024C||UBR2|Cytoplasmic ubiquitin-protein ligase (E3)	chrXII	190018	.	C	G	1128.68	G|missense_variant|YLR024C||UBR2|Cytoplasmic ubiquitin-protein ligase (E3)	.	AC=6;AF=5.576e-03;AN=1076;DP=11354;ExcessHet=0.0000;FS=0.000;InbreedingCoeff=0.6225;MLEAC=4;MLEAF=3.717e-03;MQ=60.00;QD=34.20;SOR=1.179;ANN=G|missense_variant|MODERATE|YLR024C|YLR024C|transcript|TRANSCRIPT_YLR024C|protein_coding|1/1|c.3839G>C|p.Arg1280Thr|3839/5619|3839/5619|1280/1872||,G|upstream_gene_variant|MODIFIER|YLR022C|YLR022C|transcript|TRANSCRIPT_YLR022C|protein_coding||c.-4518G>C|||||4518|,G|upstream_gene_variant|MODIFIER|YLR023C|YLR023C|transcript|TRANSCRIPT_YLR023C|protein_coding||c.-2314G>C|||||2314|	GT:AD:DP:GQ:PL	70_0.0;1410_0.0;2640_0.0;5150_1.0;10150_1.0	1.0	19,0	23,0	6,0	0,22	0,3	0,8
chrXII 278022 C -> G G|missense_variant|YLR071C||RGR1|Subunit of the RNA polymerase II mediator complex	chrXII	278022	.	C	G	2416.06	G|missense_variant|YLR071C||RGR1|Subunit of the RNA polymerase II mediator complex	.	AC=9;AF=8.364e-03;AN=1076;BaseQRankSum=-1.850e+00;DP=12314;ExcessHet=0.0000;FS=0.000;InbreedingCoeff=0.6619;MLEAC=8;MLEAF=7.435e-03;MQ=60.00;MQRankSum=0.00;QD=31.79;ReadPosRankSum=-2.490e-01;SOR=0.554;ANN=G|missense_variant|MODERATE|YLR071C|YLR071C|transcript|TRANSCRIPT_YLR071C|protein_coding|1/1|c.1174G>C|p.Gly392Arg|1174/3249|1174/3249|392/1082||,G|upstream_gene_variant|MODIFIER|YLR069C|YLR069C|transcript|TRANSCRIPT_YLR069C|protein_coding||c.-3538G>C|||||3538|,G|upstream_gene_variant|MODIFIER|YLR070C|YLR070C|transcript|TRANSCRIPT_YLR070C|protein_coding||c.-2242G>C|||||2242|,G|upstream_gene_variant|MODIFIER|YLR072W|YLR072W|transcript|TRANSCRIPT_YLR072W|protein_coding||c.-1409C>G|||||1409|,G|downstream_gene_variant|MODIFIER|YLR073C|YLR073C|transcript|TRANSCRIPT_YLR073C|protein_coding||c.*3566G>C|||||3566|,G|downstream_gene_variant|MODIFIER|YLR074C|YLR074C|transcript|TRANSCRIPT_YLR074C|protein_coding||c.*4503G>C|||||4503|	GT:AD:DP:GQ:PGT:PID:PL:PS	70_0.0;1410_0.7619047619047619;2640_1.0;5150_1.0;10150_1.0	1.0	15,0	5,16	0,26	0,16	0,2	0,11
chrXII 286357 G -> A A|missense_variant|YLR078C||BOS1|v-SNARE (vesicle specific SNAP receptor)	chrXII	286357	.	G	A	467.74	A|missense_variant|YLR078C||BOS1|v-SNARE (vesicle specific SNAP receptor)	.	AC=4;AF=3.724e-03;AN=1074;DP=12434;ExcessHet=0.0000;FS=0.000;InbreedingCoeff=0.5855;MLEAC=3;MLEAF=2.793e-03;MQ=60.00;QD=27.51;SOR=2.179;ANN=A|missense_variant|MODERATE|YLR078C|YLR078C|transcript|TRANSCRIPT_YLR078C|protein_coding|2/2|c.683C>T|p.Ala228Val|683/735|683/735|228/244||,A|upstream_gene_variant|MODIFIER|YLR073C|YLR073C|transcript|TRANSCRIPT_YLR073C|protein_coding||c.-4167C>T|||||4167|,A|upstream_gene_variant|MODIFIER|YLR074C|YLR074C|transcript|TRANSCRIPT_YLR074C|protein_coding||c.-3332C>T|||||3332|,A|upstream_gene_variant|MODIFIER|YLR076C|YLR076C|transcript|TRANSCRIPT_YLR076C|protein_coding||c.-2181C>T|||||2181|,A|upstream_gene_variant|MODIFIER|YLR079W|YLR079W|transcript|TRANSCRIPT_YLR079W|protein_coding||c.-1032G>A|||||1032|,A|upstream_gene_variant|MODIFIER|YLR080W|YLR080W|transcript|TRANSCRIPT_YLR080W|protein_coding||c.-2128G>A|||||2128|,A|upstream_gene_variant|MODIFIER|YLR081W|YLR081W|transcript|TRANSCRIPT_YLR081W|protein_coding||c.-4427G>A|||||4427|,A|downstream_gene_variant|MODIFIER|YLR072W|YLR072W|transcript|TRANSCRIPT_YLR072W|protein_coding||c.*4845G>A|||||4845|,A|downstream_gene_variant|MODIFIER|YLR075W|YLR075W|transcript|TRANSCRIPT_YLR075W|protein_coding||c.*2196G>A|||||2196|,A|downstream_gene_variant|MODIFIER|YLR077W|YLR077W|transcript|TRANSCRIPT_YLR077W|protein_coding||c.*165G>A|||||165|	GT:AD:DP:GQ:PL	70_0.0;1410_0.0;2640_0.0;5150_0.0;7530_1.0;10150_1.0	1.0	19,0	12,0	15,0	25,0	0,8	0,9
chrXII 368499 C -> T T|synonymous_variant|YLR108C||nan|Protein of unknown function	chrXII	368499	.	C	T	584.47	T|synonymous_variant|YLR108C||nan|Protein of unknown function	.	AC=4;AF=3.717e-03;AN=1076;DP=10852;ExcessHet=0.0000;FS=0.000;InbreedingCoeff=0.5226;MLEAC=3;MLEAF=2.788e-03;MQ=60.00;QD=32.47;SOR=1.493;ANN=T|synonymous_variant|LOW|YLR108C|YLR108C|transcript|TRANSCRIPT_YLR108C|protein_coding|1/1|c.189G>A|p.Thr63Thr|189/1458|189/1458|63/485||,T|upstream_gene_variant|MODIFIER|YLR106C|YLR106C|transcript|TRANSCRIPT_YLR106C|protein_coding||c.-4198G>A|||||4198|,T|upstream_gene_variant|MODIFIER|YLR109W|YLR109W|transcript|TRANSCRIPT_YLR109W|protein_coding||c.-845C>T|||||845|,T|upstream_gene_variant|MODIFIER|YLR111W|YLR111W|transcript|TRANSCRIPT_YLR111W|protein_coding||c.-2455C>T|||||2455|,T|upstream_gene_variant|MODIFIER|YLR112W|YLR112W|transcript|TRANSCRIPT_YLR112W|protein_coding||c.-2855C>T|||||2855|,T|upstream_gene_variant|MODIFIER|YLR113W|YLR113W|transcript|TRANSCRIPT_YLR113W|protein_coding||c.-3684C>T|||||3684|,T|downstream_gene_variant|MODIFIER|YLR107W|YLR107W|transcript|TRANSCRIPT_YLR107W|protein_coding||c.*2606C>T|||||2606|,T|downstream_gene_variant|MODIFIER|YLR110C|YLR110C|transcript|TRANSCRIPT_YLR110C|protein_coding||c.*1761G>A|||||1761|	GT:AD:DP:GQ:PL	70_0.0;1410_0.0;2640_0.0;5150_0.0;7530_1.0;10150_1.0	1.0	13,0	16,0	14,0	20,0	0,5	0,13
chrXII 586209 T -> TA nan	chrXII	586209	.	T	TA	668.29		.	AC=6;AF=5.597e-03;AN=1072;BaseQRankSum=-9.050e-01;DP=11731;ExcessHet=0.0001;FS=2.392;InbreedingCoeff=0.5194;MLEAC=5;MLEAF=4.664e-03;MQ=60.00;MQRankSum=0.00;QD=17.14;ReadPosRankSum=-5.860e-01;SOR=0.498;ANN=TA|upstream_gene_variant|MODIFIER|YLR222C|YLR222C|transcript|TRANSCRIPT_YLR222C|protein_coding||c.-3876_-3875insT|||||3876|,TA|upstream_gene_variant|MODIFIER|YLR222C-A|YLR222C-A|transcript|TRANSCRIPT_YLR222C-A|protein_coding||c.-3411_-3410insT|||||3411|,TA|upstream_gene_variant|MODIFIER|YLR223C|YLR223C|transcript|TRANSCRIPT_YLR223C|protein_coding||c.-157_-156insT|||||157|,TA|upstream_gene_variant|MODIFIER|YLR224W|YLR224W|transcript|TRANSCRIPT_YLR224W|protein_coding||c.-818_-817insA|||||817|,TA|upstream_gene_variant|MODIFIER|YLR226W|YLR226W|transcript|TRANSCRIPT_YLR226W|protein_coding||c.-3708_-3707insA|||||3707|,TA|downstream_gene_variant|MODIFIER|YLR225C|YLR225C|transcript|TRANSCRIPT_YLR225C|protein_coding||c.*2048_*2049insT|||||2048|,TA|downstream_gene_variant|MODIFIER|YLR227C|YLR227C|transcript|TRANSCRIPT_YLR227C|protein_coding||c.*4915_*4916insT|||||4915|,TA|intergenic_region|MODIFIER|YLR223C-YLR224W|YLR223C-YLR224W|intergenic_region|YLR223C-YLR224W|||n.586209_586210insA||||||	GT:AD:DP:GQ:PL	70_0.0;1410_0.0;2640_0.0;5150_0.6842105263157895;10150_1.0	0.84375	25,0	17,0	21,0	6,13	0,3	0,11
chrXII 646478 C -> T T|synonymous_variant|YLR255C||nan|Putative protein of unknown function	chrXII	646478	.	C	T	654.7	T|synonymous_variant|YLR255C||nan|Putative protein of unknown function	.	AC=5;AF=4.647e-03;AN=1076;BaseQRankSum=-6.410e-01;DP=8259;ExcessHet=0.0000;FS=0.000;InbreedingCoeff=0.3255;MLEAC=3;MLEAF=2.788e-03;MQ=60.00;MQRankSum=0.00;QD=25.18;ReadPosRankSum=0.779;SOR=0.420;ANN=T|synonymous_variant|LOW|YLR255C|YLR255C|transcript|TRANSCRIPT_YLR255C|protein_coding|1/1|c.72G>A|p.Gly24Gly|72/364|72/364|24/120||WARNING_TRANSCRIPT_INCOMPLETE,T|upstream_gene_variant|MODIFIER|YLR254C|YLR254C|transcript|TRANSCRIPT_YLR254C|protein_coding||c.-918G>A|||||918|,T|upstream_gene_variant|MODIFIER|YLR256W|YLR256W|transcript|TRANSCRIPT_YLR256W|protein_coding||c.-536C>T|||||536|,T|downstream_gene_variant|MODIFIER|YLR250W|YLR250W|transcript|TRANSCRIPT_YLR250W|protein_coding||c.*4871C>T|||||4871|,T|downstream_gene_variant|MODIFIER|YLR251W|YLR251W|transcript|TRANSCRIPT_YLR251W|protein_coding||c.*3835C>T|||||3835|,T|downstream_gene_variant|MODIFIER|YLR252W|YLR252W|transcript|TRANSCRIPT_YLR252W|protein_coding||c.*3630C>T|||||3630|,T|downstream_gene_variant|MODIFIER|YLR253W|YLR253W|transcript|TRANSCRIPT_YLR253W|protein_coding||c.*1556C>T|||||1556|	GT:AD:DP:GQ:PL	70_0.0;1410_0.0;2640_0.0;5150_0.7857142857142857;10150_1.0	1.0	15,0	15,0	6,0	3,11	0,4	0,8
chrXII 665581 A -> C C|missense_variant|YLR259C||HSP60|Tetradecameric mitochondrial chaperonin	chrXII	665581	.	A	C	1135.39	C|missense_variant|YLR259C||HSP60|Tetradecameric mitochondrial chaperonin	.	AC=4;AF=3.724e-03;AN=1074;DP=11564;ExcessHet=0.0000;FS=0.000;InbreedingCoeff=0.6350;MLEAC=4;MLEAF=3.724e-03;MQ=60.00;QD=33.39;SOR=0.941;ANN=C|missense_variant|MODERATE|YLR259C|YLR259C|transcript|TRANSCRIPT_YLR259C|protein_coding|1/1|c.20T>G|p.Val7Gly|20/1719|20/1719|7/572||,C|upstream_gene_variant|MODIFIER|YLR260W|YLR260W|transcript|TRANSCRIPT_YLR260W|protein_coding||c.-861A>C|||||861|,C|downstream_gene_variant|MODIFIER|YLR258W|YLR258W|transcript|TRANSCRIPT_YLR258W|protein_coding||c.*2150A>C|||||2150|,C|downstream_gene_variant|MODIFIER|YLR261C|YLR261C|transcript|TRANSCRIPT_YLR261C|protein_coding||c.*3201T>G|||||3201|,C|downstream_gene_variant|MODIFIER|YLR262C|YLR262C|transcript|TRANSCRIPT_YLR262C|protein_coding||c.*3208T>G|||||3208|,C|downstream_gene_variant|MODIFIER|YLR262C-A|YLR262C-A|transcript|TRANSCRIPT_YLR262C-A|protein_coding||c.*4432T>G|||||4432|	GT:AD:DP:GQ:PL	70_0.0;1410_0.0;2640_0.0;5150_1.0;10150_1.0	1.0	15,0	31,0	20,0	0,20	1,0	0,14
chrXII 670425 G -> A nan	chrXII	670425	.	G	A	741.88		.	AC=5;AF=4.664e-03;AN=1072;BaseQRankSum=-4.890e-01;DP=8791;ExcessHet=0.0000;FS=0.000;InbreedingCoeff=0.4310;MLEAC=4;MLEAF=3.731e-03;MQ=60.00;MQRankSum=0.00;QD=30.91;ReadPosRankSum=-4.890e-01;SOR=0.976;ANN=A|upstream_gene_variant|MODIFIER|YLR259C|YLR259C|transcript|TRANSCRIPT_YLR259C|protein_coding||c.-4825C>T|||||4825|,A|upstream_gene_variant|MODIFIER|YLR261C|YLR261C|transcript|TRANSCRIPT_YLR261C|protein_coding||c.-1317C>T|||||1317|,A|upstream_gene_variant|MODIFIER|YLR262C|YLR262C|transcript|TRANSCRIPT_YLR262C|protein_coding||c.-989C>T|||||989|,A|upstream_gene_variant|MODIFIER|YLR262C-A|YLR262C-A|transcript|TRANSCRIPT_YLR262C-A|protein_coding||c.-218C>T|||||218|,A|upstream_gene_variant|MODIFIER|YLR263W|YLR263W|transcript|TRANSCRIPT_YLR263W|protein_coding||c.-455G>A|||||455|,A|upstream_gene_variant|MODIFIER|YLR264W|YLR264W|transcript|TRANSCRIPT_YLR264W|protein_coding||c.-3244G>A|||||3244|,A|downstream_gene_variant|MODIFIER|YLR260W|YLR260W|transcript|TRANSCRIPT_YLR260W|protein_coding||c.*1974G>A|||||1974|,A|downstream_gene_variant|MODIFIER|YLR264C-A|YLR264C-A|transcript|TRANSCRIPT_YLR264C-A|protein_coding||c.*3940C>T|||||3940|,A|downstream_gene_variant|MODIFIER|YLR265C|YLR265C|transcript|TRANSCRIPT_YLR265C|protein_coding||c.*4539C>T|||||4539|,A|intergenic_region|MODIFIER|YLR262C-A-YLR263W|YLR262C-A-YLR263W|intergenic_region|YLR262C-A-YLR263W|||n.670425G>A||||||	GT:AD:DP:GQ:PL	70_0.0;1410_0.0;2640_0.0;5150_0.875;10150_1.0	1.0	10,0	9,0	19,0	1,7	0,3	0,13
chrXII 704302 G -> T T|missense_variant|YLR278C||nan|Zinc-cluster protein	chrXII	704302	.	G	T	1794.62	T|missense_variant|YLR278C||nan|Zinc-cluster protein	.	AC=8;AF=7.463e-03;AN=1072;DP=10914;ExcessHet=0.0000;FS=0.000;InbreedingCoeff=0.6783;MLEAC=7;MLEAF=6.530e-03;MQ=60.00;QD=33.23;SOR=0.767;ANN=T|missense_variant|MODERATE|YLR278C|YLR278C|transcript|TRANSCRIPT_YLR278C|protein_coding|1/1|c.260C>A|p.Thr87Asn|260/4026|260/4026|87/1341||,T|upstream_gene_variant|MODIFIER|YLR277C|YLR277C|transcript|TRANSCRIPT_YLR277C|protein_coding||c.-4270C>A|||||4270|,T|upstream_gene_variant|MODIFIER|YLR279W|YLR279W|transcript|TRANSCRIPT_YLR279W|protein_coding||c.-544G>T|||||544|,T|upstream_gene_variant|MODIFIER|YLR283W|YLR283W|transcript|TRANSCRIPT_YLR283W|protein_coding||c.-1421G>T|||||1421|,T|upstream_gene_variant|MODIFIER|YLR285W|YLR285W|transcript|TRANSCRIPT_YLR285W|protein_coding||c.-3595G>T|||||3595|,T|upstream_gene_variant|MODIFIER|YLR286W-A|YLR286W-A|transcript|TRANSCRIPT_YLR286W-A|protein_coding||c.-4797G>T|||||4797|,T|downstream_gene_variant|MODIFIER|YLR280C|YLR280C|transcript|TRANSCRIPT_YLR280C|protein_coding||c.*718C>A|||||718|,T|downstream_gene_variant|MODIFIER|YLR281C|YLR281C|transcript|TRANSCRIPT_YLR281C|protein_coding||c.*728C>A|||||728|,T|downstream_gene_variant|MODIFIER|YLR282C|YLR282C|transcript|TRANSCRIPT_YLR282C|protein_coding||c.*1306C>A|||||1306|,T|downstream_gene_variant|MODIFIER|YLR284C|YLR284C|transcript|TRANSCRIPT_YLR284C|protein_coding||c.*2433C>A|||||2433|,T|downstream_gene_variant|MODIFIER|YLR285C-A|YLR285C-A|transcript|TRANSCRIPT_YLR285C-A|protein_coding||c.*4403C>A|||||4403|,T|downstream_gene_variant|MODIFIER|YLR286C|YLR286C|transcript|TRANSCRIPT_YLR286C|protein_coding||c.*4683C>A|||||4683|	GT:AD:DP:GQ:PL	70_0.0;1410_0.0;2640_1.0;5150_1.0;10150_1.0	1.0	12,0	14,0	0,24	0,14	0,2	0,14
chrXII 735301 C -> A nan	chrXII	735301	.	C	A	2552.21		.	AC=9;AF=8.349e-03;AN=1078;BaseQRankSum=-6.630e-01;DP=12209;ExcessHet=0.0000;FS=0.000;InbreedingCoeff=0.7066;MLEAC=8;MLEAF=7.421e-03;MQ=60.00;MQRankSum=0.00;QD=33.58;ReadPosRankSum=0.210;SOR=0.992;ANN=A|upstream_gene_variant|MODIFIER|YLR302C|YLR302C|transcript|TRANSCRIPT_YLR302C|protein_coding||c.-2211G>T|||||2211|,A|downstream_gene_variant|MODIFIER|YLR300W|YLR300W|transcript|TRANSCRIPT_YLR300W|protein_coding||c.*4463C>A|||||4463|,A|downstream_gene_variant|MODIFIER|YLR301W|YLR301W|transcript|TRANSCRIPT_YLR301W|protein_coding||c.*3205C>A|||||3205|,A|downstream_gene_variant|MODIFIER|YLR303W|YLR303W|transcript|TRANSCRIPT_YLR303W|protein_coding||c.*888C>A|||||888|,A|downstream_gene_variant|MODIFIER|YLR304C|YLR304C|transcript|TRANSCRIPT_YLR304C|protein_coding||c.*448G>T|||||448|,A|downstream_gene_variant|MODIFIER|YLR305C|YLR305C|transcript|TRANSCRIPT_YLR305C|protein_coding||c.*3397G>T|||||3397|,A|intergenic_region|MODIFIER|YLR303W-YLR304C|YLR303W-YLR304C|intergenic_region|YLR303W-YLR304C|||n.735301C>A||||||	GT:AD:DP:GQ:PL	70_0.0;1410_0.9166666666666666;2640_1.0;5150_1.0;10150_1.0	1.0	9,0	2,22	0,24	0,13	0,4	0,11
chrXII 758205 C -> T T|missense_variant|YLR312C||ATG39|Autophagy receptor with a role in degradation of the ER and nucleus;T|upstream_gene_variant|YLR311C|56|nan|Dubious open reading frame	chrXII	758205	.	C	T	336.74	T|missense_variant|YLR312C||ATG39|Autophagy receptor with a role in degradation of the ER and nucleus;T|upstream_gene_variant|YLR311C|56|nan|Dubious open reading frame	.	AC=5;AF=4.664e-03;AN=1072;BaseQRankSum=-2.200e+00;DP=9956;ExcessHet=0.0000;FS=1.202;InbreedingCoeff=0.0023;MLEAC=4;MLEAF=3.731e-03;MQ=60.00;MQRankSum=0.00;QD=14.64;ReadPosRankSum=-8.600e-02;SOR=0.434;ANN=T|missense_variant|MODERATE|YLR312C|YLR312C|transcript|TRANSCRIPT_YLR312C|protein_coding|1/1|c.1166G>A|p.Arg389Lys|1166/1197|1166/1197|389/398||,T|upstream_gene_variant|MODIFIER|YLR310C|YLR310C|transcript|TRANSCRIPT_YLR310C|protein_coding||c.-675G>A|||||675|,T|upstream_gene_variant|MODIFIER|YLR311C|YLR311C|transcript|TRANSCRIPT_YLR311C|protein_coding||c.-56G>A|||||56|,T|upstream_gene_variant|MODIFIER|YLR312W-A|YLR312W-A|transcript|TRANSCRIPT_YLR312W-A|protein_coding||c.-1812C>T|||||1812|,T|downstream_gene_variant|MODIFIER|YLR313C|YLR313C|transcript|TRANSCRIPT_YLR313C|protein_coding||c.*3082G>A|||||3082|,T|downstream_gene_variant|MODIFIER|YLR314C|YLR314C|transcript|TRANSCRIPT_YLR314C|protein_coding||c.*4907G>A|||||4907|	GT:AD:DP:GQ:PL	70_0.0;1410_0.0;2640_0.0;5150_0.21428571428571427;10150_1.0	1.0	11,0	19,0	16,0	11,3	0,4	0,5
chrXII 772599 A -> C C|missense_variant|YLR320W||MMS22|Subunit of E3 ubiquitin ligase complex involved in replication repair	chrXII	772599	.	A	C	1760.35	C|missense_variant|YLR320W||MMS22|Subunit of E3 ubiquitin ligase complex involved in replication repair	.	AC=5;AF=4.655e-03;AN=1074;BaseQRankSum=1.23;DP=10667;ExcessHet=0.0000;FS=2.075;InbreedingCoeff=0.4668;MLEAC=5;MLEAF=4.655e-03;MQ=60.00;MQRankSum=0.00;QD=31.43;ReadPosRankSum=0.568;SOR=0.290;ANN=C|missense_variant|MODERATE|YLR320W|YLR320W|transcript|TRANSCRIPT_YLR320W|protein_coding|1/1|c.123A>C|p.Gln41His|123/4365|123/4365|41/1454||,C|upstream_gene_variant|MODIFIER|YLR319C|YLR319C|transcript|TRANSCRIPT_YLR319C|protein_coding||c.-378T>G|||||378|,C|downstream_gene_variant|MODIFIER|YLR318W|YLR318W|transcript|TRANSCRIPT_YLR318W|protein_coding||c.*2866A>C|||||2866|,C|downstream_gene_variant|MODIFIER|YLR321C|YLR321C|transcript|TRANSCRIPT_YLR321C|protein_coding||c.*4522T>G|||||4522|	GT:AD:DP:GQ:PL	70_0.0;1410_0.0;2640_0.8260869565217391;5150_1.0;10150_1.0	1.0	13,0	18,0	4,19	0,23	0,0	0,10
chrXII 854938 G -> A nan	chrXII	854938	.	G	A	1804.06		.	AC=8;AF=7.421e-03;AN=1078;DP=11137;ExcessHet=0.0000;FS=0.000;InbreedingCoeff=0.6118;MLEAC=7;MLEAF=6.494e-03;MQ=60.00;QD=33.41;SOR=2.303;ANN=A|upstream_gene_variant|MODIFIER|YLR361C-A|YLR361C-A|transcript|TRANSCRIPT_YLR361C-A|protein_coding||c.-4721C>T|||||4721|,A|upstream_gene_variant|MODIFIER|YLR363C|YLR363C|transcript|TRANSCRIPT_YLR363C|protein_coding||c.-1249C>T|||||1249|,A|upstream_gene_variant|MODIFIER|YLR365W|YLR365W|transcript|TRANSCRIPT_YLR365W|protein_coding||c.-799G>A|||||799|,A|upstream_gene_variant|MODIFIER|YLR366W|YLR366W|transcript|TRANSCRIPT_YLR366W|protein_coding||c.-1138G>A|||||1138|,A|upstream_gene_variant|MODIFIER|YLR367W|YLR367W|transcript|TRANSCRIPT_YLR367W|protein_coding||c.-2042G>A|||||2042|,A|upstream_gene_variant|MODIFIER|YLR368W|YLR368W|transcript|TRANSCRIPT_YLR368W|protein_coding||c.-3140G>A|||||3140|,A|downstream_gene_variant|MODIFIER|YLR362W|YLR362W|transcript|TRANSCRIPT_YLR362W|protein_coding||c.*2381G>A|||||2381|,A|downstream_gene_variant|MODIFIER|YLR363W-A|YLR363W-A|transcript|TRANSCRIPT_YLR363W-A|protein_coding||c.*682G>A|||||682|,A|downstream_gene_variant|MODIFIER|YLR364W|YLR364W|transcript|TRANSCRIPT_YLR364W|protein_coding||c.*9G>A|||||9|,A|downstream_gene_variant|MODIFIER|YLR364C-A|YLR364C-A|transcript|TRANSCRIPT_YLR364C-A|protein_coding||c.*1123C>T|||||1123|,A|intergenic_region|MODIFIER|YLR364W-YLR365W|YLR364W-YLR365W|intergenic_region|YLR364W-YLR365W|||n.854938G>A||||||	GT:AD:DP:GQ:PL	70_0.0;1410_0.0;2640_1.0;5150_1.0;7530_1.0;10150_1.0	1.0	11,0	13,0	0,17	0,23	0,6	0,8
chrXII 940263 G -> C C|missense_variant|YLR410W||VIP1|Bifunctional inositol pyrophosphate kinase and phosphatase	chrXII	940263	.	G	C	868.76	C|missense_variant|YLR410W||VIP1|Bifunctional inositol pyrophosphate kinase and phosphatase	.	AC=5;AF=4.673e-03;AN=1070;BaseQRankSum=0.355;DP=9736;ExcessHet=0.0000;FS=0.000;InbreedingCoeff=0.4757;MLEAC=4;MLEAF=3.738e-03;MQ=60.00;MQRankSum=0.00;QD=26.33;ReadPosRankSum=0.405;SOR=0.804;ANN=C|missense_variant|MODERATE|YLR410W|YLR410W|transcript|TRANSCRIPT_YLR410W|protein_coding|1/1|c.2185G>C|p.Asp729His|2185/3441|2185/3441|729/1146||,C|upstream_gene_variant|MODIFIER|YLR409C|YLR409C|transcript|TRANSCRIPT_YLR409C|protein_coding||c.-2492C>G|||||2492|,C|upstream_gene_variant|MODIFIER|CDS_XII_942021_943337|GENE_CDS_XII_942021_943337|transcript|YLR410W-A|protein_coding||c.-1758G>C|||||1758|,C|upstream_gene_variant|MODIFIER|CDS_XII_942021_943313|GENE_CDS_XII_942021_943313|transcript|YLR410W-B|protein_coding||c.-1758G>C|||||1758|	GT:AD:DP:GQ:PL	70_0.0;1410_0.0;2640_0.0;5150_0.8125;10150_1.0	1.0	16,0	17,0	14,0	3,13	0,2	0,15
chrXII 950982 G -> T T|stop_gained|YLR412C-A||nan|Putative protein of unknown function	chrXII	950982	.	G	T	1261.68	T|stop_gained|YLR412C-A||nan|Putative protein of unknown function	.	AC=5;AF=4.647e-03;AN=1076;BaseQRankSum=0.748;DP=11818;ExcessHet=0.0000;FS=6.145;InbreedingCoeff=0.4961;MLEAC=4;MLEAF=3.717e-03;MQ=60.00;MQRankSum=0.00;QD=32.35;ReadPosRankSum=1.34;SOR=3.855;ANN=T|stop_gained|HIGH|YLR412C-A|YLR412C-A|transcript|TRANSCRIPT_YLR412C-A|protein_coding|1/1|c.30C>A|p.Tyr10*|30/207|30/207|10/68||,T|upstream_gene_variant|MODIFIER|YLR413W|YLR413W|transcript|TRANSCRIPT_YLR413W|protein_coding||c.-712G>T|||||712|,T|upstream_gene_variant|MODIFIER|YLR417W|YLR417W|transcript|TRANSCRIPT_YLR417W|protein_coding||c.-4566G>T|||||4566|,T|downstream_gene_variant|MODIFIER|CDS_XII_942021_943313|GENE_CDS_XII_942021_943313|transcript|YLR410W-B|protein_coding||c.*3648G>T|||||3648|,T|downstream_gene_variant|MODIFIER|YLR411W|YLR411W|transcript|TRANSCRIPT_YLR411W|protein_coding||c.*2466G>T|||||2466|,T|downstream_gene_variant|MODIFIER|YLR412W|YLR412W|transcript|TRANSCRIPT_YLR412W|protein_coding||c.*1252G>T|||||1252|,T|downstream_gene_variant|MODIFIER|YLR414C|YLR414C|transcript|TRANSCRIPT_YLR414C|protein_coding||c.*2909C>A|||||2909|,T|downstream_gene_variant|MODIFIER|YLR415C|YLR415C|transcript|TRANSCRIPT_YLR415C|protein_coding||c.*3815C>A|||||3815|,T|downstream_gene_variant|MODIFIER|YLR416C|YLR416C|transcript|TRANSCRIPT_YLR416C|protein_coding||c.*4047C>A|||||4047|	GT:AD:DP:GQ:PL	70_0.0;1410_0.0;2640_0.0;5150_0.9;10150_1.0	1.0	21,0	24,0	17,0	2,18	0,4	0,15
chrXII 987609 G -> C C|missense_variant|YLR426W||TDA5|Putative protein of unknown function	chrXII	987609	.	G	C	519.25	C|missense_variant|YLR426W||TDA5|Putative protein of unknown function	.	AC=4;AF=3.711e-03;AN=1078;DP=11770;ExcessHet=0.0000;FS=0.000;InbreedingCoeff=0.5251;MLEAC=3;MLEAF=2.783e-03;MQ=60.00;QD=32.45;SOR=0.941;ANN=C|missense_variant|MODERATE|YLR426W|YLR426W|transcript|TRANSCRIPT_YLR426W|protein_coding|1/2|c.10G>C|p.Asp4His|10/981|10/981|4/326||,C|upstream_gene_variant|MODIFIER|YLR427W|YLR427W|transcript|TRANSCRIPT_YLR427W|protein_coding||c.-1357G>C|||||1357|,C|upstream_gene_variant|MODIFIER|YLR429W|YLR429W|transcript|TRANSCRIPT_YLR429W|protein_coding||c.-3706G>C|||||3706|,C|downstream_gene_variant|MODIFIER|YLR425W|YLR425W|transcript|TRANSCRIPT_YLR425W|protein_coding||c.*254G>C|||||254|,C|downstream_gene_variant|MODIFIER|YLR428C|YLR428C|transcript|TRANSCRIPT_YLR428C|protein_coding||c.*3546C>G|||||3546|	GT:AD:DP:GQ:PL	70_0.0;1410_0.0;2640_0.0;5150_0.0;10150_1.0	1.0	11,0	19,0	13,0	17,0	0,4	0,12
chrXII 1042617 C -> A A|missense_variant|YLR453C||RIF2|Protein that binds to the Rap1p C-terminus	chrXII	1042617	.	C	A	2303.62	A|missense_variant|YLR453C||RIF2|Protein that binds to the Rap1p C-terminus	.	AC=7;AF=6.494e-03;AN=1078;BaseQRankSum=-3.340e-01;DP=12111;ExcessHet=0.0000;FS=2.254;InbreedingCoeff=0.5683;MLEAC=6;MLEAF=5.566e-03;MQ=60.00;MQRankSum=0.00;QD=31.13;ReadPosRankSum=-4.660e-01;SOR=0.425;ANN=A|missense_variant|MODERATE|YLR453C|YLR453C|transcript|TRANSCRIPT_YLR453C|protein_coding|1/1|c.908G>T|p.Ser303Ile|908/1188|908/1188|303/395||,A|upstream_gene_variant|MODIFIER|YLR452C|YLR452C|transcript|TRANSCRIPT_YLR452C|protein_coding||c.-713G>T|||||713|,A|upstream_gene_variant|MODIFIER|YLR454W|YLR454W|transcript|TRANSCRIPT_YLR454W|protein_coding||c.-1919C>A|||||1919|,A|downstream_gene_variant|MODIFIER|YLR451W|YLR451W|transcript|TRANSCRIPT_YLR451W|protein_coding||c.*3326C>A|||||3326|	GT:AD:DP:GQ:PGT:PID:PL:PS	70_0.0;1410_0.0;2640_0.8846153846153846;5150_1.0;7530_1.0;10150_1.0	1.0	16,0	19,0	3,23	0,27	0,7	0,14
chrXII 1043667 A -> C nan	chrXII	1043667	.	A	C	2759.83		.	AC=9;AF=8.380e-03;AN=1074;BaseQRankSum=1.88;DP=12905;ExcessHet=0.0000;FS=0.000;InbreedingCoeff=0.6852;MLEAC=8;MLEAF=7.449e-03;MQ=60.00;MQRankSum=0.00;QD=30.00;ReadPosRankSum=1.53;SOR=0.560;ANN=C|upstream_gene_variant|MODIFIER|YLR452C|YLR452C|transcript|TRANSCRIPT_YLR452C|protein_coding||c.-1763T>G|||||1763|,C|upstream_gene_variant|MODIFIER|YLR453C|YLR453C|transcript|TRANSCRIPT_YLR453C|protein_coding||c.-143T>G|||||143|,C|upstream_gene_variant|MODIFIER|YLR454W|YLR454W|transcript|TRANSCRIPT_YLR454W|protein_coding||c.-869A>C|||||869|,C|downstream_gene_variant|MODIFIER|YLR451W|YLR451W|transcript|TRANSCRIPT_YLR451W|protein_coding||c.*4376A>C|||||4376|,C|intergenic_region|MODIFIER|YLR453C-YLR454W|YLR453C-YLR454W|intergenic_region|YLR453C-YLR454W|||n.1043667A>C||||||	GT:AD:DP:GQ:PL	70_0.0;1410_0.782608695652174;2640_1.0;5150_0.9583333333333334;7530_1.0;10150_1.0	1.0	25,0	5,18	0,20	1,23	0,6	0,19
chrXIII 58752 T -> G G|upstream_gene_variant|YML105C|17|SEC65|Subunit of the signal recognition particle (SRP)	chrXIII	58752	.	T	G	1475.66	G|upstream_gene_variant|YML105C|17|SEC65|Subunit of the signal recognition particle (SRP)	.	AC=7;AF=6.494e-03;AN=1078;BaseQRankSum=1.06;DP=11761;ExcessHet=0.0000;FS=9.433;InbreedingCoeff=0.5996;MLEAC=5;MLEAF=4.638e-03;MQ=60.00;MQRankSum=0.00;QD=30.12;ReadPosRankSum=1.34;SOR=1.569;ANN=G|upstream_gene_variant|MODIFIER|YML107C|YML107C|transcript|TRANSCRIPT_YML107C|protein_coding||c.-2435A>C|||||2435|,G|upstream_gene_variant|MODIFIER|YML105C|YML105C|transcript|TRANSCRIPT_YML105C|protein_coding||c.-17A>C|||||17|,G|downstream_gene_variant|MODIFIER|YML109W|YML109W|transcript|TRANSCRIPT_YML109W|protein_coding||c.*4237T>G|||||4237|,G|downstream_gene_variant|MODIFIER|YML108W|YML108W|transcript|TRANSCRIPT_YML108W|protein_coding||c.*3594T>G|||||3594|,G|downstream_gene_variant|MODIFIER|YML106W|YML106W|transcript|TRANSCRIPT_YML106W|protein_coding||c.*1251T>G|||||1251|,G|downstream_gene_variant|MODIFIER|YML104C|YML104C|transcript|TRANSCRIPT_YML104C|protein_coding||c.*234A>C|||||234|,G|downstream_gene_variant|MODIFIER|YML103C|YML103C|transcript|TRANSCRIPT_YML103C|protein_coding||c.*3878A>C|||||3878|,G|intergenic_region|MODIFIER|YML105C-YML104C|YML105C-YML104C|intergenic_region|YML105C-YML104C|||n.58752T>G||||||	GT:AD:DP:GQ:PL	70_0.0;1410_0.0;2640_0.8260869565217391;5150_1.0;10150_1.0	1.0	10,0	22,0	4,19	0,17	0,4	0,5
chrXIII 74483 C -> G G|missense_variant|YML099W-A||nan|Dubious open reading frame;G|missense_variant|YML099C||ARG81|Zinc finger transcription factor involved in arginine-responsive genes	chrXIII	74483	.	C	G	1284.08	G|missense_variant|YML099W-A||nan|Dubious open reading frame;G|missense_variant|YML099C||ARG81|Zinc finger transcription factor involved in arginine-responsive genes	.	AC=5;AF=4.655e-03;AN=1074;BaseQRankSum=2.13;DP=11985;ExcessHet=0.0000;FS=4.732;InbreedingCoeff=0.5196;MLEAC=4;MLEAF=3.724e-03;MQ=60.00;MQRankSum=0.00;QD=27.32;ReadPosRankSum=2.23;SOR=1.459;ANN=G|missense_variant|MODERATE|YML099W-A|YML099W-A|transcript|TRANSCRIPT_YML099W-A|protein_coding|1/1|c.215C>G|p.Thr72Ser|215/330|215/330|72/109||,G|missense_variant|MODERATE|YML099C|YML099C|transcript|TRANSCRIPT_YML099C|protein_coding|1/1|c.2598G>C|p.Trp866Cys|2598/2643|2598/2643|866/880||,G|upstream_gene_variant|MODIFIER|YML101C-A|YML101C-A|transcript|TRANSCRIPT_YML101C-A|protein_coding||c.-4718G>C|||||4718|,G|upstream_gene_variant|MODIFIER|YML101C|YML101C|transcript|TRANSCRIPT_YML101C|protein_coding||c.-4356G>C|||||4356|,G|upstream_gene_variant|MODIFIER|YML098W|YML098W|transcript|TRANSCRIPT_YML098W|protein_coding||c.-2824C>G|||||2824|,G|downstream_gene_variant|MODIFIER|YML102W|YML102W|transcript|TRANSCRIPT_YML102W|protein_coding||c.*4744C>G|||||4744|,G|downstream_gene_variant|MODIFIER|YML100W-A|YML100W-A|transcript|TRANSCRIPT_YML100W-A|protein_coding||c.*4132C>G|||||4132|WARNING_TRANSCRIPT_INCOMPLETE,G|downstream_gene_variant|MODIFIER|YML100W|YML100W|transcript|TRANSCRIPT_YML100W|protein_coding||c.*523C>G|||||523|,G|downstream_gene_variant|MODIFIER|YML097C|YML097C|transcript|TRANSCRIPT_YML097C|protein_coding||c.*3892G>C|||||3892|	GT:AD:DP:GQ:PGT:PID:PL:PS	70_0.0;1410_0.0;2640_0.75;5150_0.9090909090909091;10150_1.0	1.0	24,0	15,0	3,9	2,20	2,0	0,13
chrXIII 90528 T -> G G|missense_variant|YML091C||RPM2|Protein subunit of mitochondrial RNase P	chrXIII	90528	.	T	G	621.84	G|missense_variant|YML091C||RPM2|Protein subunit of mitochondrial RNase P	.	AC=4;AF=3.724e-03;AN=1074;DP=11675;ExcessHet=0.0000;FS=0.000;InbreedingCoeff=0.5773;MLEAC=3;MLEAF=2.793e-03;MQ=60.00;QD=32.73;SOR=0.793;ANN=G|missense_variant|MODERATE|YML091C|YML091C|transcript|TRANSCRIPT_YML091C|protein_coding|1/1|c.244A>C|p.Thr82Pro|244/3609|244/3609|82/1202||,G|upstream_gene_variant|MODIFIER|YML092C|YML092C|transcript|TRANSCRIPT_YML092C|protein_coding||c.-3749A>C|||||3749|,G|upstream_gene_variant|MODIFIER|YML090W|YML090W|transcript|TRANSCRIPT_YML090W|protein_coding||c.-256T>G|||||256|,G|upstream_gene_variant|MODIFIER|YML088W|YML088W|transcript|TRANSCRIPT_YML088W|protein_coding||c.-1747T>G|||||1747|,G|downstream_gene_variant|MODIFIER|YML093W|YML093W|transcript|TRANSCRIPT_YML093W|protein_coding||c.*4699T>G|||||4699|,G|downstream_gene_variant|MODIFIER|YML089C|YML089C|transcript|TRANSCRIPT_YML089C|protein_coding||c.*553A>C|||||553|,G|downstream_gene_variant|MODIFIER|YML087C|YML087C|transcript|TRANSCRIPT_YML087C|protein_coding||c.*3943A>C|||||3943|	GT:AD:DP:GQ:PL	70_0.0;1410_0.0;2640_0.0;5150_0.0;7530_1.0;10150_1.0	1.0	25,0	24,0	14,0	26,0	0,6	0,13
chrXIII 124423 G -> A nan	chrXIII	124423	.	G	A	1520.64		.	AC=7;AF=6.506e-03;AN=1076;BaseQRankSum=-2.090e-01;DP=11517;ExcessHet=0.0000;FS=0.000;InbreedingCoeff=0.4805;MLEAC=6;MLEAF=5.576e-03;MQ=60.00;MQRankSum=0.00;QD=29.24;ReadPosRankSum=-6.730e-01;SOR=0.476;ANN=A|upstream_gene_variant|MODIFIER|YML074C|YML074C|transcript|TRANSCRIPT_YML074C|protein_coding||c.-3059C>T|||||3059|,A|upstream_gene_variant|MODIFIER|YML073C|YML073C|transcript|TRANSCRIPT_YML073C|protein_coding||c.-211C>T|||||211|,A|downstream_gene_variant|MODIFIER|YML072C|YML072C|transcript|TRANSCRIPT_YML072C|protein_coding||c.*347C>T|||||347|,A|intergenic_region|MODIFIER|YML073C-YML072C|YML073C-YML072C|intergenic_region|YML073C-YML072C|||n.124423G>A||||||	GT:AD:DP:GQ:PL	70_0.0;1410_0.0;2640_0.782608695652174;5150_1.0;10150_1.0	1.0	19,0	11,0	5,18	0,16	0,2	0,11
chrXIII 150980 A -> T T|missense_variant|YML061C||PIF1|DNA helicase, potent G-quadruplex DNA binder/unwinder	chrXIII	150980	.	A	T	1407.67	T|missense_variant|YML061C||PIF1|DNA helicase, potent G-quadruplex DNA binder/unwinder	.	AC=6;AF=5.576e-03;AN=1076;BaseQRankSum=-6.030e-01;DP=10447;ExcessHet=0.0000;FS=0.000;InbreedingCoeff=0.4940;MLEAC=5;MLEAF=4.647e-03;MQ=60.00;MQRankSum=0.00;QD=33.52;ReadPosRankSum=-1.534e+00;SOR=0.336;ANN=T|missense_variant|MODERATE|YML061C|YML061C|transcript|TRANSCRIPT_YML061C|protein_coding|1/1|c.593T>A|p.Phe198Tyr|593/2580|593/2580|198/859||,T|upstream_gene_variant|MODIFIER|YML062C|YML062C|transcript|TRANSCRIPT_YML062C|protein_coding||c.-2257T>A|||||2257|,T|upstream_gene_variant|MODIFIER|YML060W|YML060W|transcript|TRANSCRIPT_YML060W|protein_coding||c.-931A>T|||||931|,T|downstream_gene_variant|MODIFIER|YML063W|YML063W|transcript|TRANSCRIPT_YML063W|protein_coding||c.*3691A>T|||||3691|,T|downstream_gene_variant|MODIFIER|YML059C|YML059C|transcript|TRANSCRIPT_YML059C|protein_coding||c.*2279T>A|||||2279|	GT:AD:DP:GQ:PL	70_0.0;1410_0.0;2640_0.0;5150_0.9411764705882353;7530_1.0;10150_1.0	1.0	18,0	20,0	12,0	1,16	0,10	0,15
chrXIII 158465 G -> A nan	chrXIII	158465	.	G	A	449.12		.	AC=9;AF=8.539e-03;AN=1054;BaseQRankSum=-8.870e-01;DP=8577;ExcessHet=0.0000;FS=2.425;InbreedingCoeff=0.0743;MLEAC=7;MLEAF=6.641e-03;MQ=60.00;MQRankSum=0.00;QD=26.42;ReadPosRankSum=-6.220e-01;SOR=1.219;ANN=A|upstream_gene_variant|MODIFIER|YML059C|YML059C|transcript|TRANSCRIPT_YML059C|protein_coding||c.-167C>T|||||167|,A|upstream_gene_variant|MODIFIER|YML058W-A|YML058W-A|transcript|TRANSCRIPT_YML058W-A|protein_coding||c.-335G>A|||||335|,A|upstream_gene_variant|MODIFIER|YML058W|YML058W|transcript|TRANSCRIPT_YML058W|protein_coding||c.-958G>A|||||958|,A|upstream_gene_variant|MODIFIER|YML057W|YML057W|transcript|TRANSCRIPT_YML057W|protein_coding||c.-1755G>A|||||1755|,A|downstream_gene_variant|MODIFIER|YML057C-A|YML057C-A|transcript|TRANSCRIPT_YML057C-A|protein_coding||c.*1598C>T|||||1598|,A|downstream_gene_variant|MODIFIER|YML056C|YML056C|transcript|TRANSCRIPT_YML056C|protein_coding||c.*3769C>T|||||3769|,A|intergenic_region|MODIFIER|YML059C-YML058W-A|YML059C-YML058W-A|intergenic_region|YML059C-YML058W-A|||n.158465G>A||||||	GT:AD:DP:GQ:PGT:PID:PL:PS	70_0.0;1410_0.6666666666666666;7530_1.0	1.0	12,0	2,4	0,4	0,1	0,5	0,2
chrXIII 225549 C -> T nan	chrXIII	225549	.	C	T	1151.52		.	AC=5;AF=4.655e-03;AN=1074;BaseQRankSum=-8.950e-01;DP=11417;ExcessHet=0.0000;FS=0.000;InbreedingCoeff=0.5259;MLEAC=4;MLEAF=3.724e-03;MQ=60.00;MQRankSum=0.00;QD=29.53;ReadPosRankSum=-1.010e+00;SOR=0.874;ANN=T|upstream_gene_variant|MODIFIER|YML026C|YML026C|transcript|TRANSCRIPT_YML026C|protein_coding||c.-1681G>A|||||1681|,T|upstream_gene_variant|MODIFIER|YML025C|YML025C|transcript|TRANSCRIPT_YML025C|protein_coding||c.-144G>A|||||144|,T|upstream_gene_variant|MODIFIER|YML024W|YML024W|transcript|TRANSCRIPT_YML024W|protein_coding||c.-380C>T|||||380|,T|upstream_gene_variant|MODIFIER|YML022W|YML022W|transcript|TRANSCRIPT_YML022W|protein_coding||c.-3428C>T|||||3428|,T|downstream_gene_variant|MODIFIER|YML028W|YML028W|transcript|TRANSCRIPT_YML028W|protein_coding||c.*4781C>T|||||4781|,T|downstream_gene_variant|MODIFIER|YML027W|YML027W|transcript|TRANSCRIPT_YML027W|protein_coding||c.*2946C>T|||||2946|,T|downstream_gene_variant|MODIFIER|YML023C|YML023C|transcript|TRANSCRIPT_YML023C|protein_coding||c.*1485G>A|||||1485|,T|downstream_gene_variant|MODIFIER|YML021C|YML021C|transcript|TRANSCRIPT_YML021C|protein_coding||c.*4225G>A|||||4225|,T|intergenic_region|MODIFIER|YML025C-YML024W|YML025C-YML024W|intergenic_region|YML025C-YML024W|||n.225549C>T||||||	GT:AD:DP:GQ:PL	70_0.0;1410_0.0;2640_0.0;5150_0.8333333333333334;10150_1.0	1.0	16,0	6,0	11,0	4,20	0,2	0,13
chrXIII 233483 C -> T T|upstream_gene_variant|YML019W|13|OST6|Subunit of the oligosaccharyltransferase complex of the ER lumen	chrXIII	233483	.	C	T	846.79	T|upstream_gene_variant|YML019W|13|OST6|Subunit of the oligosaccharyltransferase complex of the ER lumen	.	AC=4;AF=3.717e-03;AN=1076;DP=11794;ExcessHet=0.0000;FS=0.000;InbreedingCoeff=0.5404;MLEAC=4;MLEAF=3.717e-03;MQ=60.00;QD=33.87;SOR=5.058;ANN=T|upstream_gene_variant|MODIFIER|YML023C|YML023C|transcript|TRANSCRIPT_YML023C|protein_coding||c.-4779G>A|||||4779|,T|upstream_gene_variant|MODIFIER|YML021C|YML021C|transcript|TRANSCRIPT_YML021C|protein_coding||c.-2630G>A|||||2630|,T|upstream_gene_variant|MODIFIER|YML019W|YML019W|transcript|TRANSCRIPT_YML019W|protein_coding||c.-13C>T|||||13|,T|upstream_gene_variant|MODIFIER|YML017W|YML017W|transcript|TRANSCRIPT_YML017W|protein_coding||c.-3143C>T|||||3143|,T|downstream_gene_variant|MODIFIER|YML022W|YML022W|transcript|TRANSCRIPT_YML022W|protein_coding||c.*3943C>T|||||3943|,T|downstream_gene_variant|MODIFIER|YML020W|YML020W|transcript|TRANSCRIPT_YML020W|protein_coding||c.*300C>T|||||300|,T|downstream_gene_variant|MODIFIER|YML018C|YML018C|transcript|TRANSCRIPT_YML018C|protein_coding||c.*1326G>A|||||1326|,T|intergenic_region|MODIFIER|YML020W-YML019W|YML020W-YML019W|intergenic_region|YML020W-YML019W|||n.233483C>T||||||	GT:AD:DP:GQ:PL	70_0.0;1410_0.0;2640_0.0;5150_1.0;10150_1.0	1.0	14,0	18,0	20,0	0,15	1,0	0,10
chrXIII 254624 A -> C C|missense_variant|YML007W||YAP1|Basic leucine zipper (bZIP) transcription factor	chrXIII	254624	.	A	C	1347.54	C|missense_variant|YML007W||YAP1|Basic leucine zipper (bZIP) transcription factor	.	AC=5;AF=4.655e-03;AN=1074;BaseQRankSum=-4.450e-01;DP=11808;ExcessHet=0.0000;FS=8.015;InbreedingCoeff=0.5940;MLEAC=4;MLEAF=3.724e-03;MQ=60.00;MQRankSum=0.00;QD=32.08;ReadPosRankSum=2.16;SOR=1.012;ANN=C|missense_variant|MODERATE|YML007W|YML007W|transcript|TRANSCRIPT_YML007W|protein_coding|1/1|c.739A>C|p.Thr247Pro|739/1953|739/1953|247/650||,C|upstream_gene_variant|MODIFIER|YML009C-A|YML009C-A|transcript|TRANSCRIPT_YML009C-A|protein_coding||c.-3585T>G|||||3585|,C|upstream_gene_variant|MODIFIER|YML009C|YML009C|transcript|TRANSCRIPT_YML009C|protein_coding||c.-3070T>G|||||3070|,C|upstream_gene_variant|MODIFIER|YML008C|YML008C|transcript|TRANSCRIPT_YML008C|protein_coding||c.-1596T>G|||||1596|,C|upstream_gene_variant|MODIFIER|YML007C-A|YML007C-A|transcript|TRANSCRIPT_YML007C-A|protein_coding||c.-1314T>G|||||1314|,C|downstream_gene_variant|MODIFIER|YML010W|YML010W|transcript|TRANSCRIPT_YML010W|protein_coding||c.*3718A>C|||||3718|,C|downstream_gene_variant|MODIFIER|YML009W-B|YML009W-B|transcript|TRANSCRIPT_YML009W-B|protein_coding||c.*3675A>C|||||3675|,C|downstream_gene_variant|MODIFIER|YML006C|YML006C|transcript|TRANSCRIPT_YML006C|protein_coding||c.*1506T>G|||||1506|	GT:AD:DP:GQ:PL	70_0.0;1410_0.0;2640_0.0;5150_0.92;10150_1.0	1.0	13,0	21,0	16,0	2,23	0,3	0,14
chrXIII 271711 G -> C C|upstream_gene_variant|YMR001C-A|96|nan|Putative protein of unknown function	chrXIII	271711	.	G	C	2017.5	C|upstream_gene_variant|YMR001C-A|96|nan|Putative protein of unknown function	.	AC=6;AF=5.576e-03;AN=1076;BaseQRankSum=-1.410e-01;DP=13119;ExcessHet=0.0000;FS=0.000;InbreedingCoeff=0.7747;MLEAC=6;MLEAF=5.576e-03;MQ=60.00;MQRankSum=0.00;QD=33.63;ReadPosRankSum=1.74;SOR=0.798;ANN=C|upstream_gene_variant|MODIFIER|YMR001C|YMR001C|transcript|TRANSCRIPT_YMR001C|protein_coding||c.-537C>G|||||537|,C|upstream_gene_variant|MODIFIER|YMR001C-A|YMR001C-A|transcript|TRANSCRIPT_YMR001C-A|protein_coding||c.-96C>G|||||96|,C|upstream_gene_variant|MODIFIER|YMR002W|YMR002W|transcript|TRANSCRIPT_YMR002W|protein_coding||c.-520G>C|||||520|,C|upstream_gene_variant|MODIFIER|YMR003W|YMR003W|transcript|TRANSCRIPT_YMR003W|protein_coding||c.-1445G>C|||||1445|,C|upstream_gene_variant|MODIFIER|YMR004W|YMR004W|transcript|TRANSCRIPT_YMR004W|protein_coding||c.-2344G>C|||||2344|,C|upstream_gene_variant|MODIFIER|YMR005W|YMR005W|transcript|TRANSCRIPT_YMR005W|protein_coding||c.-4372G>C|||||4372|,C|downstream_gene_variant|MODIFIER|YML002W|YML002W|transcript|TRANSCRIPT_YML002W|protein_coding||c.*4919G>C|||||4919|,C|downstream_gene_variant|MODIFIER|YML001W|YML001W|transcript|TRANSCRIPT_YML001W|protein_coding||c.*3873G>C|||||3873|,C|intergenic_region|MODIFIER|YMR001C-A-YMR002W|YMR001C-A-YMR002W|intergenic_region|YMR001C-A-YMR002W|||n.271711G>C||||||	GT:AD:DP:GQ:PL	70_0.0;1410_0.0;2640_0.0;5150_0.9629629629629629;7530_1.0;10150_1.0	1.0	13,0	11,0	11,0	1,26	0,9	0,24
chrXIII 359392 G -> A A|missense_variant|CDS_XIII_357395_361357|||	chrXIII	359392	.	G	A	644.66	A|missense_variant|CDS_XIII_357395_361357|||	.	AC=9;AF=8.824e-03;AN=1020;BaseQRankSum=-5.240e-01;DP=5086;ExcessHet=0.0000;FS=0.000;InbreedingCoeff=0.4545;MLEAC=6;MLEAF=5.882e-03;MQ=30.41;MQRankSum=0.842;QD=23.02;ReadPosRankSum=-5.240e-01;SOR=1.244;ANN=A|missense_variant|MODERATE|CDS_XIII_357395_361357|GENE_CDS_XIII_357395_361357|transcript|YMR045C|protein_coding|2/2|c.3271C>T|p.His1091Tyr|3271/5268|3271/5268|1091/1755||,A|upstream_gene_variant|MODIFIER|YMR046W-A|YMR046W-A|transcript|TRANSCRIPT_YMR046W-A|protein_coding||c.-3346G>A|||||3346|,A|downstream_gene_variant|MODIFIER|YMR043W|YMR043W|transcript|TRANSCRIPT_YMR043W|protein_coding||c.*4625G>A|||||4625|,A|downstream_gene_variant|MODIFIER|YMR044W|YMR044W|transcript|TRANSCRIPT_YMR044W|protein_coding||c.*2545G>A|||||2545|,A|downstream_gene_variant|MODIFIER|CDS_XIII_361341_362663|GENE_CDS_XIII_361341_362663|transcript|YMR046C|protein_coding||c.*1949C>T|||||1949|,A|downstream_gene_variant|MODIFIER|YMR047C|YMR047C|transcript|TRANSCRIPT_YMR047C|protein_coding||c.*4008C>T|||||4008|	GT:AD:DP:GQ:PL	70_0.0;1410_0.8;2640_1.0;5150_1.0;10150_1.0	1.0	7,0	1,4	0,8	0,6	0,4	0,5
chrXIII 400566 G -> A A|missense_variant|YMR065W||KAR5|Protein required for nuclear membrane fusion during karyogamy	chrXIII	400566	.	G	A	1114.5	A|missense_variant|YMR065W||KAR5|Protein required for nuclear membrane fusion during karyogamy	.	AC=6;AF=5.576e-03;AN=1076;BaseQRankSum=-4.090e-01;DP=10494;ExcessHet=0.0000;FS=3.921;InbreedingCoeff=0.5033;MLEAC=4;MLEAF=3.717e-03;MQ=60.00;MQRankSum=0.00;QD=30.12;ReadPosRankSum=0.289;SOR=0.956;ANN=A|missense_variant|MODERATE|YMR065W|YMR065W|transcript|TRANSCRIPT_YMR065W|protein_coding|1/1|c.829G>A|p.Asp277Asn|829/1515|829/1515|277/504||,A|upstream_gene_variant|MODIFIER|YMR062C|YMR062C|transcript|TRANSCRIPT_YMR062C|protein_coding||c.-4151C>T|||||4151|,A|upstream_gene_variant|MODIFIER|YMR066W|YMR066W|transcript|TRANSCRIPT_YMR066W|protein_coding||c.-1011G>A|||||1011|,A|downstream_gene_variant|MODIFIER|YMR063W|YMR063W|transcript|TRANSCRIPT_YMR063W|protein_coding||c.*2734G>A|||||2734|,A|downstream_gene_variant|MODIFIER|YMR064W|YMR064W|transcript|TRANSCRIPT_YMR064W|protein_coding||c.*1071G>A|||||1071|,A|downstream_gene_variant|MODIFIER|YMR067C|YMR067C|transcript|TRANSCRIPT_YMR067C|protein_coding||c.*3793C>T|||||3793|	GT:AD:DP:GQ:PL	70_0.0;1410_0.0;2640_0.0;5150_0.9583333333333334;7530_1.0;10150_1.0	1.0	19,0	13,0	18,0	1,23	0,8	0,5
chrXIII 435949 A -> C C|missense_variant|YMR083W||ADH3|Mitochondrial alcohol dehydrogenase isozyme III	chrXIII	435949	.	A	C	1203.29	C|missense_variant|YMR083W||ADH3|Mitochondrial alcohol dehydrogenase isozyme III	.	AC=6;AF=5.576e-03;AN=1076;BaseQRankSum=-9.320e-01;DP=11089;ExcessHet=0.0000;FS=3.575;InbreedingCoeff=0.5900;MLEAC=5;MLEAF=4.647e-03;MQ=60.00;MQRankSum=0.00;QD=29.35;ReadPosRankSum=-8.720e-01;SOR=0.707;ANN=C|missense_variant|MODERATE|YMR083W|YMR083W|transcript|TRANSCRIPT_YMR083W|protein_coding|1/1|c.1125A>C|p.Lys375Asn|1125/1128|1125/1128|375/375||,C|upstream_gene_variant|MODIFIER|YMR081C|YMR081C|transcript|TRANSCRIPT_YMR081C|protein_coding||c.-4817T>G|||||4817|,C|upstream_gene_variant|MODIFIER|YMR082C|YMR082C|transcript|TRANSCRIPT_YMR082C|protein_coding||c.-3787T>G|||||3787|,C|upstream_gene_variant|MODIFIER|YMR084W|YMR084W|transcript|TRANSCRIPT_YMR084W|protein_coding||c.-716A>C|||||716|WARNING_TRANSCRIPT_INCOMPLETE,C|upstream_gene_variant|MODIFIER|YMR085W|YMR085W|transcript|TRANSCRIPT_YMR085W|protein_coding||c.-1580A>C|||||1580|,C|upstream_gene_variant|MODIFIER|YMR086W|YMR086W|transcript|TRANSCRIPT_YMR086W|protein_coding||c.-3297A>C|||||3297|	GT:AD:DP:GQ:PL	70_0.0;1410_0.0;2640_0.0;5150_0.9583333333333334;7530_1.0;10150_1.0	1.0	14,0	20,0	21,0	1,23	0,6	0,11
chrXIII 454861 G -> A A|synonymous_variant|YMR093W||UTP15|Nucleolar protein	chrXIII	454861	.	G	A	995.72	A|synonymous_variant|YMR093W||UTP15|Nucleolar protein	.	AC=6;AF=5.566e-03;AN=1078;BaseQRankSum=-1.360e+00;DP=10198;ExcessHet=0.0000;FS=0.000;InbreedingCoeff=0.5562;MLEAC=4;MLEAF=3.711e-03;MQ=60.00;MQRankSum=0.00;QD=34.34;ReadPosRankSum=-3.230e-01;SOR=0.663;ANN=A|synonymous_variant|LOW|YMR093W|YMR093W|transcript|TRANSCRIPT_YMR093W|protein_coding|1/1|c.810G>A|p.Ser270Ser|810/1542|810/1542|270/513||,A|upstream_gene_variant|MODIFIER|YMR091C|YMR091C|transcript|TRANSCRIPT_YMR091C|protein_coding||c.-3459C>T|||||3459|,A|upstream_gene_variant|MODIFIER|YMR092C|YMR092C|transcript|TRANSCRIPT_YMR092C|protein_coding||c.-1345C>T|||||1345|,A|upstream_gene_variant|MODIFIER|YMR094W|YMR094W|transcript|TRANSCRIPT_YMR094W|protein_coding||c.-1001G>A|||||1001|,A|upstream_gene_variant|MODIFIER|YMR096W|YMR096W|transcript|TRANSCRIPT_YMR096W|protein_coding||c.-3584G>A|||||3584|,A|downstream_gene_variant|MODIFIER|YMR090W|YMR090W|transcript|TRANSCRIPT_YMR090W|protein_coding||c.*4896G>A|||||4896|,A|downstream_gene_variant|MODIFIER|YMR095C|YMR095C|transcript|TRANSCRIPT_YMR095C|protein_coding||c.*2461C>T|||||2461|,A|downstream_gene_variant|MODIFIER|YMR097C|YMR097C|transcript|TRANSCRIPT_YMR097C|protein_coding||c.*4600C>T|||||4600|	GT:AD:DP:GQ:PL	70_0.0;1410_0.0;2640_0.0;5150_1.0;10150_1.0	1.0	16,0	13,0	23,0	0,18	0,3	0,8
chrXIII 480757 G -> C nan	chrXIII	480757	.	G	C	444.38		.	AC=4;AF=3.717e-03;AN=1076;DP=9748;ExcessHet=0.0000;FS=0.000;InbreedingCoeff=0.4169;MLEAC=3;MLEAF=2.788e-03;MQ=60.00;QD=34.18;SOR=1.609;ANN=C|upstream_gene_variant|MODIFIER|YMR105C|YMR105C|transcript|TRANSCRIPT_YMR105C|protein_coding||c.-3114C>G|||||3114|,C|upstream_gene_variant|MODIFIER|YMR106C|YMR106C|transcript|TRANSCRIPT_YMR106C|protein_coding||c.-530C>G|||||530|,C|upstream_gene_variant|MODIFIER|YMR107W|YMR107W|transcript|TRANSCRIPT_YMR107W|protein_coding||c.-2294G>C|||||2294|,C|upstream_gene_variant|MODIFIER|YMR108W|YMR108W|transcript|TRANSCRIPT_YMR108W|protein_coding||c.-3364G>C|||||3364|,C|downstream_gene_variant|MODIFIER|YMR105W-A|YMR105W-A|transcript|TRANSCRIPT_YMR105W-A|protein_coding||c.*2462G>C|||||2462|,C|intergenic_region|MODIFIER|YMR106C-YMR107W|YMR106C-YMR107W|intergenic_region|YMR106C-YMR107W|||n.480757G>C||||||	GT:AD:DP:GQ:PL	70_0.0;1410_0.0;2640_0.0;5150_0.0;10150_1.0	1.0	14,0	17,0	7,0	19,0	0,2	0,11
chrXIII 491692 G -> T T|missense_variant|YMR110C||HFD1|Dehydrogenase involved in ubiquinone and sphingolipid metabolism	chrXIII	491692	.	G	T	327.17	T|missense_variant|YMR110C||HFD1|Dehydrogenase involved in ubiquinone and sphingolipid metabolism	.	AC=4;AF=3.711e-03;AN=1078;DP=11111;ExcessHet=0.0000;FS=0.000;InbreedingCoeff=0.4056;MLEAC=2;MLEAF=1.855e-03;MQ=60.00;QD=29.74;SOR=0.859;ANN=T|missense_variant|MODERATE|YMR110C|YMR110C|transcript|TRANSCRIPT_YMR110C|protein_coding|1/1|c.338C>A|p.Ser113Tyr|338/1599|338/1599|113/532||,T|upstream_gene_variant|MODIFIER|YMR113W|YMR113W|transcript|TRANSCRIPT_YMR113W|protein_coding||c.-3344G>T|||||3344|,T|downstream_gene_variant|MODIFIER|YMR109W|YMR109W|transcript|TRANSCRIPT_YMR109W|protein_coding||c.*1409G>T|||||1409|,T|downstream_gene_variant|MODIFIER|YMR111C|YMR111C|transcript|TRANSCRIPT_YMR111C|protein_coding||c.*749C>A|||||749|,T|downstream_gene_variant|MODIFIER|YMR112C|YMR112C|transcript|TRANSCRIPT_YMR112C|protein_coding||c.*2445C>A|||||2445|,T|downstream_gene_variant|MODIFIER|YMR114C|YMR114C|transcript|TRANSCRIPT_YMR114C|protein_coding||c.*4688C>A|||||4688|	GT:AD:DP:GQ:PL	70_0.0;1410_0.0;2640_0.0;5150_0.0;10150_1.0	1.0	19,0	9,0	17,0	20,0	0,3	0,8
chrXIII 517555 A -> C C|upstream_gene_variant|YMR125W|11|STO1|Large subunit of the nuclear mRNA cap-binding protein complex	chrXIII	517555	.	A	C	1892.67	C|upstream_gene_variant|YMR125W|11|STO1|Large subunit of the nuclear mRNA cap-binding protein complex	.	AC=9;AF=8.349e-03;AN=1078;BaseQRankSum=-9.170e-01;DP=10701;ExcessHet=0.0000;FS=2.545;InbreedingCoeff=0.5860;MLEAC=8;MLEAF=7.421e-03;MQ=60.00;MQRankSum=0.00;QD=32.63;ReadPosRankSum=0.593;SOR=1.090;ANN=C|upstream_gene_variant|MODIFIER|YMR125W|YMR125W|transcript|TRANSCRIPT_YMR125W|protein_coding||c.-11A>C|||||11|,C|downstream_gene_variant|MODIFIER|YMR123W|YMR123W|transcript|TRANSCRIPT_YMR123W|protein_coding||c.*3555A>C|||||3555|,C|downstream_gene_variant|MODIFIER|YMR124W|YMR124W|transcript|TRANSCRIPT_YMR124W|protein_coding||c.*241A>C|||||241|,C|downstream_gene_variant|MODIFIER|YMR126C|YMR126C|transcript|TRANSCRIPT_YMR126C|protein_coding||c.*3233T>G|||||3233|,C|downstream_gene_variant|MODIFIER|YMR127C|YMR127C|transcript|TRANSCRIPT_YMR127C|protein_coding||c.*4801T>G|||||4801|,C|intergenic_region|MODIFIER|YMR124W-YMR125W|YMR124W-YMR125W|intergenic_region|YMR124W-YMR125W|||n.517555A>C||||||	GT:AD:DP:GQ:PGT:PID:PL:PS	70_0.0;1410_0.7692307692307693;2640_1.0;5150_1.0;10150_1.0	1.0	19,0	3,10	0,14	0,14	0,4	0,13
chrXIII 681476 T -> G G|synonymous_variant|YMR207C||HFA1|Mitochondrial acetyl-coenzyme A carboxylase	chrXIII	681476	.	T	G	1455.88	G|synonymous_variant|YMR207C||HFA1|Mitochondrial acetyl-coenzyme A carboxylase	.	AC=7;AF=6.506e-03;AN=1076;BaseQRankSum=-3.740e-01;DP=10119;ExcessHet=0.0000;FS=3.112;InbreedingCoeff=0.4937;MLEAC=5;MLEAF=4.647e-03;MQ=60.00;MQRankSum=0.00;QD=33.86;ReadPosRankSum=-1.811e+00;SOR=0.189;ANN=G|synonymous_variant|LOW|YMR207C|YMR207C|transcript|TRANSCRIPT_YMR207C|protein_coding|1/1|c.2106A>C|p.Gly702Gly|2106/6372|2106/6372|702/2123||,G|upstream_gene_variant|MODIFIER|YMR208W|YMR208W|transcript|TRANSCRIPT_YMR208W|protein_coding||c.-3008T>G|||||3008|,G|downstream_gene_variant|MODIFIER|YMR206W|YMR206W|transcript|TRANSCRIPT_YMR206W|protein_coding||c.*4622T>G|||||4622|,G|downstream_gene_variant|MODIFIER|YMR209C|YMR209C|transcript|TRANSCRIPT_YMR209C|protein_coding||c.*4452A>C|||||4452|	GT:AD:DP:GQ:PL	70_0.0;1410_0.0;2640_0.8947368421052632;5150_1.0;10150_1.0	1.0	20,0	18,0	2,17	0,16	0,3	0,5
chrXIII 731407 T -> A nan	chrXIII	731407	.	T	A	629.18		.	AC=4;AF=3.724e-03;AN=1074;DP=11143;ExcessHet=0.0000;FS=0.000;InbreedingCoeff=0.5263;MLEAC=3;MLEAF=2.793e-03;MQ=60.00;QD=33.11;SOR=1.022;ANN=A|upstream_gene_variant|MODIFIER|YMR229C|YMR229C|transcript|TRANSCRIPT_YMR229C|protein_coding||c.-266A>T|||||266|,A|upstream_gene_variant|MODIFIER|YMR230W|YMR230W|transcript|TRANSCRIPT_YMR230W|protein_coding||c.-1025T>A|||||1025|,A|upstream_gene_variant|MODIFIER|YMR230W-A|YMR230W-A|transcript|TRANSCRIPT_YMR230W-A|protein_coding||c.-1879T>A|||||1879|,A|upstream_gene_variant|MODIFIER|YMR231W|YMR231W|transcript|TRANSCRIPT_YMR231W|protein_coding||c.-2156T>A|||||2156|,A|intergenic_region|MODIFIER|YMR229C-YMR230W|YMR229C-YMR230W|intergenic_region|YMR229C-YMR230W|||n.731407T>A||||||	GT:AD:DP:GQ:PL	70_0.0;1410_0.0;2640_0.0;5150_0.0;10150_1.0	1.0	13,0	17,0	23,0	22,0	0,2	0,17
chrXIII 740040 A -> C nan	chrXIII	740040	.	A	C	1252.85		.	AC=5;AF=4.647e-03;AN=1076;BaseQRankSum=1.26;DP=11679;ExcessHet=0.0000;FS=8.015;InbreedingCoeff=0.5368;MLEAC=4;MLEAF=3.717e-03;MQ=60.00;MQRankSum=0.00;QD=29.83;ReadPosRankSum=-6.700e-02;SOR=1.012;ANN=C|upstream_gene_variant|MODIFIER|YMR234W|YMR234W|transcript|TRANSCRIPT_YMR234W|protein_coding||c.-244A>C|||||244|,C|upstream_gene_variant|MODIFIER|YMR236W|YMR236W|transcript|TRANSCRIPT_YMR236W|protein_coding||c.-2949A>C|||||2949|,C|upstream_gene_variant|MODIFIER|YMR237W|YMR237W|transcript|TRANSCRIPT_YMR237W|protein_coding||c.-3727A>C|||||3727|,C|downstream_gene_variant|MODIFIER|YMR231W|YMR231W|transcript|TRANSCRIPT_YMR231W|protein_coding||c.*3388A>C|||||3388|,C|downstream_gene_variant|MODIFIER|YMR232W|YMR232W|transcript|TRANSCRIPT_YMR232W|protein_coding||c.*1063A>C|||||1063|,C|downstream_gene_variant|MODIFIER|YMR233W|YMR233W|transcript|TRANSCRIPT_YMR233W|protein_coding||c.*157A>C|||||157|,C|downstream_gene_variant|MODIFIER|YMR235C|YMR235C|transcript|TRANSCRIPT_YMR235C|protein_coding||c.*1490T>G|||||1490|,C|intergenic_region|MODIFIER|YMR233W-YMR234W|YMR233W-YMR234W|intergenic_region|YMR233W-YMR234W|||n.740040A>C||||||	GT:AD:DP:GQ:PL	70_0.0;1410_0.0;2640_0.0;5150_0.8947368421052632;7530_1.0;10150_1.0	1.0	20,0	15,0	24,0	2,17	0,5	0,18
chrXIII 743905 T -> C C|missense_variant|YMR237W||BCH1|Member of the ChAPs family (Chs5p-Arf1p-binding proteins)	chrXIII	743905	.	T	C	2516.65	C|missense_variant|YMR237W||BCH1|Member of the ChAPs family (Chs5p-Arf1p-binding proteins)	.	AC=10;AF=9.294e-03;AN=1076;BaseQRankSum=2.75;DP=10226;ExcessHet=0.0000;FS=2.395;InbreedingCoeff=0.5672;MLEAC=8;MLEAF=7.435e-03;MQ=60.00;MQRankSum=0.00;QD=33.11;ReadPosRankSum=1.33;SOR=0.811;ANN=C|missense_variant|MODERATE|YMR237W|YMR237W|transcript|TRANSCRIPT_YMR237W|protein_coding|1/1|c.139T>C|p.Ser47Pro|139/2175|139/2175|47/724||,C|upstream_gene_variant|MODIFIER|YMR235C|YMR235C|transcript|TRANSCRIPT_YMR235C|protein_coding||c.-1152A>G|||||1152|,C|upstream_gene_variant|MODIFIER|YMR238W|YMR238W|transcript|TRANSCRIPT_YMR238W|protein_coding||c.-2466T>C|||||2466|,C|downstream_gene_variant|MODIFIER|YMR232W|YMR232W|transcript|TRANSCRIPT_YMR232W|protein_coding||c.*4928T>C|||||4928|,C|downstream_gene_variant|MODIFIER|YMR233W|YMR233W|transcript|TRANSCRIPT_YMR233W|protein_coding||c.*4022T>C|||||4022|,C|downstream_gene_variant|MODIFIER|YMR234W|YMR234W|transcript|TRANSCRIPT_YMR234W|protein_coding||c.*2575T>C|||||2575|,C|downstream_gene_variant|MODIFIER|YMR236W|YMR236W|transcript|TRANSCRIPT_YMR236W|protein_coding||c.*443T>C|||||443|,C|downstream_gene_variant|MODIFIER|YMR239C|YMR239C|transcript|TRANSCRIPT_YMR239C|protein_coding||c.*4717A>G|||||4717|	GT:AD:DP:GQ:PL	70_0.0;1410_0.9411764705882353;2640_1.0;5150_0.9;10150_1.0	1.0	10,0	1,16	0,18	2,18	0,4	0,17
chrXIII 772497 C -> A A|missense_variant|YMR250W||GAD1|Glutamate decarboxylase	chrXIII	772497	.	C	A	831.79	A|missense_variant|YMR250W||GAD1|Glutamate decarboxylase	.	AC=5;AF=4.647e-03;AN=1076;BaseQRankSum=-1.216e+00;DP=10346;ExcessHet=0.0000;FS=2.762;InbreedingCoeff=0.4343;MLEAC=4;MLEAF=3.717e-03;MQ=60.00;MQRankSum=0.00;QD=24.46;ReadPosRankSum=-1.124e+00;SOR=0.255;ANN=A|missense_variant|MODERATE|YMR250W|YMR250W|transcript|TRANSCRIPT_YMR250W|protein_coding|1/1|c.1337C>A|p.Ala446Asp|1337/1758|1337/1758|446/585||,A|upstream_gene_variant|MODIFIER|YMR247C|YMR247C|transcript|TRANSCRIPT_YMR247C|protein_coding||c.-4098G>T|||||4098|,A|upstream_gene_variant|MODIFIER|YMR251W|YMR251W|transcript|TRANSCRIPT_YMR251W|protein_coding||c.-778C>A|||||778|,A|upstream_gene_variant|MODIFIER|YMR251W-A|YMR251W-A|transcript|TRANSCRIPT_YMR251W-A|protein_coding||c.-2615C>A|||||2615|,A|downstream_gene_variant|MODIFIER|YMR247W-A|YMR247W-A|transcript|TRANSCRIPT_YMR247W-A|protein_coding||c.*2711C>A|||||2711|,A|downstream_gene_variant|MODIFIER|YMR252C|YMR252C|transcript|TRANSCRIPT_YMR252C|protein_coding||c.*3178G>T|||||3178|,A|downstream_gene_variant|MODIFIER|YMR253C|YMR253C|transcript|TRANSCRIPT_YMR253C|protein_coding||c.*3809G>T|||||3809|	GT:AD:DP:GQ:PL	70_0.0;1410_0.0;2640_0.0;5150_0.8823529411764706;10150_1.0	1.0	12,0	13,0	14,0	2,15	0,4	0,13
chrXIII 872004 T -> C C|missense_variant|YMR302C||YME2|Integral inner mitochondrial membrane protein	chrXIII	872004	.	T	C	2641.47	C|missense_variant|YMR302C||YME2|Integral inner mitochondrial membrane protein	.	AC=10;AF=9.276e-03;AN=1078;BaseQRankSum=3.66;DP=11554;ExcessHet=0.0000;FS=0.000;InbreedingCoeff=0.6687;MLEAC=9;MLEAF=8.349e-03;MQ=60.00;MQRankSum=0.00;QD=33.87;ReadPosRankSum=-1.532e+00;SOR=1.609;ANN=C|missense_variant|MODERATE|YMR302C|YMR302C|transcript|TRANSCRIPT_YMR302C|protein_coding|1/1|c.980A>G|p.Asn327Ser|980/2553|980/2553|327/850||,C|upstream_gene_variant|MODIFIER|YMR300C|YMR300C|transcript|TRANSCRIPT_YMR300C|protein_coding||c.-4555A>G|||||4555|,C|upstream_gene_variant|MODIFIER|YMR301C|YMR301C|transcript|TRANSCRIPT_YMR301C|protein_coding||c.-2019A>G|||||2019|,C|upstream_gene_variant|MODIFIER|YMR304W|YMR304W|transcript|TRANSCRIPT_YMR304W|protein_coding||c.-3341T>C|||||3341|,C|downstream_gene_variant|MODIFIER|YMR303C|YMR303C|transcript|TRANSCRIPT_YMR303C|protein_coding||c.*1645A>G|||||1645|	GT:AD:DP:GQ:PL	70_0.0;1410_1.0;2640_1.0;5150_0.8947368421052632;7530_1.0;10150_1.0	1.0	22,0	0,20	0,18	2,17	0,8	0,13
chrXIII 872072 C -> T T|synonymous_variant|YMR302C||YME2|Integral inner mitochondrial membrane protein	chrXIII	872072	.	C	T	1793.5	T|synonymous_variant|YMR302C||YME2|Integral inner mitochondrial membrane protein	.	AC=8;AF=7.435e-03;AN=1076;BaseQRankSum=2.88;DP=12281;ExcessHet=0.0000;FS=0.000;InbreedingCoeff=0.7045;MLEAC=6;MLEAF=5.576e-03;MQ=60.00;MQRankSum=0.00;QD=31.46;ReadPosRankSum=2.17;SOR=0.804;ANN=T|synonymous_variant|LOW|YMR302C|YMR302C|transcript|TRANSCRIPT_YMR302C|protein_coding|1/1|c.912G>A|p.Val304Val|912/2553|912/2553|304/850||,T|upstream_gene_variant|MODIFIER|YMR300C|YMR300C|transcript|TRANSCRIPT_YMR300C|protein_coding||c.-4623G>A|||||4623|,T|upstream_gene_variant|MODIFIER|YMR301C|YMR301C|transcript|TRANSCRIPT_YMR301C|protein_coding||c.-2087G>A|||||2087|,T|upstream_gene_variant|MODIFIER|YMR304W|YMR304W|transcript|TRANSCRIPT_YMR304W|protein_coding||c.-3273C>T|||||3273|,T|downstream_gene_variant|MODIFIER|YMR303C|YMR303C|transcript|TRANSCRIPT_YMR303C|protein_coding||c.*1577G>A|||||1577|	GT:AD:DP:GQ:PL	70_0.0;1410_0.0;2640_1.0;5150_0.8823529411764706;7530_1.0;10150_1.0	1.0	21,0	21,0	0,16	2,15	0,6	0,18
chrXIII 900242 T -> A A|missense_variant|YMR313C||TGL3|Bifunctional triacylglycerol lipase and LPE acyltransferase	chrXIII	900242	.	T	A	1611.54	A|missense_variant|YMR313C||TGL3|Bifunctional triacylglycerol lipase and LPE acyltransferase	.	AC=6;AF=5.597e-03;AN=1072;DP=11290;ExcessHet=0.0000;FS=0.000;InbreedingCoeff=0.6574;MLEAC=6;MLEAF=5.597e-03;MQ=60.00;QD=30.99;SOR=1.480;ANN=A|missense_variant|MODERATE|YMR313C|YMR313C|transcript|TRANSCRIPT_YMR313C|protein_coding|1/1|c.1421A>T|p.Gln474Leu|1421/1929|1421/1929|474/642||,A|upstream_gene_variant|MODIFIER|YMR309C|YMR309C|transcript|TRANSCRIPT_YMR309C|protein_coding||c.-4461A>T|||||4461|,A|upstream_gene_variant|MODIFIER|YMR310C|YMR310C|transcript|TRANSCRIPT_YMR310C|protein_coding||c.-3218A>T|||||3218|,A|upstream_gene_variant|MODIFIER|YMR311C|YMR311C|transcript|TRANSCRIPT_YMR311C|protein_coding||c.-2284A>T|||||2284|,A|upstream_gene_variant|MODIFIER|YMR314W|YMR314W|transcript|TRANSCRIPT_YMR314W|protein_coding||c.-1820T>A|||||1820|,A|upstream_gene_variant|MODIFIER|YMR315W|YMR315W|transcript|TRANSCRIPT_YMR315W|protein_coding||c.-2911T>A|||||2911|,A|upstream_gene_variant|MODIFIER|YMR315W-A|YMR315W-A|transcript|TRANSCRIPT_YMR315W-A|protein_coding||c.-4395T>A|||||4395|,A|upstream_gene_variant|MODIFIER|YMR316W|YMR316W|transcript|TRANSCRIPT_YMR316W|protein_coding||c.-4934T>A|||||4934|,A|downstream_gene_variant|MODIFIER|YMR312W|YMR312W|transcript|TRANSCRIPT_YMR312W|protein_coding||c.*661T>A|||||661|	GT:AD:DP:GQ:PL	70_0.0;1410_0.0;2640_1.0;5150_1.0;10150_1.0	1.0	17,0	17,0	0,19	0,23	1,0	0,10
chrXIV 46706 G -> A A|synonymous_variant|YNL313C||EMW1|Essential conserved protein with a role in cell wall integrity	chrXIV	46706	.	G	A	2101.3	A|synonymous_variant|YNL313C||EMW1|Essential conserved protein with a role in cell wall integrity	.	AC=6;AF=5.618e-03;AN=1068;BaseQRankSum=-3.870e-01;DP=9831;ExcessHet=0.0000;FS=3.158;InbreedingCoeff=0.6289;MLEAC=5;MLEAF=4.682e-03;MQ=60.00;MQRankSum=0.00;QD=27.51;ReadPosRankSum=1.47;SOR=0.384;ANN=A|synonymous_variant|LOW|YNL313C|YNL313C|transcript|TRANSCRIPT_YNL313C|protein_coding|1/1|c.1521C>T|p.Ile507Ile|1521/2715|1521/2715|507/904||,A|upstream_gene_variant|MODIFIER|YNL316C|YNL316C|transcript|TRANSCRIPT_YNL316C|protein_coding||c.-3427C>T|||||3427|,A|upstream_gene_variant|MODIFIER|YNL315C|YNL315C|transcript|TRANSCRIPT_YNL315C|protein_coding||c.-2222C>T|||||2222|,A|upstream_gene_variant|MODIFIER|YNL312W|YNL312W|transcript|TRANSCRIPT_YNL312W|protein_coding||c.-1785G>A|||||1785|,A|downstream_gene_variant|MODIFIER|YNL317W|YNL317W|transcript|TRANSCRIPT_YNL317W|protein_coding||c.*4486G>A|||||4486|,A|downstream_gene_variant|MODIFIER|YNL314W|YNL314W|transcript|TRANSCRIPT_YNL314W|protein_coding||c.*1288G>A|||||1288|,A|downstream_gene_variant|MODIFIER|YNL311C|YNL311C|transcript|TRANSCRIPT_YNL311C|protein_coding||c.*2895C>T|||||2895|	GT:AD:DP:GQ:PL	70_0.0;1410_0.0;2640_0.9473684210526315;5150_1.0;10150_1.0	1.0	15,0	22,0	1,18	0,28	2,0	0,13
chrXIV 65224 G -> T nan	chrXIV	65224	.	G	T	1707.67		.	AC=8;AF=7.449e-03;AN=1074;DP=9214;ExcessHet=0.0000;FS=0.000;InbreedingCoeff=0.5776;MLEAC=7;MLEAF=6.518e-03;MQ=60.00;QD=32.22;SOR=1.524;ANN=T|upstream_gene_variant|MODIFIER|YNL302C|YNL302C|transcript|TRANSCRIPT_YNL302C|protein_coding||c.-2075C>A|||||2075|,T|upstream_gene_variant|MODIFIER|YNL301C|YNL301C|transcript|TRANSCRIPT_YNL301C|protein_coding||c.-455C>A|||||455|,T|upstream_gene_variant|MODIFIER|YNL300W|YNL300W|transcript|TRANSCRIPT_YNL300W|protein_coding||c.-753G>T|||||753|,T|upstream_gene_variant|MODIFIER|YNL299W|YNL299W|transcript|TRANSCRIPT_YNL299W|protein_coding||c.-1526G>T|||||1526|,T|upstream_gene_variant|MODIFIER|YNL298W|YNL298W|transcript|TRANSCRIPT_YNL298W|protein_coding||c.-3924G>T|||||3924|,T|downstream_gene_variant|MODIFIER|YNL304W|YNL304W|transcript|TRANSCRIPT_YNL304W|protein_coding||c.*3468G>T|||||3468|,T|downstream_gene_variant|MODIFIER|YNL303W|YNL303W|transcript|TRANSCRIPT_YNL303W|protein_coding||c.*3161G>T|||||3161|,T|intergenic_region|MODIFIER|YNL301C-YNL300W|YNL301C-YNL300W|intergenic_region|YNL301C-YNL300W|||n.65224G>T||||||	GT:AD:DP:GQ:PL	70_0.0;1410_0.0;2640_1.0;5150_1.0;7530_1.0;10150_1.0	1.0	15,0	18,0	0,15	0,16	0,7	0,15
chrXIV 65808 C -> G nan	chrXIV	65808	.	C	G	2654.65		.	AC=10;AF=9.311e-03;AN=1074;BaseQRankSum=-4.010e-01;DP=11737;ExcessHet=0.0000;FS=4.505;InbreedingCoeff=0.6895;MLEAC=8;MLEAF=7.449e-03;MQ=60.00;MQRankSum=0.00;QD=33.60;ReadPosRankSum=1.75;SOR=1.308;ANN=G|upstream_gene_variant|MODIFIER|YNL302C|YNL302C|transcript|TRANSCRIPT_YNL302C|protein_coding||c.-2659G>C|||||2659|,G|upstream_gene_variant|MODIFIER|YNL301C|YNL301C|transcript|TRANSCRIPT_YNL301C|protein_coding||c.-1039G>C|||||1039|,G|upstream_gene_variant|MODIFIER|YNL300W|YNL300W|transcript|TRANSCRIPT_YNL300W|protein_coding||c.-169C>G|||||169|,G|upstream_gene_variant|MODIFIER|YNL299W|YNL299W|transcript|TRANSCRIPT_YNL299W|protein_coding||c.-942C>G|||||942|,G|upstream_gene_variant|MODIFIER|YNL298W|YNL298W|transcript|TRANSCRIPT_YNL298W|protein_coding||c.-3340C>G|||||3340|,G|downstream_gene_variant|MODIFIER|YNL304W|YNL304W|transcript|TRANSCRIPT_YNL304W|protein_coding||c.*4052C>G|||||4052|,G|downstream_gene_variant|MODIFIER|YNL303W|YNL303W|transcript|TRANSCRIPT_YNL303W|protein_coding||c.*3745C>G|||||3745|,G|intergenic_region|MODIFIER|YNL301C-YNL300W|YNL301C-YNL300W|intergenic_region|YNL301C-YNL300W|||n.65808C>G||||||	GT:AD:DP:GQ:PL	70_0.0;1410_0.9444444444444444;2640_1.0;5150_1.0;7530_1.0;10150_1.0	1.0	13,0	1,17	0,25	0,23	0,6	0,7
chrXIV 151511 T -> C C|synonymous_variant|YNL262W||POL2|Catalytic subunit of DNA polymerase (II) epsilon	chrXIV	151511	.	T	C	1840.68	C|synonymous_variant|YNL262W||POL2|Catalytic subunit of DNA polymerase (II) epsilon	.	AC=7;AF=6.494e-03;AN=1078;BaseQRankSum=0.00;DP=11340;ExcessHet=0.0000;FS=0.000;InbreedingCoeff=0.5721;MLEAC=7;MLEAF=6.494e-03;MQ=60.00;MQRankSum=0.00;QD=30.49;ReadPosRankSum=-6.740e-01;SOR=0.495;ANN=C|synonymous_variant|LOW|YNL262W|YNL262W|transcript|TRANSCRIPT_YNL262W|protein_coding|1/1|c.3069T>C|p.Cys1023Cys|3069/6669|3069/6669|1023/2222||,C|upstream_gene_variant|MODIFIER|YNL264C|YNL264C|transcript|TRANSCRIPT_YNL264C|protein_coding||c.-4665A>G|||||4665|,C|upstream_gene_variant|MODIFIER|YNL263C|YNL263C|transcript|TRANSCRIPT_YNL263C|protein_coding||c.-3440A>G|||||3440|,C|upstream_gene_variant|MODIFIER|YNL261W|YNL261W|transcript|TRANSCRIPT_YNL261W|protein_coding||c.-3820T>C|||||3820|	GT:AD:DP:GQ:PL	70_0.0;1410_0.0;2640_0.9;5150_1.0;7530_1.0;10150_1.0	1.0	17,0	16,0	1,9	0,21	0,11	0,9
chrXIV 197187 C -> T T|missense_variant|YNL241C||ZWF1|Glucose-6-phosphate dehydrogenase (G6PD)	chrXIV	197187	.	C	T	1428.93	T|missense_variant|YNL241C||ZWF1|Glucose-6-phosphate dehydrogenase (G6PD)	.	AC=7;AF=6.518e-03;AN=1074;BaseQRankSum=2.25;DP=8800;ExcessHet=0.0000;FS=3.551;InbreedingCoeff=0.4865;MLEAC=6;MLEAF=5.587e-03;MQ=60.00;MQRankSum=0.00;QD=31.06;ReadPosRankSum=1.14;SOR=0.213;ANN=T|missense_variant|MODERATE|YNL241C|YNL241C|transcript|TRANSCRIPT_YNL241C|protein_coding|1/1|c.988G>A|p.Glu330Lys|988/1518|988/1518|330/505||,T|upstream_gene_variant|MODIFIER|YNL239W|YNL239W|transcript|TRANSCRIPT_YNL239W|protein_coding||c.-3613C>T|||||3613|,T|downstream_gene_variant|MODIFIER|YNL242W|YNL242W|transcript|TRANSCRIPT_YNL242W|protein_coding||c.*854C>T|||||854|,T|downstream_gene_variant|MODIFIER|YNL240C|YNL240C|transcript|TRANSCRIPT_YNL240C|protein_coding||c.*1546G>A|||||1546|	GT:AD:DP:GQ:PL	70_0.0;1410_0.0;2640_0.8125;5150_1.0;7530_1.0;10150_1.0	1.0	15,0	13,0	3,13	0,13	0,7	0,10
chrXIV 269162 T -> C C|missense_variant|YNL197C||WHI3|RNA binding protein that sequesters CLN3 mRNA in cytoplasmic foci	chrXIV	269162	.	T	C	2056.75	C|missense_variant|YNL197C||WHI3|RNA binding protein that sequesters CLN3 mRNA in cytoplasmic foci	.	AC=11;AF=0.010;AN=1074;BaseQRankSum=-2.687e+00;DP=8492;ExcessHet=0.0000;FS=3.054;InbreedingCoeff=0.5462;MLEAC=9;MLEAF=8.380e-03;MQ=60.00;MQRankSum=0.00;QD=29.38;ReadPosRankSum=-7.550e-01;SOR=0.784;ANN=C|missense_variant|MODERATE|YNL197C|YNL197C|transcript|TRANSCRIPT_YNL197C|protein_coding|1/1|c.665A>G|p.Lys222Arg|665/1986|665/1986|222/661||,C|upstream_gene_variant|MODIFIER|YNL200C|YNL200C|transcript|TRANSCRIPT_YNL200C|protein_coding||c.-4476A>G|||||4476|,C|upstream_gene_variant|MODIFIER|YNL199C|YNL199C|transcript|TRANSCRIPT_YNL199C|protein_coding||c.-2399A>G|||||2399|,C|upstream_gene_variant|MODIFIER|YNL198C|YNL198C|transcript|TRANSCRIPT_YNL198C|protein_coding||c.-2113A>G|||||2113|,C|downstream_gene_variant|MODIFIER|YNL196C|YNL196C|transcript|TRANSCRIPT_YNL196C|protein_coding||c.*1346A>G|||||1346|,C|downstream_gene_variant|MODIFIER|YNL195C|YNL195C|transcript|TRANSCRIPT_YNL195C|protein_coding||c.*2594A>G|||||2594|,C|downstream_gene_variant|MODIFIER|YNL194C|YNL194C|transcript|TRANSCRIPT_YNL194C|protein_coding||c.*3781A>G|||||3781|	GT:AD:DP:GQ:PL	70_0.0;1410_1.0;2640_1.0;5150_1.0;7530_1.0;10150_1.0	0.9666666666666668	14,0	0,10	0,17	0,12	0,5	0,14
chrXIV 306967 C -> T T|missense_variant|YNL176C||TDA7|Cell cycle-regulated gene of unknown function	chrXIV	306967	.	C	T	550.17	T|missense_variant|YNL176C||TDA7|Cell cycle-regulated gene of unknown function	.	AC=4;AF=3.711e-03;AN=1078;DP=11565;ExcessHet=0.0000;FS=0.000;InbreedingCoeff=0.4885;MLEAC=3;MLEAF=2.783e-03;MQ=60.00;QD=34.39;SOR=1.609;ANN=T|missense_variant|MODERATE|YNL176C|YNL176C|transcript|TRANSCRIPT_YNL176C|protein_coding|1/1|c.244G>A|p.Val82Ile|244/1911|244/1911|82/636||,T|upstream_gene_variant|MODIFIER|YNL177C|YNL177C|transcript|TRANSCRIPT_YNL177C|protein_coding||c.-2122G>A|||||2122|,T|upstream_gene_variant|MODIFIER|YNL174W|YNL174W|transcript|TRANSCRIPT_YNL174W|protein_coding||c.-1337C>T|||||1337|,T|upstream_gene_variant|MODIFIER|YNL172W|YNL172W|transcript|TRANSCRIPT_YNL172W|protein_coding||c.-3899C>T|||||3899|,T|downstream_gene_variant|MODIFIER|YNL178W|YNL178W|transcript|TRANSCRIPT_YNL178W|protein_coding||c.*3335C>T|||||3335|,T|downstream_gene_variant|MODIFIER|YNL175C|YNL175C|transcript|TRANSCRIPT_YNL175C|protein_coding||c.*664G>A|||||664|,T|downstream_gene_variant|MODIFIER|YNL173C|YNL173C|transcript|TRANSCRIPT_YNL173C|protein_coding||c.*2220G>A|||||2220|	GT:AD:DP:GQ:PL	70_0.0;1410_0.0;2640_0.0;5150_0.0;10150_1.0	1.0	18,0	19,0	14,0	20,0	0,3	0,13
chrXIV 312285 T -> A A|missense_variant|YNL172W||APC1|Largest subunit of the Anaphase-Promoting Complex/Cyclosome	chrXIV	312285	.	T	A	2471.12	A|missense_variant|YNL172W||APC1|Largest subunit of the Anaphase-Promoting Complex/Cyclosome	.	AC=10;AF=9.276e-03;AN=1078;DP=11529;ExcessHet=0.0000;FS=0.000;InbreedingCoeff=0.7893;MLEAC=9;MLEAF=8.349e-03;MQ=60.00;QD=34.80;SOR=0.779;ANN=A|missense_variant|MODERATE|YNL172W|YNL172W|transcript|TRANSCRIPT_YNL172W|protein_coding|1/1|c.1420T>A|p.Cys474Ser|1420/5244|1420/5244|474/1747||,A|upstream_gene_variant|MODIFIER|YNL175C|YNL175C|transcript|TRANSCRIPT_YNL175C|protein_coding||c.-3443A>T|||||3443|,A|upstream_gene_variant|MODIFIER|YNL173C|YNL173C|transcript|TRANSCRIPT_YNL173C|protein_coding||c.-1998A>T|||||1998|,A|upstream_gene_variant|MODIFIER|YNL170W|YNL170W|transcript|TRANSCRIPT_YNL170W|protein_coding||c.-3920T>A|||||3920|,A|downstream_gene_variant|MODIFIER|YNL174W|YNL174W|transcript|TRANSCRIPT_YNL174W|protein_coding||c.*3409T>A|||||3409|,A|downstream_gene_variant|MODIFIER|YNL171C|YNL171C|transcript|TRANSCRIPT_YNL171C|protein_coding||c.*3571A>T|||||3571|,A|downstream_gene_variant|MODIFIER|YNL169C|YNL169C|transcript|TRANSCRIPT_YNL169C|protein_coding||c.*4111A>T|||||4111|	GT:AD:DP:GQ:PL	70_0.0;1410_1.0;2640_1.0;5150_1.0;7530_1.0;10150_1.0	1.0	16,0	0,25	0,14	0,17	0,6	0,9
chrXIV 374363 A -> T nan	chrXIV	374363	.	A	T	878.74		.	AC=5;AF=4.647e-03;AN=1076;BaseQRankSum=-4.470e-01;DP=8999;ExcessHet=0.0000;FS=2.905;InbreedingCoeff=0.3163;MLEAC=4;MLEAF=3.717e-03;MQ=60.00;MQRankSum=0.00;QD=30.30;ReadPosRankSum=-1.922e+00;SOR=0.174;ANN=T|upstream_gene_variant|MODIFIER|YNL137C|YNL137C|transcript|TRANSCRIPT_YNL137C|protein_coding||c.-4081T>A|||||4081|,T|upstream_gene_variant|MODIFIER|YNL135C|YNL135C|transcript|TRANSCRIPT_YNL135C|protein_coding||c.-1910T>A|||||1910|,T|upstream_gene_variant|MODIFIER|YNL134C|YNL134C|transcript|TRANSCRIPT_YNL134C|protein_coding||c.-555T>A|||||555|,T|upstream_gene_variant|MODIFIER|YNL132W|YNL132W|transcript|TRANSCRIPT_YNL132W|protein_coding||c.-1185A>T|||||1185|,T|upstream_gene_variant|MODIFIER|YNL131W|YNL131W|transcript|TRANSCRIPT_YNL131W|protein_coding||c.-4631A>T|||||4631|,T|downstream_gene_variant|MODIFIER|YNL136W|YNL136W|transcript|TRANSCRIPT_YNL136W|protein_coding||c.*2491A>T|||||2491|,T|downstream_gene_variant|MODIFIER|YNL133C|YNL133C|transcript|TRANSCRIPT_YNL133C|protein_coding||c.*35T>A|||||35|,T|intergenic_region|MODIFIER|YNL134C-YNL133C|YNL134C-YNL133C|intergenic_region|YNL134C-YNL133C|||n.374363A>T||||||	GT:AD:DP:GQ:PL	70_0.0;1410_0.0;2640_0.0;5150_0.8181818181818182;10150_1.0	1.0	17,0	18,0	11,0	2,9	0,1	0,18
chrXIV 385940 G -> T T|missense_variant|YNL127W||FAR11|Protein involved in recovery from cell cycle arrest	chrXIV	385940	.	G	T	2146.97	T|missense_variant|YNL127W||FAR11|Protein involved in recovery from cell cycle arrest	.	AC=10;AF=9.276e-03;AN=1078;DP=10604;ExcessHet=0.0000;FS=0.000;InbreedingCoeff=0.5961;MLEAC=9;MLEAF=8.349e-03;MQ=60.00;QD=30.73;SOR=1.688;ANN=T|missense_variant|MODERATE|YNL127W|YNL127W|transcript|TRANSCRIPT_YNL127W|protein_coding|1/1|c.1727G>T|p.Arg576Ile|1727/2862|1727/2862|576/953||,T|upstream_gene_variant|MODIFIER|YNL130C|YNL130C|transcript|TRANSCRIPT_YNL130C|protein_coding||c.-4882C>A|||||4882|,T|upstream_gene_variant|MODIFIER|YNL130C-A|YNL130C-A|transcript|TRANSCRIPT_YNL130C-A|protein_coding||c.-4322C>A|||||4322|,T|upstream_gene_variant|MODIFIER|YNL126W|YNL126W|transcript|TRANSCRIPT_YNL126W|protein_coding||c.-1514G>T|||||1514|,T|downstream_gene_variant|MODIFIER|YNL129W|YNL129W|transcript|TRANSCRIPT_YNL129W|protein_coding||c.*3511G>T|||||3511|,T|downstream_gene_variant|MODIFIER|YNL128W|YNL128W|transcript|TRANSCRIPT_YNL128W|protein_coding||c.*2050G>T|||||2050|,T|downstream_gene_variant|MODIFIER|YNL125C|YNL125C|transcript|TRANSCRIPT_YNL125C|protein_coding||c.*4433C>A|||||4433|	GT:AD:DP:GQ:PL	70_0.0;1410_1.0;2640_1.0;5150_1.0;10150_1.0	1.0	9,0	0,12	0,13	0,21	0,2	0,12
chrXIV 406034 G -> T nan	chrXIV	406034	.	G	T	943.96		.	AC=5;AF=4.647e-03;AN=1076;BaseQRankSum=-4.150e-01;DP=10829;ExcessHet=0.0000;FS=3.163;InbreedingCoeff=0.4698;MLEAC=3;MLEAF=2.788e-03;MQ=60.00;MQRankSum=0.00;QD=31.47;ReadPosRankSum=2.07;SOR=0.349;ANN=T|upstream_gene_variant|MODIFIER|YNL120C|YNL120C|transcript|TRANSCRIPT_YNL120C|protein_coding||c.-4289C>A|||||4289|,T|upstream_gene_variant|MODIFIER|YNL118C|YNL118C|transcript|TRANSCRIPT_YNL118C|protein_coding||c.-243C>A|||||243|,T|upstream_gene_variant|MODIFIER|YNL117W|YNL117W|transcript|TRANSCRIPT_YNL117W|protein_coding||c.-551G>T|||||551|,T|upstream_gene_variant|MODIFIER|YNL116W|YNL116W|transcript|TRANSCRIPT_YNL116W|protein_coding||c.-2534G>T|||||2534|,T|downstream_gene_variant|MODIFIER|YNL119W|YNL119W|transcript|TRANSCRIPT_YNL119W|protein_coding||c.*3286G>T|||||3286|,T|downstream_gene_variant|MODIFIER|YNL115C|YNL115C|transcript|TRANSCRIPT_YNL115C|protein_coding||c.*4312C>A|||||4312|,T|intergenic_region|MODIFIER|YNL118C-YNL117W|YNL118C-YNL117W|intergenic_region|YNL118C-YNL117W|||n.406034G>T||||||	GT:AD:DP:GQ:PL	70_0.0;1410_0.0;2640_0.0;5150_0.875;7530_1.0;10150_1.0	1.0	5,0	23,0	12,0	2,14	0,7	0,7
chrXIV 413891 A -> C C|missense_variant|YNL112W||DBP2|ATP-dependent RNA helicase of the DEAD-box protein family	chrXIV	413891	.	A	C	1696.08	C|missense_variant|YNL112W||DBP2|ATP-dependent RNA helicase of the DEAD-box protein family	.	AC=7;AF=6.494e-03;AN=1078;BaseQRankSum=-9.570e-01;DP=12558;ExcessHet=0.0000;FS=0.000;InbreedingCoeff=0.6117;MLEAC=5;MLEAF=4.638e-03;MQ=60.00;MQRankSum=0.00;QD=32.00;ReadPosRankSum=-2.017e+00;SOR=1.112;ANN=C|missense_variant|MODERATE|YNL112W|YNL112W|transcript|TRANSCRIPT_YNL112W|protein_coding|1/2|c.26A>C|p.Gln9Pro|26/1641|26/1641|9/546||,C|upstream_gene_variant|MODIFIER|YNL115C|YNL115C|transcript|TRANSCRIPT_YNL115C|protein_coding||c.-1611T>G|||||1611|,C|upstream_gene_variant|MODIFIER|YNL114C|YNL114C|transcript|TRANSCRIPT_YNL114C|protein_coding||c.-609T>G|||||609|,C|downstream_gene_variant|MODIFIER|YNL116W|YNL116W|transcript|TRANSCRIPT_YNL116W|protein_coding||c.*3755A>C|||||3755|,C|downstream_gene_variant|MODIFIER|YNL113W|YNL113W|transcript|TRANSCRIPT_YNL113W|protein_coding||c.*465A>C|||||465|,C|downstream_gene_variant|MODIFIER|YNL111C|YNL111C|transcript|TRANSCRIPT_YNL111C|protein_coding||c.*3276T>G|||||3276|,C|downstream_gene_variant|MODIFIER|YNL110C|YNL110C|transcript|TRANSCRIPT_YNL110C|protein_coding||c.*4162T>G|||||4162|	GT:AD:DP:GQ:PL	70_0.0;1410_0.0;2640_0.8518518518518519;5150_1.0;7530_1.0;10150_1.0	1.0	20,0	29,0	4,23	0,13	0,5	0,8
chrXIV 416125 T -> G G|intron_variant|YNL112W||DBP2|ATP-dependent RNA helicase of the DEAD-box protein family	chrXIV	416125	.	T	G	1680.18	G|intron_variant|YNL112W||DBP2|ATP-dependent RNA helicase of the DEAD-box protein family	.	AC=8;AF=7.421e-03;AN=1078;BaseQRankSum=4.37;DP=11233;ExcessHet=0.0000;FS=5.141;InbreedingCoeff=0.6724;MLEAC=6;MLEAF=5.566e-03;MQ=60.00;MQRankSum=0.00;QD=34.29;ReadPosRankSum=1.16;SOR=1.739;ANN=G|upstream_gene_variant|MODIFIER|YNL115C|YNL115C|transcript|TRANSCRIPT_YNL115C|protein_coding||c.-3845A>C|||||3845|,G|upstream_gene_variant|MODIFIER|YNL114C|YNL114C|transcript|TRANSCRIPT_YNL114C|protein_coding||c.-2843A>C|||||2843|,G|upstream_gene_variant|MODIFIER|YNL109W|YNL109W|transcript|TRANSCRIPT_YNL109W|protein_coding||c.-3066T>G|||||3066|,G|upstream_gene_variant|MODIFIER|YNL107W|YNL107W|transcript|TRANSCRIPT_YNL107W|protein_coding||c.-4200T>G|||||4200|,G|downstream_gene_variant|MODIFIER|YNL113W|YNL113W|transcript|TRANSCRIPT_YNL113W|protein_coding||c.*2699T>G|||||2699|,G|downstream_gene_variant|MODIFIER|YNL111C|YNL111C|transcript|TRANSCRIPT_YNL111C|protein_coding||c.*1042A>C|||||1042|,G|downstream_gene_variant|MODIFIER|YNL110C|YNL110C|transcript|TRANSCRIPT_YNL110C|protein_coding||c.*1928A>C|||||1928|,G|downstream_gene_variant|MODIFIER|YNL108C|YNL108C|transcript|TRANSCRIPT_YNL108C|protein_coding||c.*3116A>C|||||3116|,G|intron_variant|MODIFIER|YNL112W|YNL112W|transcript|TRANSCRIPT_YNL112W|protein_coding|1/1|c.1274-16T>G||||||	GT:AD:DP:GQ:PL	70_0.0;1410_0.0;2640_0.9444444444444444;5150_1.0;7530_1.0;10150_1.0	1.0	12,0	12,0	1,17	0,13	0,5	0,13
chrXIV 427508 C -> A nan	chrXIV	427508	.	C	A	2021.63		.	AC=10;AF=9.276e-03;AN=1078;BaseQRankSum=0.00;DP=9698;ExcessHet=0.0000;FS=0.000;InbreedingCoeff=0.5945;MLEAC=8;MLEAF=7.421e-03;MQ=60.00;MQRankSum=0.00;QD=34.26;ReadPosRankSum=1.00;SOR=0.446;ANN=A|upstream_gene_variant|MODIFIER|YNL106C|YNL106C|transcript|TRANSCRIPT_YNL106C|protein_coding||c.-2786G>T|||||2786|,A|upstream_gene_variant|MODIFIER|YNL104C|YNL104C|transcript|TRANSCRIPT_YNL104C|protein_coding||c.-527G>T|||||527|,A|upstream_gene_variant|MODIFIER|YNL103W|YNL103W|transcript|TRANSCRIPT_YNL103W|protein_coding||c.-454C>A|||||454|,A|upstream_gene_variant|MODIFIER|YNL102W|YNL102W|transcript|TRANSCRIPT_YNL102W|protein_coding||c.-2806C>A|||||2806|,A|downstream_gene_variant|MODIFIER|YNL105W|YNL105W|transcript|TRANSCRIPT_YNL105W|protein_coding||c.*2698C>A|||||2698|,A|downstream_gene_variant|MODIFIER|YNL103W-A|YNL103W-A|transcript|TRANSCRIPT_YNL103W-A|protein_coding||c.*473C>A|||||473|,A|intergenic_region|MODIFIER|YNL103W-A-YNL103W|YNL103W-A-YNL103W|intergenic_region|YNL103W-A-YNL103W|||n.427508C>A||||||	GT:AD:DP:GQ:PL	70_0.0;1410_0.9285714285714286;2640_1.0;5150_1.0;10150_1.0	1.0	18,0	1,13	0,9	0,22	0,2	0,12
chrXIV 444656 A -> T nan	chrXIV	444656	.	A	T	1439.4		.	AC=9;AF=8.349e-03;AN=1078;BaseQRankSum=-1.570e-01;DP=10500;ExcessHet=0.0000;FS=0.000;InbreedingCoeff=0.6396;MLEAC=8;MLEAF=7.421e-03;MQ=60.00;MQRankSum=0.00;QD=31.29;ReadPosRankSum=1.53;SOR=1.302;ANN=T|upstream_gene_variant|MODIFIER|YNL098C|YNL098C|transcript|TRANSCRIPT_YNL098C|protein_coding||c.-3858T>A|||||3858|,T|upstream_gene_variant|MODIFIER|YNL097C-B|YNL097C-B|transcript|TRANSCRIPT_YNL097C-B|protein_coding||c.-3509T>A|||||3509|,T|upstream_gene_variant|MODIFIER|YNL097C|YNL097C|transcript|TRANSCRIPT_YNL097C|protein_coding||c.-2092T>A|||||2092|,T|upstream_gene_variant|MODIFIER|YNL096C|YNL096C|transcript|TRANSCRIPT_YNL096C|protein_coding||c.-140T>A|||||140|,T|upstream_gene_variant|MODIFIER|YNL094W|YNL094W|transcript|TRANSCRIPT_YNL094W|protein_coding||c.-3154A>T|||||3154|,T|downstream_gene_variant|MODIFIER|YNL097W-A|YNL097W-A|transcript|TRANSCRIPT_YNL097W-A|protein_coding||c.*2864A>T|||||2864|,T|downstream_gene_variant|MODIFIER|YNL095C|YNL095C|transcript|TRANSCRIPT_YNL095C|protein_coding||c.*455T>A|||||455|,T|intergenic_region|MODIFIER|YNL096C-YNL095C|YNL096C-YNL095C|intergenic_region|YNL096C-YNL095C|||n.444656A>T||||||	GT:AD:DP:GQ:PL	70_0.0;1410_0.875;2640_1.0;5150_1.0;10150_1.0	1.0	17,0	1,7	0,12	0,9	0,3	0,14
chrXIV 485813 G -> A A|upstream_gene_variant|YNL075W|3|IMP4|Component of the SSU processome	chrXIV	485813	.	G	A	2196.77	A|upstream_gene_variant|YNL075W|3|IMP4|Component of the SSU processome	.	AC=7;AF=6.530e-03;AN=1072;BaseQRankSum=-7.590e-01;DP=10793;ExcessHet=0.0000;FS=5.514;InbreedingCoeff=0.5411;MLEAC=7;MLEAF=6.530e-03;MQ=60.00;MQRankSum=0.00;QD=32.31;ReadPosRankSum=-7.570e-01;SOR=0.129;ANN=A|upstream_gene_variant|MODIFIER|YNL075W|YNL075W|transcript|TRANSCRIPT_YNL075W|protein_coding||c.-3G>A|||||3|,A|upstream_gene_variant|MODIFIER|YNL073W|YNL073W|transcript|TRANSCRIPT_YNL073W|protein_coding||c.-2782G>A|||||2782|,A|upstream_gene_variant|MODIFIER|YNL072W|YNL072W|transcript|TRANSCRIPT_YNL072W|protein_coding||c.-4713G>A|||||4713|,A|downstream_gene_variant|MODIFIER|YNL078W|YNL078W|transcript|TRANSCRIPT_YNL078W|protein_coding||c.*4612G>A|||||4612|,A|downstream_gene_variant|MODIFIER|YNL077W|YNL077W|transcript|TRANSCRIPT_YNL077W|protein_coding||c.*2626G>A|||||2626|,A|downstream_gene_variant|MODIFIER|YNL076W|YNL076W|transcript|TRANSCRIPT_YNL076W|protein_coding||c.*294G>A|||||294|,A|downstream_gene_variant|MODIFIER|YNL074C|YNL074C|transcript|TRANSCRIPT_YNL074C|protein_coding||c.*1162C>T|||||1162|,A|intergenic_region|MODIFIER|YNL076W-YNL075W|YNL076W-YNL075W|intergenic_region|YNL076W-YNL075W|||n.485813G>A||||||	GT:AD:DP:GQ:PL	70_0.0;1410_0.8235294117647058;2640_1.0;5150_1.0;10150_1.0	1.0	20,0	3,14	0,13	0,27	0,0	0,11
chrXIV 544264 T -> G G|missense_variant|YNL045W||LAP2|Leucyl aminopeptidase yscIV with epoxide hydrolase activity	chrXIV	544264	.	T	G	2024.94	G|missense_variant|YNL045W||LAP2|Leucyl aminopeptidase yscIV with epoxide hydrolase activity	.	AC=9;AF=8.364e-03;AN=1076;BaseQRankSum=-3.850e-01;DP=9190;ExcessHet=0.0000;FS=3.655;InbreedingCoeff=0.5674;MLEAC=9;MLEAF=8.364e-03;MQ=60.00;MQRankSum=0.00;QD=34.91;ReadPosRankSum=1.04;SOR=0.742;ANN=G|missense_variant|MODERATE|YNL045W|YNL045W|transcript|TRANSCRIPT_YNL045W|protein_coding|1/1|c.1093T>G|p.Trp365Gly|1093/2016|1093/2016|365/671||,G|upstream_gene_variant|MODIFIER|YNL047C|YNL047C|transcript|TRANSCRIPT_YNL047C|protein_coding||c.-2174A>C|||||2174|,G|upstream_gene_variant|MODIFIER|YNL044W|YNL044W|transcript|TRANSCRIPT_YNL044W|protein_coding||c.-1213T>G|||||1213|,G|upstream_gene_variant|MODIFIER|YNL042W-B|YNL042W-B|transcript|TRANSCRIPT_YNL042W-B|protein_coding||c.-3058T>G|||||3058|,G|upstream_gene_variant|MODIFIER|YNL042W|YNL042W|transcript|TRANSCRIPT_YNL042W|protein_coding||c.-4045T>G|||||4045|,G|downstream_gene_variant|MODIFIER|YNL048W|YNL048W|transcript|TRANSCRIPT_YNL048W|protein_coding||c.*4236T>G|||||4236|,G|downstream_gene_variant|MODIFIER|YNL046W|YNL046W|transcript|TRANSCRIPT_YNL046W|protein_coding||c.*1233T>G|||||1233|,G|downstream_gene_variant|MODIFIER|YNL043C|YNL043C|transcript|TRANSCRIPT_YNL043C|protein_coding||c.*1534A>C|||||1534|	GT:AD:DP:GQ:PL	70_0.9;1410_1.0;2640_1.0;5150_1.0;10150_1.0	1.0	1,9	0,10	0,13	0,16	1,0	0,9
chrXIV 570747 G -> A A|stop_gained|YNL034W||nan|Putative protein of unknown function	chrXIV	570747	.	G	A	1260.52	A|stop_gained|YNL034W||nan|Putative protein of unknown function	.	AC=8;AF=7.463e-03;AN=1072;DP=7857;ExcessHet=0.0000;FS=0.000;InbreedingCoeff=0.4893;MLEAC=7;MLEAF=6.530e-03;MQ=52.59;QD=34.07;SOR=1.270;ANN=A|stop_gained|HIGH|YNL034W|YNL034W|transcript|TRANSCRIPT_YNL034W|protein_coding|1/1|c.62G>A|p.Trp21*|62/1839|62/1839|21/612||,A|upstream_gene_variant|MODIFIER|YNL035C|YNL035C|transcript|TRANSCRIPT_YNL035C|protein_coding||c.-847C>T|||||847|,A|upstream_gene_variant|MODIFIER|YNL033W|YNL033W|transcript|TRANSCRIPT_YNL033W|protein_coding||c.-2461G>A|||||2461|,A|upstream_gene_variant|MODIFIER|YNL032W|YNL032W|transcript|TRANSCRIPT_YNL032W|protein_coding||c.-3968G>A|||||3968|	GT:AD:DP:GQ:PL	70_0.0;1410_0.0;2640_1.0;5150_1.0;10150_1.0	1.0	16,0	14,0	0,12	0,13	0,2	0,10
chrXIV 636201 T -> C C|missense_variant|YNR004W||SWM2|Protein with a role in snRNA and snoRNA cap trimethylation	chrXIV	636201	.	T	C	2180.23	C|missense_variant|YNR004W||SWM2|Protein with a role in snRNA and snoRNA cap trimethylation	.	AC=9;AF=8.349e-03;AN=1078;BaseQRankSum=0.552;DP=10728;ExcessHet=0.0000;FS=0.000;InbreedingCoeff=0.5690;MLEAC=8;MLEAF=7.421e-03;MQ=60.00;MQRankSum=0.00;QD=32.06;ReadPosRankSum=0.039;SOR=0.971;ANN=C|missense_variant|MODERATE|YNR004W|YNR004W|transcript|TRANSCRIPT_YNR004W|protein_coding|1/1|c.50T>C|p.Leu17Ser|50/441|50/441|17/146||,C|upstream_gene_variant|MODIFIER|YNR001C|YNR001C|transcript|TRANSCRIPT_YNR001C|protein_coding||c.-4931A>G|||||4931|,C|upstream_gene_variant|MODIFIER|YNR002C|YNR002C|transcript|TRANSCRIPT_YNR002C|protein_coding||c.-2136A>G|||||2136|,C|upstream_gene_variant|MODIFIER|YNR003C|YNR003C|transcript|TRANSCRIPT_YNR003C|protein_coding||c.-695A>G|||||695|,C|upstream_gene_variant|MODIFIER|YNR006W|YNR006W|transcript|TRANSCRIPT_YNR006W|protein_coding||c.-994T>C|||||994|,C|upstream_gene_variant|MODIFIER|YNR008W|YNR008W|transcript|TRANSCRIPT_YNR008W|protein_coding||c.-4404T>C|||||4404|,C|downstream_gene_variant|MODIFIER|YNR001W-A|YNR001W-A|transcript|TRANSCRIPT_YNR001W-A|protein_coding||c.*4511T>C|||||4511|,C|downstream_gene_variant|MODIFIER|YNR003W-A|YNR003W-A|transcript|TRANSCRIPT_YNR003W-A|protein_coding||c.*1474T>C|||||1474|,C|downstream_gene_variant|MODIFIER|YNR005C|YNR005C|transcript|TRANSCRIPT_YNR005C|protein_coding||c.*939A>G|||||939|,C|downstream_gene_variant|MODIFIER|YNR007C|YNR007C|transcript|TRANSCRIPT_YNR007C|protein_coding||c.*3190A>G|||||3190|	GT:AD:DP:GQ:PL	70_0.0;1410_0.7727272727272727;2640_1.0;5150_1.0;10150_1.0	1.0	18,0	5,17	0,15	0,16	0,2	0,13
chrXIV 645104 T -> G G|missense_variant|YNR011C||PRP2|RNA-dependent DExD/H-box ATPase	chrXIV	645104	.	T	G	588.01	G|missense_variant|YNR011C||PRP2|RNA-dependent DExD/H-box ATPase	.	AC=5;AF=4.638e-03;AN=1078;BaseQRankSum=0.605;DP=11020;ExcessHet=0.0000;FS=2.788;InbreedingCoeff=0.4096;MLEAC=3;MLEAF=2.783e-03;MQ=60.00;MQRankSum=0.00;QD=28.00;ReadPosRankSum=0.285;SOR=0.195;ANN=G|missense_variant|MODERATE|YNR011C|YNR011C|transcript|TRANSCRIPT_YNR011C|protein_coding|1/1|c.2056A>C|p.Ile686Leu|2056/2631|2056/2631|686/876||,G|upstream_gene_variant|MODIFIER|YNR007C|YNR007C|transcript|TRANSCRIPT_YNR007C|protein_coding||c.-4781A>C|||||4781|,G|upstream_gene_variant|MODIFIER|YNR012W|YNR012W|transcript|TRANSCRIPT_YNR012W|protein_coding||c.-2537T>G|||||2537|,G|downstream_gene_variant|MODIFIER|YNR008W|YNR008W|transcript|TRANSCRIPT_YNR008W|protein_coding||c.*2514T>G|||||2514|,G|downstream_gene_variant|MODIFIER|YNR009W|YNR009W|transcript|TRANSCRIPT_YNR009W|protein_coding||c.*1456T>G|||||1456|,G|downstream_gene_variant|MODIFIER|YNR010W|YNR010W|transcript|TRANSCRIPT_YNR010W|protein_coding||c.*702T>G|||||702|,G|downstream_gene_variant|MODIFIER|YNR013C|YNR013C|transcript|TRANSCRIPT_YNR013C|protein_coding||c.*4133A>C|||||4133|	GT:AD:DP:GQ:PL	70_0.0;1410_0.0;2640_0.0;5150_0.7272727272727273;10150_1.0	1.0	13,0	16,0	22,0	3,8	0,4	0,6
chrXIV 665787 C -> T T|synonymous_variant|YNR019W||ARE2|Acyl-CoA:sterol acyltransferase	chrXIV	665787	.	C	T	877.47	T|synonymous_variant|YNR019W||ARE2|Acyl-CoA:sterol acyltransferase	.	AC=7;AF=6.506e-03;AN=1076;BaseQRankSum=2.24;DP=10399;ExcessHet=0.0000;FS=3.039;InbreedingCoeff=0.4639;MLEAC=4;MLEAF=3.717e-03;MQ=60.00;MQRankSum=0.00;QD=19.50;ReadPosRankSum=0.239;SOR=1.435;ANN=T|synonymous_variant|LOW|YNR019W|YNR019W|transcript|TRANSCRIPT_YNR019W|protein_coding|1/1|c.240C>T|p.Gly80Gly|240/1929|240/1929|80/642||,T|upstream_gene_variant|MODIFIER|YNR016C|YNR016C|transcript|TRANSCRIPT_YNR016C|protein_coding||c.-4204G>A|||||4204|,T|upstream_gene_variant|MODIFIER|YNR021W|YNR021W|transcript|TRANSCRIPT_YNR021W|protein_coding||c.-2799C>T|||||2799|,T|upstream_gene_variant|MODIFIER|YNR023W|YNR023W|transcript|TRANSCRIPT_YNR023W|protein_coding||c.-4840C>T|||||4840|,T|downstream_gene_variant|MODIFIER|YNR017W|YNR017W|transcript|TRANSCRIPT_YNR017W|protein_coding||c.*1997C>T|||||1997|,T|downstream_gene_variant|MODIFIER|YNR018W|YNR018W|transcript|TRANSCRIPT_YNR018W|protein_coding||c.*634C>T|||||634|,T|downstream_gene_variant|MODIFIER|YNR020C|YNR020C|transcript|TRANSCRIPT_YNR020C|protein_coding||c.*1832G>A|||||1832|,T|downstream_gene_variant|MODIFIER|YNR022C|YNR022C|transcript|TRANSCRIPT_YNR022C|protein_coding||c.*4196G>A|||||4196|	GT:AD:DP:GQ:PL	70_0.0;1410_0.0;2640_0.0;5150_0.9375;10150_1.0	0.9333333333333332	19,0	18,0	12,0	1,15	0,4	0,9
chrXIV 667343 T -> A A|missense_variant|YNR019W||ARE2|Acyl-CoA:sterol acyltransferase	chrXIV	667343	.	T	A	950.14	A|missense_variant|YNR019W||ARE2|Acyl-CoA:sterol acyltransferase	.	AC=6;AF=5.576e-03;AN=1076;BaseQRankSum=-4.280e-01;DP=11496;ExcessHet=0.0000;FS=0.000;InbreedingCoeff=0.5897;MLEAC=4;MLEAF=3.717e-03;MQ=60.00;MQRankSum=0.00;QD=31.67;ReadPosRankSum=-1.090e-01;SOR=0.392;ANN=A|missense_variant|MODERATE|YNR019W|YNR019W|transcript|TRANSCRIPT_YNR019W|protein_coding|1/1|c.1796T>A|p.Met599Lys|1796/1929|1796/1929|599/642||,A|upstream_gene_variant|MODIFIER|YNR021W|YNR021W|transcript|TRANSCRIPT_YNR021W|protein_coding||c.-1243T>A|||||1243|,A|upstream_gene_variant|MODIFIER|YNR023W|YNR023W|transcript|TRANSCRIPT_YNR023W|protein_coding||c.-3284T>A|||||3284|,A|downstream_gene_variant|MODIFIER|YNR017W|YNR017W|transcript|TRANSCRIPT_YNR017W|protein_coding||c.*3553T>A|||||3553|,A|downstream_gene_variant|MODIFIER|YNR018W|YNR018W|transcript|TRANSCRIPT_YNR018W|protein_coding||c.*2190T>A|||||2190|,A|downstream_gene_variant|MODIFIER|YNR020C|YNR020C|transcript|TRANSCRIPT_YNR020C|protein_coding||c.*276A>T|||||276|,A|downstream_gene_variant|MODIFIER|YNR022C|YNR022C|transcript|TRANSCRIPT_YNR022C|protein_coding||c.*2640A>T|||||2640|	GT:AD:DP:GQ:PL	70_0.0;1410_0.0;2640_0.0;5150_0.9375;10150_1.0	1.0	17,0	17,0	14,0	1,15	0,4	0,10
chrXIV 671932 G -> T T|missense_variant|YNR023W||SNF12|73 kDa subunit of the SWI/SNF chromatin remodeling complex	chrXIV	671932	.	G	T	2491.94	T|missense_variant|YNR023W||SNF12|73 kDa subunit of the SWI/SNF chromatin remodeling complex	.	AC=9;AF=8.349e-03;AN=1078;BaseQRankSum=-2.980e-01;DP=12521;ExcessHet=0.0000;FS=5.337;InbreedingCoeff=0.6208;MLEAC=8;MLEAF=7.421e-03;MQ=60.00;MQRankSum=0.00;QD=32.79;ReadPosRankSum=0.832;SOR=0.146;ANN=T|missense_variant|MODERATE|YNR023W|YNR023W|transcript|TRANSCRIPT_YNR023W|protein_coding|1/1|c.1306G>T|p.Gly436Cys|1306/1701|1306/1701|436/566||,T|upstream_gene_variant|MODIFIER|YNR020C|YNR020C|transcript|TRANSCRIPT_YNR020C|protein_coding||c.-3501C>A|||||3501|,T|upstream_gene_variant|MODIFIER|YNR022C|YNR022C|transcript|TRANSCRIPT_YNR022C|protein_coding||c.-1530C>A|||||1530|,T|upstream_gene_variant|MODIFIER|YNR024W|YNR024W|transcript|TRANSCRIPT_YNR024W|protein_coding||c.-686G>T|||||686|,T|upstream_gene_variant|MODIFIER|YNR027W|YNR027W|transcript|TRANSCRIPT_YNR027W|protein_coding||c.-3200G>T|||||3200|,T|upstream_gene_variant|MODIFIER|YNR028W|YNR028W|transcript|TRANSCRIPT_YNR028W|protein_coding||c.-4454G>T|||||4454|,T|downstream_gene_variant|MODIFIER|YNR019W|YNR019W|transcript|TRANSCRIPT_YNR019W|protein_coding||c.*4456G>T|||||4456|,T|downstream_gene_variant|MODIFIER|YNR021W|YNR021W|transcript|TRANSCRIPT_YNR021W|protein_coding||c.*2132G>T|||||2132|,T|downstream_gene_variant|MODIFIER|YNR025C|YNR025C|transcript|TRANSCRIPT_YNR025C|protein_coding||c.*979C>A|||||979|,T|downstream_gene_variant|MODIFIER|YNR026C|YNR026C|transcript|TRANSCRIPT_YNR026C|protein_coding||c.*1551C>A|||||1551|	GT:AD:DP:GQ:PL	70_0.0;1410_0.8333333333333334;2640_1.0;5150_1.0;7530_1.0;10150_1.0	1.0	22,0	3,15	0,17	0,20	0,5	0,16
chrXV 19039 TG -> T nan	chrXV	19039	.	TG	T	1748.27		.	AC=7;AF=6.591e-03;AN=1062;BaseQRankSum=-2.130e-01;DP=10897;ExcessHet=0.0000;FS=3.680;InbreedingCoeff=0.6451;MLEAC=6;MLEAF=5.650e-03;MQ=60.00;MQRankSum=0.00;QD=26.00;ReadPosRankSum=-1.206e+00;SOR=0.769;ANN=T|upstream_gene_variant|MODIFIER|YOL159C-A|YOL159C-A|transcript|TRANSCRIPT_YOL159C-A|protein_coding||c.-3537delC|||||3537|,T|upstream_gene_variant|MODIFIER|YOL159C|YOL159C|transcript|TRANSCRIPT_YOL159C|protein_coding||c.-1246delC|||||1246|,T|downstream_gene_variant|MODIFIER|YOL160W|YOL160W|transcript|TRANSCRIPT_YOL160W|protein_coding||c.*4388delG|||||4388|,T|downstream_gene_variant|MODIFIER|YOL158C|YOL158C|transcript|TRANSCRIPT_YOL158C|protein_coding||c.*449delC|||||449|,T|downstream_gene_variant|MODIFIER|YOL157C|YOL157C|transcript|TRANSCRIPT_YOL157C|protein_coding||c.*3483delC|||||3483|,T|intergenic_region|MODIFIER|YOL159C-YOL158C|YOL159C-YOL158C|intergenic_region|YOL159C-YOL158C|||n.19040delG||||||	GT:AD:DP:GQ:PL	70_0.0;1410_0.0;2640_0.9230769230769231;5150_1.0;7530_1.0;10150_1.0	1.0	17,0	20,0	1,12	0,17	0,6	0,13
chrXV 21100 CA -> C C|frameshift_variant|YOL158C||ENB1|Ferric enterobactin transmembrane transporter	chrXV	21100	.	CA	C	549.75	C|frameshift_variant|YOL158C||ENB1|Ferric enterobactin transmembrane transporter	.	AC=3;AF=2.836e-03;AN=1058;BaseQRankSum=-9.210e-01;DP=10573;ExcessHet=0.0062;FS=0.000;InbreedingCoeff=0.4941;MLEAC=3;MLEAF=2.836e-03;MQ=60.00;MQRankSum=0.00;QD=28.93;ReadPosRankSum=-8.230e-01;SOR=1.022;ANN=C|frameshift_variant|HIGH|YOL158C|YOL158C|transcript|TRANSCRIPT_YOL158C|protein_coding|1/1|c.209delT|p.Leu70fs|209/1821|209/1821|70/606||,C|upstream_gene_variant|MODIFIER|YOL159C|YOL159C|transcript|TRANSCRIPT_YOL159C|protein_coding||c.-3307delT|||||3307|,C|upstream_gene_variant|MODIFIER|YOL156W|YOL156W|transcript|TRANSCRIPT_YOL156W|protein_coding||c.-4170delA|||||4170|,C|downstream_gene_variant|MODIFIER|YOL157C|YOL157C|transcript|TRANSCRIPT_YOL157C|protein_coding||c.*1422delT|||||1422|;LOF=(YOL158C|YOL158C|1|1.00)	GT:AD:DP:GQ:PL	70_0.0;1410_0.0;2640_0.0;5150_0.625;10150_1.0	1.0	13,0	11,0	17,0	3,5	1,0	0,11
chrXV 109470 G -> T T|missense_variant|YOL110W||SHR5|Palmitoyltransferase subunit	chrXV	109470	.	G	T	595.03	T|missense_variant|YOL110W||SHR5|Palmitoyltransferase subunit	.	AC=3;AF=2.804e-03;AN=1070;BaseQRankSum=-7.280e-01;DP=7264;ExcessHet=0.0061;FS=0.000;InbreedingCoeff=0.2928;MLEAC=3;MLEAF=2.804e-03;MQ=60.00;MQRankSum=0.00;QD=29.75;ReadPosRankSum=-1.400e-01;SOR=1.493;ANN=T|missense_variant|MODERATE|YOL110W|YOL110W|transcript|TRANSCRIPT_YOL110W|protein_coding|1/1|c.373G>T|p.Gly125Cys|373/714|373/714|125/237||,T|upstream_gene_variant|MODIFIER|YOL111C|YOL111C|transcript|TRANSCRIPT_YOL111C|protein_coding||c.-652C>A|||||652|,T|upstream_gene_variant|MODIFIER|YOL109W|YOL109W|transcript|TRANSCRIPT_YOL109W|protein_coding||c.-749G>T|||||749|,T|upstream_gene_variant|MODIFIER|YOL107W|YOL107W|transcript|TRANSCRIPT_YOL107W|protein_coding||c.-2554G>T|||||2554|,T|upstream_gene_variant|MODIFIER|YOL106W|YOL106W|transcript|TRANSCRIPT_YOL106W|protein_coding||c.-3678G>T|||||3678|,T|downstream_gene_variant|MODIFIER|YOL113W|YOL113W|transcript|TRANSCRIPT_YOL113W|protein_coding||c.*3255G>T|||||3255|,T|downstream_gene_variant|MODIFIER|YOL112W|YOL112W|transcript|TRANSCRIPT_YOL112W|protein_coding||c.*1360G>T|||||1360|,T|downstream_gene_variant|MODIFIER|YOL108C|YOL108C|transcript|TRANSCRIPT_YOL108C|protein_coding||c.*1883C>A|||||1883|,T|downstream_gene_variant|MODIFIER|YOL105C|YOL105C|transcript|TRANSCRIPT_YOL105C|protein_coding||c.*4590C>A|||||4590|	GT:AD:DP:GQ:PL	70_0.0;1410_0.0;2640_0.0;5150_0.8;10150_1.0	1.0	18,0	10,0	18,0	2,8	2,0	0,10
chrXV 162231 C -> A A|upstream_gene_variant|YOL084W|47|PHM7|Protein of unknown function	chrXV	162231	.	C	A	1497.19	A|upstream_gene_variant|YOL084W|47|PHM7|Protein of unknown function	.	AC=6;AF=5.576e-03;AN=1076;BaseQRankSum=1.78;DP=11757;ExcessHet=0.0000;FS=4.319;InbreedingCoeff=0.5439;MLEAC=5;MLEAF=4.647e-03;MQ=60.00;MQRankSum=0.00;QD=30.55;ReadPosRankSum=-4.010e-01;SOR=2.786;ANN=A|upstream_gene_variant|MODIFIER|YOL087C|YOL087C|transcript|TRANSCRIPT_YOL087C|protein_coding||c.-3672G>T|||||3672|,A|upstream_gene_variant|MODIFIER|YOL086C|YOL086C|transcript|TRANSCRIPT_YOL086C|protein_coding||c.-1715G>T|||||1715|,A|upstream_gene_variant|MODIFIER|YOL085C|YOL085C|transcript|TRANSCRIPT_YOL085C|protein_coding||c.-295G>T|||||295|,A|upstream_gene_variant|MODIFIER|YOL084W|YOL084W|transcript|TRANSCRIPT_YOL084W|protein_coding||c.-47C>A|||||47|,A|upstream_gene_variant|MODIFIER|YOL083W|YOL083W|transcript|TRANSCRIPT_YOL083W|protein_coding||c.-3405C>A|||||3405|,A|downstream_gene_variant|MODIFIER|YOL086W-A|YOL086W-A|transcript|TRANSCRIPT_YOL086W-A|protein_coding||c.*2864C>A|||||2864|,A|downstream_gene_variant|MODIFIER|YOL085W-A|YOL085W-A|transcript|TRANSCRIPT_YOL085W-A|protein_coding||c.*518C>A|||||518|,A|downstream_gene_variant|MODIFIER|YOL083C-A|YOL083C-A|transcript|TRANSCRIPT_YOL083C-A|protein_coding||c.*4152G>T|||||4152|,A|intergenic_region|MODIFIER|YOL085C-YOL084W|YOL085C-YOL084W|intergenic_region|YOL085C-YOL084W|||n.162231C>A||||||	GT:AD:DP:GQ:PL	70_0.0;1410_0.0;2640_0.8947368421052632;5150_1.0;10150_1.0	1.0	19,0	15,0	2,17	0,17	0,0	0,13
chrXV 248050 C -> T T|missense_variant|YOL044W||PEX15|Tail-anchored type II integral peroxisomal membrane protein	chrXV	248050	.	C	T	2152.51	T|missense_variant|YOL044W||PEX15|Tail-anchored type II integral peroxisomal membrane protein	.	AC=10;AF=9.294e-03;AN=1076;BaseQRankSum=-5.660e-01;DP=10430;ExcessHet=0.0000;FS=4.051;InbreedingCoeff=0.6678;MLEAC=8;MLEAF=7.435e-03;MQ=60.00;MQRankSum=0.00;QD=34.17;ReadPosRankSum=0.275;SOR=1.108;ANN=T|missense_variant|MODERATE|YOL044W|YOL044W|transcript|TRANSCRIPT_YOL044W|protein_coding|1/1|c.979C>T|p.His327Tyr|979/1152|979/1152|327/383||,T|upstream_gene_variant|MODIFIER|YOL046C|YOL046C|transcript|TRANSCRIPT_YOL046C|protein_coding||c.-3988G>A|||||3988|,T|upstream_gene_variant|MODIFIER|YOL042W|YOL042W|transcript|TRANSCRIPT_YOL042W|protein_coding||c.-1697C>T|||||1697|,T|downstream_gene_variant|MODIFIER|YOL045W|YOL045W|transcript|TRANSCRIPT_YOL045W|protein_coding||c.*1326C>T|||||1326|,T|downstream_gene_variant|MODIFIER|YOL043C|YOL043C|transcript|TRANSCRIPT_YOL043C|protein_coding||c.*264G>A|||||264|,T|downstream_gene_variant|MODIFIER|YOL041C|YOL041C|transcript|TRANSCRIPT_YOL041C|protein_coding||c.*3139G>A|||||3139|	GT:AD:DP:GQ:PL	70_0.0;1410_0.9473684210526315;2640_1.0;5150_1.0;10150_1.0	1.0	25,0	1,18	0,12	0,18	0,2	0,12
chrXV 261911 C -> T T|synonymous_variant|YOL034W||SMC5|Subunit of the SMC5-SMC6 complex	chrXV	261911	.	C	T	992.01	T|synonymous_variant|YOL034W||SMC5|Subunit of the SMC5-SMC6 complex	.	AC=7;AF=6.506e-03;AN=1076;BaseQRankSum=1.90;DP=10026;ExcessHet=0.0000;FS=0.000;InbreedingCoeff=0.5608;MLEAC=5;MLEAF=4.647e-03;MQ=60.00;MQRankSum=0.00;QD=28.34;ReadPosRankSum=-1.449e+00;SOR=1.179;ANN=T|synonymous_variant|LOW|YOL034W|YOL034W|transcript|TRANSCRIPT_YOL034W|protein_coding|1/1|c.2067C>T|p.His689His|2067/3282|2067/3282|689/1093||,T|upstream_gene_variant|MODIFIER|YOL037C|YOL037C|transcript|TRANSCRIPT_YOL037C|protein_coding||c.-4970G>A|||||4970|,T|upstream_gene_variant|MODIFIER|YOL035C|YOL035C|transcript|TRANSCRIPT_YOL035C|protein_coding||c.-2884G>A|||||2884|,T|upstream_gene_variant|MODIFIER|YOL033W|YOL033W|transcript|TRANSCRIPT_YOL033W|protein_coding||c.-1486C>T|||||1486|,T|upstream_gene_variant|MODIFIER|YOL032W|YOL032W|transcript|TRANSCRIPT_YOL032W|protein_coding||c.-3440C>T|||||3440|,T|downstream_gene_variant|MODIFIER|YOL036W|YOL036W|transcript|TRANSCRIPT_YOL036W|protein_coding||c.*2959C>T|||||2959|,T|downstream_gene_variant|MODIFIER|YOL031C|YOL031C|transcript|TRANSCRIPT_YOL031C|protein_coding||c.*4275G>A|||||4275|	GT:AD:DP:GQ:PL	70_0.0;1410_0.0;2640_0.8666666666666667;5150_1.0;10150_1.0	1.0	21,0	17,0	2,13	0,9	0,4	0,7
chrXV 290249 C -> G G|missense_variant|YOL019W||nan|Protein of unknown function	chrXV	290249	.	C	G	1021.79	G|missense_variant|YOL019W||nan|Protein of unknown function	.	AC=5;AF=4.647e-03;AN=1076;BaseQRankSum=0.278;DP=10644;ExcessHet=0.0000;FS=0.000;InbreedingCoeff=0.4367;MLEAC=4;MLEAF=3.717e-03;MQ=60.00;MQRankSum=0.00;QD=28.38;ReadPosRankSum=-1.326e+00;SOR=0.404;ANN=G|missense_variant|MODERATE|YOL019W|YOL019W|transcript|TRANSCRIPT_YOL019W|protein_coding|1/1|c.1430C>G|p.Pro477Arg|1430/1656|1430/1656|477/551||,G|upstream_gene_variant|MODIFIER|YOL021C|YOL021C|transcript|TRANSCRIPT_YOL021C|protein_coding||c.-4901G>C|||||4901|,G|upstream_gene_variant|MODIFIER|YOL017W|YOL017W|transcript|TRANSCRIPT_YOL017W|protein_coding||c.-2202C>G|||||2202|,G|downstream_gene_variant|MODIFIER|YOL020W|YOL020W|transcript|TRANSCRIPT_YOL020W|protein_coding||c.*2377C>G|||||2377|,G|downstream_gene_variant|MODIFIER|YOL019W-A|YOL019W-A|transcript|TRANSCRIPT_YOL019W-A|protein_coding||c.*1755C>G|||||1755|,G|downstream_gene_variant|MODIFIER|YOL018C|YOL018C|transcript|TRANSCRIPT_YOL018C|protein_coding||c.*554G>C|||||554|,G|downstream_gene_variant|MODIFIER|YOL016C|YOL016C|transcript|TRANSCRIPT_YOL016C|protein_coding||c.*4450G>C|||||4450|	GT:AD:DP:GQ:PGT:PID:PL:PS	70_0.0;1410_0.0;2640_0.0;5150_0.85;10150_1.0	1.0	17,0	15,0	23,0	3,17	0,4	0,12
chrXV 323645 C -> T T|synonymous_variant|YOL002C||IZH2|Plasma membrane receptor for plant antifungal osmotin	chrXV	323645	.	C	T	2613.77	T|synonymous_variant|YOL002C||IZH2|Plasma membrane receptor for plant antifungal osmotin	.	AC=10;AF=9.311e-03;AN=1074;DP=11943;ExcessHet=0.0000;FS=0.000;InbreedingCoeff=0.7874;MLEAC=9;MLEAF=8.380e-03;MQ=60.00;QD=34.85;SOR=1.091;ANN=T|synonymous_variant|LOW|YOL002C|YOL002C|transcript|TRANSCRIPT_YOL002C|protein_coding|1/1|c.642G>A|p.Gly214Gly|642/954|642/954|214/317||,T|upstream_gene_variant|MODIFIER|YOL003C|YOL003C|transcript|TRANSCRIPT_YOL003C|protein_coding||c.-729G>A|||||729|,T|upstream_gene_variant|MODIFIER|YOL001W|YOL001W|transcript|TRANSCRIPT_YOL001W|protein_coding||c.-1526C>T|||||1526|,T|upstream_gene_variant|MODIFIER|YOR001W|YOR001W|transcript|TRANSCRIPT_YOR001W|protein_coding||c.-3109C>T|||||3109|,T|downstream_gene_variant|MODIFIER|YOL004W|YOL004W|transcript|TRANSCRIPT_YOL004W|protein_coding||c.*2175C>T|||||2175|	GT:AD:DP:GQ:PL	70_0.0;1410_1.0;2640_1.0;5150_1.0;10150_1.0	1.0	23,0	0,23	0,19	0,18	0,4	0,11
chrXV 354081 T -> G nan	chrXV	354081	.	T	G	1774.45		.	AC=7;AF=6.494e-03;AN=1078;BaseQRankSum=-4.970e-01;DP=11430;ExcessHet=0.0000;FS=3.080;InbreedingCoeff=0.5155;MLEAC=6;MLEAF=5.566e-03;MQ=60.00;MQRankSum=0.00;QD=33.48;ReadPosRankSum=-4.330e-01;SOR=0.113;ANN=G|upstream_gene_variant|MODIFIER|YOR011W-A|YOR011W-A|transcript|TRANSCRIPT_YOR011W-A|protein_coding||c.-1493T>G|||||1493|,G|upstream_gene_variant|MODIFIER|YOR012W|YOR012W|transcript|TRANSCRIPT_YOR012W|protein_coding||c.-2384T>G|||||2384|,G|upstream_gene_variant|MODIFIER|YOR013W|YOR013W|transcript|TRANSCRIPT_YOR013W|protein_coding||c.-2592T>G|||||2592|,G|upstream_gene_variant|MODIFIER|YOR014W|YOR014W|transcript|TRANSCRIPT_YOR014W|protein_coding||c.-3515T>G|||||3515|,G|downstream_gene_variant|MODIFIER|YOR011W|YOR011W|transcript|TRANSCRIPT_YOR011W|protein_coding||c.*296T>G|||||296|,G|intergenic_region|MODIFIER|YOR011W-YOR011W-A|YOR011W-YOR011W-A|intergenic_region|YOR011W-YOR011W-A|||n.354081T>G||||||	GT:AD:DP:GQ:PL	70_0.0;1410_0.0;2640_0.8333333333333334;5150_1.0;10150_1.0	1.0	10,0	17,0	2,10	0,22	0,3	0,16
chrXV 382780 C -> G nan	chrXV	382780	.	C	G	1113.18		.	AC=5;AF=4.673e-03;AN=1070;BaseQRankSum=-6.820e-01;DP=9743;ExcessHet=0.0000;FS=1.197;InbreedingCoeff=0.4239;MLEAC=4;MLEAF=3.738e-03;MQ=60.00;MQRankSum=0.00;QD=30.92;ReadPosRankSum=-6.370e-01;SOR=0.963;ANN=G|upstream_gene_variant|MODIFIER|YOR029W|YOR029W|transcript|TRANSCRIPT_YOR029W|protein_coding||c.-1742C>G|||||1742|,G|upstream_gene_variant|MODIFIER|YOR030W|YOR030W|transcript|TRANSCRIPT_YOR030W|protein_coding||c.-3967C>G|||||3967|,G|downstream_gene_variant|MODIFIER|YOR024W|YOR024W|transcript|TRANSCRIPT_YOR024W|protein_coding||c.*4688C>G|||||4688|,G|downstream_gene_variant|MODIFIER|YOR025W|YOR025W|transcript|TRANSCRIPT_YOR025W|protein_coding||c.*3296C>G|||||3296|,G|downstream_gene_variant|MODIFIER|YOR026W|YOR026W|transcript|TRANSCRIPT_YOR026W|protein_coding||c.*2052C>G|||||2052|,G|downstream_gene_variant|MODIFIER|YOR027W|YOR027W|transcript|TRANSCRIPT_YOR027W|protein_coding||c.*36C>G|||||36|,G|downstream_gene_variant|MODIFIER|YOR028C|YOR028C|transcript|TRANSCRIPT_YOR028C|protein_coding||c.*675G>C|||||675|,G|intergenic_region|MODIFIER|YOR027W-YOR028C|YOR027W-YOR028C|intergenic_region|YOR027W-YOR028C|||n.382780C>G||||||	GT:AD:DP:GQ:PL	70_0.0;1410_0.0;2640_0.0;5150_0.85;7530_1.0;10150_1.0	1.0	10,0	26,0	20,0	3,17	0,6	0,10
chrXV 419647 G -> A A|synonymous_variant|YOR048C||RAT1|Nuclear 5' to 3' single-stranded RNA exonuclease	chrXV	419647	.	G	A	1141.76	A|synonymous_variant|YOR048C||RAT1|Nuclear 5' to 3' single-stranded RNA exonuclease	.	AC=7;AF=6.518e-03;AN=1074;BaseQRankSum=-2.287e+00;DP=11118;ExcessHet=0.0000;FS=3.953;InbreedingCoeff=0.4877;MLEAC=6;MLEAF=5.587e-03;MQ=60.00;MQRankSum=0.00;QD=24.82;ReadPosRankSum=-9.670e-01;SOR=0.160;ANN=A|synonymous_variant|LOW|YOR048C|YOR048C|transcript|TRANSCRIPT_YOR048C|protein_coding|1/1|c.1926C>T|p.Tyr642Tyr|1926/3021|1926/3021|642/1006||,A|upstream_gene_variant|MODIFIER|YOR046C|YOR046C|transcript|TRANSCRIPT_YOR046C|protein_coding||c.-3818C>T|||||3818|,A|upstream_gene_variant|MODIFIER|YOR047C|YOR047C|transcript|TRANSCRIPT_YOR047C|protein_coding||c.-2044C>T|||||2044|,A|downstream_gene_variant|MODIFIER|YOR049C|YOR049C|transcript|TRANSCRIPT_YOR049C|protein_coding||c.*2943C>T|||||2943|,A|downstream_gene_variant|MODIFIER|YOR050C|YOR050C|transcript|TRANSCRIPT_YOR050C|protein_coding||c.*4545C>T|||||4545|	GT:AD:DP:GQ:PGT:PID:PL:PS	70_0.0;1410_0.0;2640_0.0;5150_1.0;10150_1.0	0.9473684210526316	17,0	20,0	14,0	0,23	0,2	0,11
chrXV 467591 A -> G G|upstream_gene_variant|YOR074C|80|CDC21|Thymidylate synthase	chrXV	467591	.	A	G	663.32	G|upstream_gene_variant|YOR074C|80|CDC21|Thymidylate synthase	.	AC=4;AF=3.724e-03;AN=1074;DP=11690;ExcessHet=0.0000;FS=0.000;InbreedingCoeff=0.4909;MLEAC=3;MLEAF=2.793e-03;MQ=60.00;QD=33.17;SOR=0.693;ANN=G|upstream_gene_variant|MODIFIER|YOR074C|YOR074C|transcript|TRANSCRIPT_YOR074C|protein_coding||c.-80T>C|||||80|,G|upstream_gene_variant|MODIFIER|YOR075W|YOR075W|transcript|TRANSCRIPT_YOR075W|protein_coding||c.-543A>G|||||543|,G|upstream_gene_variant|MODIFIER|YOR077W|YOR077W|transcript|TRANSCRIPT_YOR077W|protein_coding||c.-4230A>G|||||4230|,G|downstream_gene_variant|MODIFIER|YOR072W-B|YOR072W-B|transcript|TRANSCRIPT_YOR072W-B|protein_coding||c.*3039A>G|||||3039|,G|downstream_gene_variant|MODIFIER|YOR073W|YOR073W|transcript|TRANSCRIPT_YOR073W|protein_coding||c.*1126A>G|||||1126|,G|downstream_gene_variant|MODIFIER|YOR073W-A|YOR073W-A|transcript|TRANSCRIPT_YOR073W-A|protein_coding||c.*46A>G|||||46|,G|downstream_gene_variant|MODIFIER|YOR076C|YOR076C|transcript|TRANSCRIPT_YOR076C|protein_coding||c.*1708T>C|||||1708|,G|intergenic_region|MODIFIER|YOR073W-A-YOR075W|YOR073W-A-YOR075W|intergenic_region|YOR073W-A-YOR075W|||n.467591A>G||||||	GT:AD:DP:GQ:PL	70_0.0;1410_0.0;2640_0.0;5150_0.0;10150_1.0	1.0	21,0	14,0	17,0	15,0	0,3	0,17
chrXV 525394 A -> C C|synonymous_variant|YOR109W||INP53|Polyphosphatidylinositol phosphatase	chrXV	525394	.	A	C	1610.81	C|synonymous_variant|YOR109W||INP53|Polyphosphatidylinositol phosphatase	.	AC=8;AF=7.435e-03;AN=1076;BaseQRankSum=-4.160e-01;DP=9130;ExcessHet=0.0000;FS=0.000;InbreedingCoeff=0.5720;MLEAC=6;MLEAF=5.576e-03;MQ=60.00;MQRankSum=0.00;QD=33.56;ReadPosRankSum=-7.160e-01;SOR=0.724;ANN=C|synonymous_variant|LOW|YOR109W|YOR109W|transcript|TRANSCRIPT_YOR109W|protein_coding|1/1|c.195A>C|p.Gly65Gly|195/3324|195/3324|65/1107||,C|upstream_gene_variant|MODIFIER|YOR108C-A|YOR108C-A|transcript|TRANSCRIPT_YOR108C-A|protein_coding||c.-658T>G|||||658|,C|upstream_gene_variant|MODIFIER|YOR110W|YOR110W|transcript|TRANSCRIPT_YOR110W|protein_coding||c.-3469A>C|||||3469|,C|upstream_gene_variant|MODIFIER|YOR111W|YOR111W|transcript|TRANSCRIPT_YOR111W|protein_coding||c.-4957A>C|||||4957|,C|downstream_gene_variant|MODIFIER|YOR107W|YOR107W|transcript|TRANSCRIPT_YOR107W|protein_coding||c.*3190A>C|||||3190|,C|downstream_gene_variant|MODIFIER|YOR108W|YOR108W|transcript|TRANSCRIPT_YOR108W|protein_coding||c.*631A>C|||||631|	GT:AD:DP:GQ:PL	70_0.0;1410_0.0;2640_0.9411764705882353;5150_1.0;10150_1.0	1.0	19,0	22,0	1,16	0,16	0,3	0,12
chrXV 529578 C -> G G|missense_variant|YOR110W||TFC7|RNA pol III transcription initiation factor complex (TFIIIC) subunit	chrXV	529578	.	C	G	2134.84	G|missense_variant|YOR110W||TFC7|RNA pol III transcription initiation factor complex (TFIIIC) subunit	.	AC=10;AF=9.294e-03;AN=1076;BaseQRankSum=-2.267e+00;DP=10594;ExcessHet=0.0000;FS=3.687;InbreedingCoeff=0.7277;MLEAC=9;MLEAF=8.364e-03;MQ=60.00;MQRankSum=0.00;QD=30.36;ReadPosRankSum=-7.900e-01;SOR=1.351;ANN=G|missense_variant|MODERATE|YOR110W|YOR110W|transcript|TRANSCRIPT_YOR110W|protein_coding|1/1|c.716C>G|p.Thr239Arg|716/1308|716/1308|239/435||,G|upstream_gene_variant|MODIFIER|YOR108C-A|YOR108C-A|transcript|TRANSCRIPT_YOR108C-A|protein_coding||c.-4842G>C|||||4842|,G|upstream_gene_variant|MODIFIER|YOR111W|YOR111W|transcript|TRANSCRIPT_YOR111W|protein_coding||c.-773C>G|||||773|,G|upstream_gene_variant|MODIFIER|YOR112W|YOR112W|transcript|TRANSCRIPT_YOR112W|protein_coding||c.-1852C>G|||||1852|,G|upstream_gene_variant|MODIFIER|YOR113W|YOR113W|transcript|TRANSCRIPT_YOR113W|protein_coding||c.-4419C>G|||||4419|,G|downstream_gene_variant|MODIFIER|YOR108W|YOR108W|transcript|TRANSCRIPT_YOR108W|protein_coding||c.*4815C>G|||||4815|,G|downstream_gene_variant|MODIFIER|YOR109W|YOR109W|transcript|TRANSCRIPT_YOR109W|protein_coding||c.*1055C>G|||||1055|	GT:AD:DP:GQ:PL	70_0.0;1410_1.0;2640_1.0;5150_1.0;10150_1.0	1.0	15,0	0,13	0,13	0,15	0,4	0,13
chrXV 549753 C -> T T|missense_variant|YOR119C||RIO1|Serine kinase involved in cell cycle regulation and rDNA integrity	chrXV	549753	.	C	T	282.61	T|missense_variant|YOR119C||RIO1|Serine kinase involved in cell cycle regulation and rDNA integrity	.	AC=2;AF=1.862e-03;AN=1074;DP=10536;ExcessHet=0.0020;FS=0.000;InbreedingCoeff=0.3971;MLEAC=1;MLEAF=9.311e-04;MQ=60.00;QD=31.40;SOR=2.093;ANN=T|missense_variant|MODERATE|YOR119C|YOR119C|transcript|TRANSCRIPT_YOR119C|protein_coding|1/1|c.416G>A|p.Arg139Lys|416/1455|416/1455|139/484||,T|upstream_gene_variant|MODIFIER|YOR120W|YOR120W|transcript|TRANSCRIPT_YOR120W|protein_coding||c.-1283C>T|||||1283|,T|downstream_gene_variant|MODIFIER|YOR117W|YOR117W|transcript|TRANSCRIPT_YOR117W|protein_coding||c.*3498C>T|||||3498|,T|downstream_gene_variant|MODIFIER|YOR118W|YOR118W|transcript|TRANSCRIPT_YOR118W|protein_coding||c.*1271C>T|||||1271|,T|downstream_gene_variant|MODIFIER|YOR121C|YOR121C|transcript|TRANSCRIPT_YOR121C|protein_coding||c.*1967G>A|||||1967|,T|downstream_gene_variant|MODIFIER|YOR122C|YOR122C|transcript|TRANSCRIPT_YOR122C|protein_coding||c.*2467G>A|||||2467|,T|downstream_gene_variant|MODIFIER|YOR123C|YOR123C|transcript|TRANSCRIPT_YOR123C|protein_coding||c.*3345G>A|||||3345|,T|downstream_gene_variant|MODIFIER|YOR124C|YOR124C|transcript|TRANSCRIPT_YOR124C|protein_coding||c.*4993G>A|||||4993|	GT:AD:DP:GQ:PL	70_0.0;1410_0.0;2640_0.0;5150_0.0;10150_1.0	1.0	15,0	24,0	21,0	20,0	1,0	0,9
chrXV 578006 C -> T nan	chrXV	578006	.	C	T	512.59		.	AC=5;AF=4.647e-03;AN=1076;BaseQRankSum=0.331;DP=11621;ExcessHet=0.0000;FS=0.000;InbreedingCoeff=0.4537;MLEAC=4;MLEAF=3.717e-03;MQ=60.00;MQRankSum=0.00;QD=17.09;ReadPosRankSum=2.69;SOR=0.582;ANN=T|upstream_gene_variant|MODIFIER|YOR134W|YOR134W|transcript|TRANSCRIPT_YOR134W|protein_coding||c.-481C>T|||||481|,T|upstream_gene_variant|MODIFIER|YOR136W|YOR136W|transcript|TRANSCRIPT_YOR136W|protein_coding||c.-2167C>T|||||2167|,T|downstream_gene_variant|MODIFIER|YOR132W|YOR132W|transcript|TRANSCRIPT_YOR132W|protein_coding||c.*3253C>T|||||3253|,T|downstream_gene_variant|MODIFIER|YOR133W|YOR133W|transcript|TRANSCRIPT_YOR133W|protein_coding||c.*457C>T|||||457|,T|downstream_gene_variant|MODIFIER|YOR135C|YOR135C|transcript|TRANSCRIPT_YOR135C|protein_coding||c.*2076G>A|||||2076|,T|downstream_gene_variant|MODIFIER|YOR137C|YOR137C|transcript|TRANSCRIPT_YOR137C|protein_coding||c.*3730G>A|||||3730|,T|intergenic_region|MODIFIER|YOR133W-YOR134W|YOR133W-YOR134W|intergenic_region|YOR133W-YOR134W|||n.578006C>T||||||	GT:AD:DP:GQ:PL	70_0.0;1410_0.0;2640_0.0;5150_0.2857142857142857;10150_1.0	1.0	16,0	21,0	10,0	10,4	0,3	0,13
chrXV 590866 G -> C C|missense_variant|YOR141C||ARP8|Nuclear actin-related protein involved in chromatin remodeling	chrXV	590866	.	G	C	356.96	C|missense_variant|YOR141C||ARP8|Nuclear actin-related protein involved in chromatin remodeling	.	AC=4;AF=3.724e-03;AN=1074;DP=11139;ExcessHet=0.0000;FS=0.000;InbreedingCoeff=0.5968;MLEAC=2;MLEAF=1.862e-03;MQ=60.00;QD=32.45;SOR=0.859;ANN=C|missense_variant|MODERATE|YOR141C|YOR141C|transcript|TRANSCRIPT_YOR141C|protein_coding|1/1|c.1645C>G|p.Gln549Glu|1645/2646|1645/2646|549/881||,C|upstream_gene_variant|MODIFIER|YOR138C|YOR138C|transcript|TRANSCRIPT_YOR138C|protein_coding||c.-4619C>G|||||4619|,C|upstream_gene_variant|MODIFIER|YOR139C|YOR139C|transcript|TRANSCRIPT_YOR139C|protein_coding||c.-3601C>G|||||3601|,C|upstream_gene_variant|MODIFIER|YOR142W|YOR142W|transcript|TRANSCRIPT_YOR142W|protein_coding||c.-2114G>C|||||2114|,C|upstream_gene_variant|MODIFIER|CDS_XV_595035_596357|GENE_CDS_XV_595035_596357|transcript|YOR142W-A|protein_coding||c.-4169G>C|||||4169|,C|upstream_gene_variant|MODIFIER|CDS_XV_595035_596339|GENE_CDS_XV_595035_596339|transcript|YOR142W-B|protein_coding||c.-4169G>C|||||4169|,C|downstream_gene_variant|MODIFIER|YOR140W|YOR140W|transcript|TRANSCRIPT_YOR140W|protein_coding||c.*1662G>C|||||1662|	GT:AD:DP:GQ:PL	70_0.0;1410_0.0;2640_0.0;5150_0.0;7530_1.0;10150_1.0	1.0	17,0	17,0	21,0	24,0	0,5	0,6
chrXV 611822 T -> A nan	chrXV	611822	.	T	A	1892.44		.	AC=8;AF=7.449e-03;AN=1074;DP=10931;ExcessHet=0.0000;FS=0.000;InbreedingCoeff=0.6185;MLEAC=8;MLEAF=7.449e-03;MQ=60.00;QD=31.54;SOR=0.831;ANN=A|upstream_gene_variant|MODIFIER|YOR148C|YOR148C|transcript|TRANSCRIPT_YOR148C|protein_coding||c.-2702A>T|||||2702|,A|upstream_gene_variant|MODIFIER|YOR149C|YOR149C|transcript|TRANSCRIPT_YOR149C|protein_coding||c.-511A>T|||||511|,A|upstream_gene_variant|MODIFIER|YOR150W|YOR150W|transcript|TRANSCRIPT_YOR150W|protein_coding||c.-100T>A|||||100|,A|downstream_gene_variant|MODIFIER|YOR147W|YOR147W|transcript|TRANSCRIPT_YOR147W|protein_coding||c.*3424T>A|||||3424|,A|downstream_gene_variant|MODIFIER|YOR151C|YOR151C|transcript|TRANSCRIPT_YOR151C|protein_coding||c.*1098A>T|||||1098|,A|intergenic_region|MODIFIER|YOR149C-YOR150W|YOR149C-YOR150W|intergenic_region|YOR149C-YOR150W|||n.611822T>A||||||	GT:AD:DP:GQ:PL	70_0.0;1410_1.0;2640_1.0;5150_1.0;10150_1.0	1.0	15,0	0,16	0,15	0,16	1,0	0,13
chrXV 726310 C -> G A|missense_variant|YOR205C||GEP3|Protein required for mitochondrial ribosome small subunit biogenesis;G|missense_variant|YOR205C||GEP3|Protein required for mitochondrial ribosome small subunit biogenesis	chrXV	726310	.	C	G	934.5	A|missense_variant|YOR205C||GEP3|Protein required for mitochondrial ribosome small subunit biogenesis;G|missense_variant|YOR205C||GEP3|Protein required for mitochondrial ribosome small subunit biogenesis	.	AC=5,1;AF=4.638e-03,9.276e-04;AN=1078;BaseQRankSum=1.17;DP=10882;ExcessHet=0.0001;FS=5.386;InbreedingCoeff=0.4903;MLEAC=4,1;MLEAF=3.711e-03,9.276e-04;MQ=60.00;MQRankSum=0.00;QD=15.84;ReadPosRankSum=0.857;SOR=0.249;ANN=A|missense_variant|MODERATE|YOR205C|YOR205C|transcript|TRANSCRIPT_YOR205C|protein_coding|1/1|c.511G>T|p.Val171Phe|511/1671|511/1671|171/556||,G|missense_variant|MODERATE|YOR205C|YOR205C|transcript|TRANSCRIPT_YOR205C|protein_coding|1/1|c.511G>C|p.Val171Leu|511/1671|511/1671|171/556||,A|upstream_gene_variant|MODIFIER|YOR201C|YOR201C|transcript|TRANSCRIPT_YOR201C|protein_coding||c.-4679G>T|||||4679|,G|upstream_gene_variant|MODIFIER|YOR201C|YOR201C|transcript|TRANSCRIPT_YOR201C|protein_coding||c.-4679G>C|||||4679|,A|upstream_gene_variant|MODIFIER|YOR206W|YOR206W|transcript|TRANSCRIPT_YOR206W|protein_coding||c.-788C>A|||||788|,G|upstream_gene_variant|MODIFIER|YOR206W|YOR206W|transcript|TRANSCRIPT_YOR206W|protein_coding||c.-788C>G|||||788|,A|downstream_gene_variant|MODIFIER|YOR202W|YOR202W|transcript|TRANSCRIPT_YOR202W|protein_coding||c.*4116C>A|||||4116|WARNING_TRANSCRIPT_MULTIPLE_STOP_CODONS,G|downstream_gene_variant|MODIFIER|YOR202W|YOR202W|transcript|TRANSCRIPT_YOR202W|protein_coding||c.*4116C>G|||||4116|WARNING_TRANSCRIPT_MULTIPLE_STOP_CODONS,A|downstream_gene_variant|MODIFIER|YOR203W|YOR203W|transcript|TRANSCRIPT_YOR203W|protein_coding||c.*3806C>A|||||3806|,G|downstream_gene_variant|MODIFIER|YOR203W|YOR203W|transcript|TRANSCRIPT_YOR203W|protein_coding||c.*3806C>G|||||3806|,A|downstream_gene_variant|MODIFIER|YOR204W|YOR204W|transcript|TRANSCRIPT_YOR204W|protein_coding||c.*1999C>A|||||1999|,G|downstream_gene_variant|MODIFIER|YOR204W|YOR204W|transcript|TRANSCRIPT_YOR204W|protein_coding||c.*1999C>G|||||1999|,A|downstream_gene_variant|MODIFIER|YOR207C|YOR207C|transcript|TRANSCRIPT_YOR207C|protein_coding||c.*3284G>T|||||3284|,G|downstream_gene_variant|MODIFIER|YOR207C|YOR207C|transcript|TRANSCRIPT_YOR207C|protein_coding||c.*3284G>C|||||3284|	GT:AD:DP:GQ:PGT:PID:PL:PS	70_0.0;1410_0.0;2640_0.0;5150_0.9166666666666666;7530_1.0;10150_1.0	0.8709677419354839	8,0	7,0	14,0	1,11	0,5	0,11
chrXV 825224 G -> A A|missense_variant|YOR268C||nan|Putative protein of unknown function	chrXV	825224	.	G	A	898.94	A|missense_variant|YOR268C||nan|Putative protein of unknown function	.	AC=6;AF=5.576e-03;AN=1076;BaseQRankSum=1.21;DP=9793;ExcessHet=0.0001;FS=1.154;InbreedingCoeff=0.4243;MLEAC=5;MLEAF=4.647e-03;MQ=60.00;MQRankSum=0.00;QD=17.98;ReadPosRankSum=0.00;SOR=0.466;ANN=A|missense_variant|MODERATE|YOR268C|YOR268C|transcript|TRANSCRIPT_YOR268C|protein_coding|1/1|c.295C>T|p.His99Tyr|295/399|295/399|99/132||,A|upstream_gene_variant|MODIFIER|YOR267C|YOR267C|transcript|TRANSCRIPT_YOR267C|protein_coding||c.-771C>T|||||771|,A|upstream_gene_variant|MODIFIER|YOR269W|YOR269W|transcript|TRANSCRIPT_YOR269W|protein_coding||c.-747G>A|||||747|,A|downstream_gene_variant|MODIFIER|YOR265W|YOR265W|transcript|TRANSCRIPT_YOR265W|protein_coding||c.*4864G>A|||||4864|,A|downstream_gene_variant|MODIFIER|YOR266W|YOR266W|transcript|TRANSCRIPT_YOR266W|protein_coding||c.*3344G>A|||||3344|,A|downstream_gene_variant|MODIFIER|YOR270C|YOR270C|transcript|TRANSCRIPT_YOR270C|protein_coding||c.*2414C>T|||||2414|	GT:AD:DP:GQ:PL	70_0.0;1410_0.0;2640_0.16666666666666666;5150_0.8461538461538461;7530_1.0;10150_1.0	1.0	14,0	21,0	15,3	2,11	0,10	0,9
chrXV 923419 C -> G G|missense_variant|YOR324C||FRT1|Tail-anchored ER membrane protein of unknown function	chrXV	923419	.	C	G	995.81	G|missense_variant|YOR324C||FRT1|Tail-anchored ER membrane protein of unknown function	.	AC=5;AF=4.655e-03;AN=1074;BaseQRankSum=-6.160e-01;DP=10553;ExcessHet=0.0000;FS=2.872;InbreedingCoeff=0.4590;MLEAC=3;MLEAF=2.793e-03;MQ=60.00;MQRankSum=0.00;QD=31.12;ReadPosRankSum=0.543;SOR=0.213;ANN=G|missense_variant|MODERATE|YOR324C|YOR324C|transcript|TRANSCRIPT_YOR324C|protein_coding|1/1|c.1208G>C|p.Gly403Ala|1208/1809|1208/1809|403/602||,G|upstream_gene_variant|MODIFIER|YOR322C|YOR322C|transcript|TRANSCRIPT_YOR322C|protein_coding||c.-2771G>C|||||2771|,G|upstream_gene_variant|MODIFIER|YOR323C|YOR323C|transcript|TRANSCRIPT_YOR323C|protein_coding||c.-928G>C|||||928|,G|upstream_gene_variant|MODIFIER|YOR325W|YOR325W|transcript|TRANSCRIPT_YOR325W|protein_coding||c.-744C>G|||||744|,G|upstream_gene_variant|MODIFIER|YOR326W|YOR326W|transcript|TRANSCRIPT_YOR326W|protein_coding||c.-1888C>G|||||1888|	GT:AD:DP:GQ:PL	70_0.0;1410_0.0;2640_0.0;5150_0.9047619047619048;10150_1.0	1.0	14,0	12,0	19,0	2,19	0,3	0,8
chrXV 961250 A -> C C|missense_variant|YOR341W||RPA190|RNA polymerase I largest subunit A190	chrXV	961250	.	A	C	483.37	C|missense_variant|YOR341W||RPA190|RNA polymerase I largest subunit A190	.	AC=4;AF=3.711e-03;AN=1078;DP=11215;ExcessHet=0.0000;FS=0.000;InbreedingCoeff=0.5096;MLEAC=3;MLEAF=2.783e-03;MQ=60.00;QD=32.22;SOR=0.818;ANN=C|missense_variant|MODERATE|YOR341W|YOR341W|transcript|TRANSCRIPT_YOR341W|protein_coding|1/1|c.678A>C|p.Lys226Asn|678/4995|678/4995|226/1664||,C|upstream_gene_variant|MODIFIER|YOR339C|YOR339C|transcript|TRANSCRIPT_YOR339C|protein_coding||c.-2832T>G|||||2832|,C|upstream_gene_variant|MODIFIER|YOR340C|YOR340C|transcript|TRANSCRIPT_YOR340C|protein_coding||c.-1482T>G|||||1482|,C|downstream_gene_variant|MODIFIER|YOR338W|YOR338W|transcript|TRANSCRIPT_YOR338W|protein_coding||c.*3675A>C|||||3675|	GT:AD:DP:GQ:PL	70_0.0;1410_0.0;2640_0.0;5150_0.0;10150_1.0	1.0	20,0	20,0	11,0	17,0	0,4	0,11
chrXV 1012907 T -> C C|missense_variant|YOR360C||PDE2|High-affinity cyclic AMP phosphodiesterase	chrXV	1012907	.	T	C	445.63	C|missense_variant|YOR360C||PDE2|High-affinity cyclic AMP phosphodiesterase	.	AC=4;AF=3.711e-03;AN=1078;DP=12779;ExcessHet=0.0000;FS=0.000;InbreedingCoeff=0.6846;MLEAC=2;MLEAF=1.855e-03;MQ=60.00;QD=31.83;SOR=1.765;ANN=C|missense_variant|MODERATE|YOR360C|YOR360C|transcript|TRANSCRIPT_YOR360C|protein_coding|1/1|c.1501A>G|p.Lys501Glu|1501/1581|1501/1581|501/526||,C|upstream_gene_variant|MODIFIER|YOR357C|YOR357C|transcript|TRANSCRIPT_YOR357C|protein_coding||c.-3609A>G|||||3609|,C|downstream_gene_variant|MODIFIER|YOR356W|YOR356W|transcript|TRANSCRIPT_YOR356W|protein_coding||c.*4205T>C|||||4205|,C|downstream_gene_variant|MODIFIER|YOR358W|YOR358W|transcript|TRANSCRIPT_YOR358W|protein_coding||c.*2432T>C|||||2432|,C|downstream_gene_variant|MODIFIER|YOR359W|YOR359W|transcript|TRANSCRIPT_YOR359W|protein_coding||c.*561T>C|||||561|,C|downstream_gene_variant|MODIFIER|YOR361C|YOR361C|transcript|TRANSCRIPT_YOR361C|protein_coding||c.*2040A>G|||||2040|,C|downstream_gene_variant|MODIFIER|YOR362C|YOR362C|transcript|TRANSCRIPT_YOR362C|protein_coding||c.*4559A>G|||||4559|	GT:AD:DP:GQ:PL	70_0.0;1410_0.0;2640_0.0;5150_0.0;7530_1.0;10150_1.0	1.0	20,0	19,0	20,0	24,0	0,5	0,9
chrXV 1032954 T -> G G|missense_variant|YOR371C||GPB1|Multistep regulator of cAMP-PKA signaling	chrXV	1032954	.	T	G	564.87	G|missense_variant|YOR371C||GPB1|Multistep regulator of cAMP-PKA signaling	.	AC=4;AF=3.711e-03;AN=1078;DP=11483;ExcessHet=0.0000;FS=0.000;InbreedingCoeff=0.4925;MLEAC=3;MLEAF=2.783e-03;MQ=60.00;QD=33.23;SOR=0.804;ANN=G|missense_variant|MODERATE|YOR371C|YOR371C|transcript|TRANSCRIPT_YOR371C|protein_coding|1/1|c.815A>C|p.Tyr272Ser|815/2694|815/2694|272/897||,G|upstream_gene_variant|MODIFIER|YOR369C|YOR369C|transcript|TRANSCRIPT_YOR369C|protein_coding||c.-4743A>C|||||4743|,G|upstream_gene_variant|MODIFIER|YOR370C|YOR370C|transcript|TRANSCRIPT_YOR370C|protein_coding||c.-2374A>C|||||2374|,G|upstream_gene_variant|MODIFIER|YOR373W|YOR373W|transcript|TRANSCRIPT_YOR373W|protein_coding||c.-3466T>G|||||3466|,G|downstream_gene_variant|MODIFIER|YOR372C|YOR372C|transcript|TRANSCRIPT_YOR372C|protein_coding||c.*1439A>C|||||1439|	GT:AD:DP:GQ:PL	70_0.0;1410_0.0;2640_0.0;5150_0.0;7530_1.0;10150_1.0	1.0	24,0	15,0	17,0	24,0	0,7	0,10
chrXV 1058548 C -> T nan	chrXV	1058548	.	C	T	1759.03		.	AC=10;AF=9.294e-03;AN=1076;BaseQRankSum=0.723;DP=11550;ExcessHet=0.0000;FS=0.000;InbreedingCoeff=0.3823;MLEAC=8;MLEAF=7.435e-03;MQ=60.00;MQRankSum=0.00;QD=15.16;ReadPosRankSum=0.635;SOR=0.703;ANN=T|upstream_gene_variant|MODIFIER|YOR382W|YOR382W|transcript|TRANSCRIPT_YOR382W|protein_coding||c.-569C>T|||||569|,T|upstream_gene_variant|MODIFIER|YOR384W|YOR384W|transcript|TRANSCRIPT_YOR384W|protein_coding||c.-2602C>T|||||2602|,T|downstream_gene_variant|MODIFIER|YOR381W|YOR381W|transcript|TRANSCRIPT_YOR381W|protein_coding||c.*1282C>T|||||1282|,T|downstream_gene_variant|MODIFIER|YOR381W-A|YOR381W-A|transcript|TRANSCRIPT_YOR381W-A|protein_coding||c.*372C>T|||||372|,T|downstream_gene_variant|MODIFIER|YOR383C|YOR383C|transcript|TRANSCRIPT_YOR383C|protein_coding||c.*1479G>A|||||1479|,T|intergenic_region|MODIFIER|YOR381W-A-YOR382W|YOR381W-A-YOR382W|intergenic_region|YOR381W-A-YOR382W|||n.1058548C>T||||||	GT:AD:DP:GQ:PL	70_0.0;1410_0.0;2640_0.8571428571428571;5150_1.0;10150_1.0	0.5964912280701754	16,0	10,0	2,12	0,10	0,2	0,10
chrXVI 44782 C -> T T|synonymous_variant|YPL263C||KEL3|Cytoplasmic protein of unknown function	chrXVI	44782	.	C	T	2187.13	T|synonymous_variant|YPL263C||KEL3|Cytoplasmic protein of unknown function	.	AC=10;AF=9.328e-03;AN=1072;BaseQRankSum=-5.050e-01;DP=9665;ExcessHet=0.0000;FS=4.175;InbreedingCoeff=0.6147;MLEAC=9;MLEAF=8.396e-03;MQ=60.00;MQRankSum=0.00;QD=32.16;ReadPosRankSum=1.42;SOR=1.094;ANN=T|synonymous_variant|LOW|YPL263C|YPL263C|transcript|TRANSCRIPT_YPL263C|protein_coding|1/1|c.1725G>A|p.Pro575Pro|1725/1956|1725/1956|575/651||,T|upstream_gene_variant|MODIFIER|YPL264C|YPL264C|transcript|TRANSCRIPT_YPL264C|protein_coding||c.-438G>A|||||438|,T|upstream_gene_variant|MODIFIER|YPL262W|YPL262W|transcript|TRANSCRIPT_YPL262W|protein_coding||c.-2554C>T|||||2554|,T|upstream_gene_variant|MODIFIER|YPL260W|YPL260W|transcript|TRANSCRIPT_YPL260W|protein_coding||c.-4521C>T|||||4521|,T|downstream_gene_variant|MODIFIER|YPL266W|YPL266W|transcript|TRANSCRIPT_YPL266W|protein_coding||c.*4705C>T|||||4705|,T|downstream_gene_variant|MODIFIER|YPL265W|YPL265W|transcript|TRANSCRIPT_YPL265W|protein_coding||c.*1913C>T|||||1913|,T|downstream_gene_variant|MODIFIER|YPL261C|YPL261C|transcript|TRANSCRIPT_YPL261C|protein_coding||c.*4214G>A|||||4214|	GT:AD:DP:GQ:PL	70_0.0;1410_0.9545454545454546;2640_1.0;5150_1.0;7530_1.0;10150_1.0	1.0	16,0	1,21	0,12	0,17	0,7	0,10
chrXVI 75884 C -> A A|missense_variant|YPL249C-A||RPL36B|Ribosomal 60S subunit protein L36B;A|missense_variant|YPL250W-A||nan|Dubious open reading frame	chrXVI	75884	.	C	A	557.03	A|missense_variant|YPL249C-A||RPL36B|Ribosomal 60S subunit protein L36B;A|missense_variant|YPL250W-A||nan|Dubious open reading frame	.	AC=5;AF=4.647e-03;AN=1076;BaseQRankSum=1.43;DP=9168;ExcessHet=0.0000;FS=0.000;InbreedingCoeff=0.3526;MLEAC=4;MLEAF=3.717e-03;MQ=60.00;MQRankSum=0.00;QD=18.57;ReadPosRankSum=-1.308e+00;SOR=0.836;ANN=A|missense_variant|MODERATE|YPL249C-A|YPL249C-A|transcript|TRANSCRIPT_YPL249C-A|protein_coding|2/2|c.118G>T|p.Val40Phe|118/303|118/303|40/100||,A|missense_variant|MODERATE|YPL250W-A|YPL250W-A|transcript|TRANSCRIPT_YPL250W-A|protein_coding|1/1|c.183C>A|p.Asp61Glu|183/288|183/288|61/95||,A|upstream_gene_variant|MODIFIER|YPL253C|YPL253C|transcript|TRANSCRIPT_YPL253C|protein_coding||c.-2878G>T|||||2878|,A|upstream_gene_variant|MODIFIER|YPL252C|YPL252C|transcript|TRANSCRIPT_YPL252C|protein_coding||c.-2003G>T|||||2003|,A|upstream_gene_variant|MODIFIER|YPL250C|YPL250C|transcript|TRANSCRIPT_YPL250C|protein_coding||c.-1165G>T|||||1165|,A|downstream_gene_variant|MODIFIER|YPL254W|YPL254W|transcript|TRANSCRIPT_YPL254W|protein_coding||c.*4933C>A|||||4933|,A|downstream_gene_variant|MODIFIER|YPL251W|YPL251W|transcript|TRANSCRIPT_YPL251W|protein_coding||c.*1957C>A|||||1957|,A|downstream_gene_variant|MODIFIER|YPL249C|YPL249C|transcript|TRANSCRIPT_YPL249C|protein_coding||c.*785G>T|||||785|,A|downstream_gene_variant|MODIFIER|YPL248C|YPL248C|transcript|TRANSCRIPT_YPL248C|protein_coding||c.*3827G>T|||||3827|	GT:AD:DP:GQ:PL	70_0.0;1410_0.0;2640_0.0;5150_0.26666666666666666;10150_1.0	1.0	16,0	16,0	13,0	11,4	0,4	0,11
chrXVI 84082 C -> G G|missense_variant|YPL247C||nan|Putative protein of unknown function	chrXVI	84082	.	C	G	1521.52	G|missense_variant|YPL247C||nan|Putative protein of unknown function	.	AC=6;AF=5.576e-03;AN=1076;BaseQRankSum=2.50;DP=10439;ExcessHet=0.0000;FS=0.000;InbreedingCoeff=0.4640;MLEAC=5;MLEAF=4.647e-03;MQ=60.00;MQRankSum=0.00;QD=29.03;ReadPosRankSum=0.904;SOR=0.223;ANN=G|missense_variant|MODERATE|YPL247C|YPL247C|transcript|TRANSCRIPT_YPL247C|protein_coding|1/1|c.115G>C|p.Ala39Pro|115/1572|115/1572|39/523||,G|upstream_gene_variant|MODIFIER|YPL249C|YPL249C|transcript|TRANSCRIPT_YPL249C|protein_coding||c.-4729G>C|||||4729|,G|upstream_gene_variant|MODIFIER|YPL248C|YPL248C|transcript|TRANSCRIPT_YPL248C|protein_coding||c.-1726G>C|||||1726|,G|upstream_gene_variant|MODIFIER|YPL245W|YPL245W|transcript|TRANSCRIPT_YPL245W|protein_coding||c.-1504C>G|||||1504|,G|upstream_gene_variant|MODIFIER|YPL243W|YPL243W|transcript|TRANSCRIPT_YPL243W|protein_coding||c.-4435C>G|||||4435|,G|downstream_gene_variant|MODIFIER|YPL246C|YPL246C|transcript|TRANSCRIPT_YPL246C|protein_coding||c.*427G>C|||||427|,G|downstream_gene_variant|MODIFIER|YPL244C|YPL244C|transcript|TRANSCRIPT_YPL244C|protein_coding||c.*2932G>C|||||2932|	GT:AD:DP:GQ:PL	70_0.0;1410_0.0;2640_0.0;5150_0.96;10150_1.0	1.0	13,0	19,0	18,0	1,24	0,3	0,15
chrXVI 130587 T -> A A|synonymous_variant|YPL222W||FMP40|Putative protein of unknown function	chrXVI	130587	.	T	A	820.17	A|synonymous_variant|YPL222W||FMP40|Putative protein of unknown function	.	AC=5;AF=4.655e-03;AN=1074;BaseQRankSum=0.00;DP=10985;ExcessHet=0.0000;FS=1.448;InbreedingCoeff=0.5030;MLEAC=4;MLEAF=3.724e-03;MQ=60.00;MQRankSum=0.00;QD=31.54;ReadPosRankSum=0.114;SOR=1.101;ANN=A|synonymous_variant|LOW|YPL222W|YPL222W|transcript|TRANSCRIPT_YPL222W|protein_coding|1/1|c.426T>A|p.Leu142Leu|426/2067|426/2067|142/688||,A|upstream_gene_variant|MODIFIER|YPL224C|YPL224C|transcript|TRANSCRIPT_YPL224C|protein_coding||c.-2499A>T|||||2499|,A|upstream_gene_variant|MODIFIER|YPL223C|YPL223C|transcript|TRANSCRIPT_YPL223C|protein_coding||c.-1449A>T|||||1449|,A|upstream_gene_variant|MODIFIER|YPL221W|YPL221W|transcript|TRANSCRIPT_YPL221W|protein_coding||c.-2456T>A|||||2456|,A|downstream_gene_variant|MODIFIER|YPL225W|YPL225W|transcript|TRANSCRIPT_YPL225W|protein_coding||c.*4141T>A|||||4141|,A|downstream_gene_variant|MODIFIER|YPL222C-A|YPL222C-A|transcript|TRANSCRIPT_YPL222C-A|protein_coding||c.*1283A>T|||||1283|	GT:AD:DP:GQ:PL	70_0.0;1410_0.0;2640_0.0;5150_0.9166666666666666;10150_1.0	1.0	14,0	13,0	30,0	1,11	0,4	0,10
chrXVI 156162 G -> A A|synonymous_variant|YPL210C||SRP72|Core component of the signal recognition particle (SRP)	chrXVI	156162	.	G	A	2104.28	A|synonymous_variant|YPL210C||SRP72|Core component of the signal recognition particle (SRP)	.	AC=7;AF=6.506e-03;AN=1076;BaseQRankSum=1.18;DP=12069;ExcessHet=0.0000;FS=0.000;InbreedingCoeff=0.5980;MLEAC=6;MLEAF=5.576e-03;MQ=60.00;MQRankSum=0.00;QD=31.88;ReadPosRankSum=-1.558e+00;SOR=0.758;ANN=A|synonymous_variant|LOW|YPL210C|YPL210C|transcript|TRANSCRIPT_YPL210C|protein_coding|1/1|c.42C>T|p.Asn14Asn|42/1923|42/1923|14/640||,A|upstream_gene_variant|MODIFIER|YPL212C|YPL212C|transcript|TRANSCRIPT_YPL212C|protein_coding||c.-3022C>T|||||3022|,A|upstream_gene_variant|MODIFIER|YPL208W|YPL208W|transcript|TRANSCRIPT_YPL208W|protein_coding||c.-1671G>A|||||1671|,A|upstream_gene_variant|MODIFIER|YPL207W|YPL207W|transcript|TRANSCRIPT_YPL207W|protein_coding||c.-3738G>A|||||3738|,A|downstream_gene_variant|MODIFIER|YPL213W|YPL213W|transcript|TRANSCRIPT_YPL213W|protein_coding||c.*4841G>A|||||4841|,A|downstream_gene_variant|MODIFIER|YPL211W|YPL211W|transcript|TRANSCRIPT_YPL211W|protein_coding||c.*2131G>A|||||2131|,A|downstream_gene_variant|MODIFIER|YPL209C|YPL209C|transcript|TRANSCRIPT_YPL209C|protein_coding||c.*319C>T|||||319|	GT:AD:DP:GQ:PL	70_0.0;1410_0.0;2640_0.84;5150_1.0;10150_1.0	1.0	23,0	21,0	4,21	0,23	0,2	0,16
chrXVI 217712 C -> T A|missense_variant|YPL176C||TRE1|Transferrin receptor-like protein;T|missense_variant|YPL176C||TRE1|Transferrin receptor-like protein	chrXVI	217712	.	C	T	5724.31	A|missense_variant|YPL176C||TRE1|Transferrin receptor-like protein;T|missense_variant|YPL176C||TRE1|Transferrin receptor-like protein	.	AC=5,10;AF=4.647e-03,9.294e-03;AN=1076;BaseQRankSum=1.12;DP=12816;ExcessHet=0.0000;FS=3.289;InbreedingCoeff=0.8237;MLEAC=4,10;MLEAF=3.717e-03,9.294e-03;MQ=60.00;MQRankSum=0.00;QD=31.80;ReadPosRankSum=0.971;SOR=0.327;ANN=A|missense_variant|MODERATE|YPL176C|YPL176C|transcript|TRANSCRIPT_YPL176C|protein_coding|1/1|c.635G>T|p.Gly212Val|635/2352|635/2352|212/783||,T|missense_variant|MODERATE|YPL176C|YPL176C|transcript|TRANSCRIPT_YPL176C|protein_coding|1/1|c.635G>A|p.Gly212Glu|635/2352|635/2352|212/783||,A|upstream_gene_variant|MODIFIER|YPL177C|YPL177C|transcript|TRANSCRIPT_YPL177C|protein_coding||c.-3767G>T|||||3767|,T|upstream_gene_variant|MODIFIER|YPL177C|YPL177C|transcript|TRANSCRIPT_YPL177C|protein_coding||c.-3767G>A|||||3767|,A|upstream_gene_variant|MODIFIER|YPL175W|YPL175W|transcript|TRANSCRIPT_YPL175W|protein_coding||c.-901C>A|||||901|,T|upstream_gene_variant|MODIFIER|YPL175W|YPL175W|transcript|TRANSCRIPT_YPL175W|protein_coding||c.-901C>T|||||901|,A|downstream_gene_variant|MODIFIER|YPL178W|YPL178W|transcript|TRANSCRIPT_YPL178W|protein_coding||c.*4945C>A|||||4945|,T|downstream_gene_variant|MODIFIER|YPL178W|YPL178W|transcript|TRANSCRIPT_YPL178W|protein_coding||c.*4945C>T|||||4945|,A|downstream_gene_variant|MODIFIER|YPL174C|YPL174C|transcript|TRANSCRIPT_YPL174C|protein_coding||c.*2438G>T|||||2438|,T|downstream_gene_variant|MODIFIER|YPL174C|YPL174C|transcript|TRANSCRIPT_YPL174C|protein_coding||c.*2438G>A|||||2438|	GT:AD:DP:GQ:PL	70_0.0;1410_0.0;2640_0.0;5150_0.7586206896551724;7530_1.0;10150_1.0	0.23121387283236994	19,0	21,0	24,0	7,22	0,6	0,12
chrXVI 231662 A -> G G|missense_variant|YPL168W||MRX4|Protein that associates with mitochondrial ribosome	chrXVI	231662	.	A	G	908.4	G|missense_variant|YPL168W||MRX4|Protein that associates with mitochondrial ribosome	.	AC=4;AF=3.711e-03;AN=1078;DP=11816;ExcessHet=0.0000;FS=0.000;InbreedingCoeff=0.5226;MLEAC=3;MLEAF=2.783e-03;MQ=60.00;QD=33.64;SOR=1.528;ANN=G|missense_variant|MODERATE|YPL168W|YPL168W|transcript|TRANSCRIPT_YPL168W|protein_coding|1/1|c.463A>G|p.Arg155Gly|463/1293|463/1293|155/430||,G|upstream_gene_variant|MODIFIER|YPL171C|YPL171C|transcript|TRANSCRIPT_YPL171C|protein_coding||c.-4308T>C|||||4308|,G|upstream_gene_variant|MODIFIER|YPL169C|YPL169C|transcript|TRANSCRIPT_YPL169C|protein_coding||c.-841T>C|||||841|,G|downstream_gene_variant|MODIFIER|YPL170W|YPL170W|transcript|TRANSCRIPT_YPL170W|protein_coding||c.*2907A>G|||||2907|,G|downstream_gene_variant|MODIFIER|YPL167C|YPL167C|transcript|TRANSCRIPT_YPL167C|protein_coding||c.*914T>C|||||914|	GT:AD:DP:GQ:PL	70_0.0;1410_0.0;2640_0.0;5150_0.0;7530_1.0;10150_1.0	1.0	20,0	22,0	15,0	15,0	0,5	0,22
chrXVI 235988 G -> A A|missense_variant|YPL167C||REV3|Catalytic subunit of DNA polymerase zeta	chrXVI	235988	.	G	A	1044.59	A|missense_variant|YPL167C||REV3|Catalytic subunit of DNA polymerase zeta	.	AC=6;AF=5.576e-03;AN=1076;BaseQRankSum=-1.890e-01;DP=11043;ExcessHet=0.0001;FS=3.822;InbreedingCoeff=0.4213;MLEAC=5;MLEAF=4.647e-03;MQ=60.00;MQRankSum=0.00;QD=18.99;ReadPosRankSum=1.03;SOR=0.883;ANN=A|missense_variant|MODERATE|YPL167C|YPL167C|transcript|TRANSCRIPT_YPL167C|protein_coding|1/1|c.1103C>T|p.Pro368Leu|1103/4515|1103/4515|368/1504||,A|upstream_gene_variant|MODIFIER|YPL166W|YPL166W|transcript|TRANSCRIPT_YPL166W|protein_coding||c.-1333G>A|||||1333|,A|downstream_gene_variant|MODIFIER|YPL168W|YPL168W|transcript|TRANSCRIPT_YPL168W|protein_coding||c.*3496G>A|||||3496|,A|downstream_gene_variant|MODIFIER|YPL165C|YPL165C|transcript|TRANSCRIPT_YPL165C|protein_coding||c.*1951C>T|||||1951|,A|downstream_gene_variant|MODIFIER|YPL164C|YPL164C|transcript|TRANSCRIPT_YPL164C|protein_coding||c.*3345C>T|||||3345|	GT:AD:DP:GQ:PL	70_0.0;1410_0.0;2640_0.14285714285714285;5150_0.875;7530_1.0;10150_1.0	1.0	16,0	13,0	18,3	2,14	0,5	0,13
chrXVI 302317 C -> A A|missense_variant|YPL132W||COX11|Protein required for delivery of copper to Cox1p	chrXVI	302317	.	C	A	1813.15	A|missense_variant|YPL132W||COX11|Protein required for delivery of copper to Cox1p	.	AC=8;AF=7.449e-03;AN=1074;BaseQRankSum=-3.750e-01;DP=10936;ExcessHet=0.0000;FS=0.000;InbreedingCoeff=0.6663;MLEAC=7;MLEAF=6.518e-03;MQ=60.00;MQRankSum=0.00;QD=33.58;ReadPosRankSum=0.348;SOR=0.271;ANN=A|missense_variant|MODERATE|YPL132W|YPL132W|transcript|TRANSCRIPT_YPL132W|protein_coding|1/1|c.619C>A|p.Gln207Lys|619/903|619/903|207/300||,A|upstream_gene_variant|MODIFIER|YPL135C-A|YPL135C-A|transcript|TRANSCRIPT_YPL135C-A|protein_coding||c.-4483G>T|||||4483|,A|upstream_gene_variant|MODIFIER|YPL134C|YPL134C|transcript|TRANSCRIPT_YPL134C|protein_coding||c.-2831G>T|||||2831|,A|upstream_gene_variant|MODIFIER|YPL133C|YPL133C|transcript|TRANSCRIPT_YPL133C|protein_coding||c.-1106G>T|||||1106|,A|upstream_gene_variant|MODIFIER|YPL131W|YPL131W|transcript|TRANSCRIPT_YPL131W|protein_coding||c.-787C>A|||||787|,A|upstream_gene_variant|MODIFIER|YPL130W|YPL130W|transcript|TRANSCRIPT_YPL130W|protein_coding||c.-2053C>A|||||2053|,A|upstream_gene_variant|MODIFIER|YPL129W|YPL129W|transcript|TRANSCRIPT_YPL129W|protein_coding||c.-2964C>A|||||2964|,A|downstream_gene_variant|MODIFIER|YPL135W|YPL135W|transcript|TRANSCRIPT_YPL135W|protein_coding||c.*4284C>A|||||4284|,A|downstream_gene_variant|MODIFIER|YPL128C|YPL128C|transcript|TRANSCRIPT_YPL128C|protein_coding||c.*4199G>T|||||4199|	GT:AD:DP:GQ:PL	70_0.0;1410_0.0;2640_0.95;5150_1.0;7530_1.0;10150_1.0	1.0	15,0	24,0	1,19	0,12	0,10	0,12
chrXVI 403970 C -> G G|missense_variant|YPL082C||MOT1|Essential protein involved in regulation of transcription	chrXVI	403970	.	C	G	2101.31	G|missense_variant|YPL082C||MOT1|Essential protein involved in regulation of transcription	.	AC=10;AF=9.311e-03;AN=1074;DP=9309;ExcessHet=0.0000;FS=0.000;InbreedingCoeff=0.6397;MLEAC=9;MLEAF=8.380e-03;MQ=60.00;QD=34.45;SOR=1.850;ANN=G|missense_variant|MODERATE|YPL082C|YPL082C|transcript|TRANSCRIPT_YPL082C|protein_coding|1/1|c.97G>C|p.Asp33His|97/5604|97/5604|33/1867||,G|upstream_gene_variant|MODIFIER|YPL081W|YPL081W|transcript|TRANSCRIPT_YPL081W|protein_coding||c.-963C>G|||||963|,G|upstream_gene_variant|MODIFIER|YPL079W|YPL079W|transcript|TRANSCRIPT_YPL079W|protein_coding||c.-2649C>G|||||2649|,G|downstream_gene_variant|MODIFIER|YPL080C|YPL080C|transcript|TRANSCRIPT_YPL080C|protein_coding||c.*2185G>C|||||2185|,G|downstream_gene_variant|MODIFIER|YPL078C|YPL078C|transcript|TRANSCRIPT_YPL078C|protein_coding||c.*4023G>C|||||4023|	GT:AD:DP:GQ:PL	70_0.0;1410_1.0;2640_1.0;5150_1.0;10150_1.0	1.0	19,0	0,13	0,16	0,15	0,4	0,13
chrXVI 405005 T -> G G|intron_variant|YPL081W||RPS9A|Protein component of the small (40S) ribosomal subunit	chrXVI	405005	.	T	G	266.65	G|intron_variant|YPL081W||RPS9A|Protein component of the small (40S) ribosomal subunit	.	AC=2;AF=1.862e-03;AN=1074;DP=10256;ExcessHet=0.0020;FS=0.000;InbreedingCoeff=0.4049;MLEAC=1;MLEAF=9.311e-04;MQ=60.00;QD=33.33;SOR=1.179;ANN=G|upstream_gene_variant|MODIFIER|YPL082C|YPL082C|transcript|TRANSCRIPT_YPL082C|protein_coding||c.-939A>C|||||939|,G|upstream_gene_variant|MODIFIER|YPL079W|YPL079W|transcript|TRANSCRIPT_YPL079W|protein_coding||c.-1614T>G|||||1614|,G|downstream_gene_variant|MODIFIER|YPL080C|YPL080C|transcript|TRANSCRIPT_YPL080C|protein_coding||c.*1150A>C|||||1150|,G|downstream_gene_variant|MODIFIER|YPL078C|YPL078C|transcript|TRANSCRIPT_YPL078C|protein_coding||c.*2988A>C|||||2988|,G|downstream_gene_variant|MODIFIER|YPL077C|YPL077C|transcript|TRANSCRIPT_YPL077C|protein_coding||c.*4346A>C|||||4346|,G|intron_variant|MODIFIER|YPL081W|YPL081W|transcript|TRANSCRIPT_YPL081W|protein_coding|1/1|c.7+66T>G||||||	GT:AD:DP:GQ:PL	70_0.0;1410_0.0;2640_0.0;5150_0.0;10150_1.0	1.0	16,0	23,0	18,0	13,0	1,0	0,8
chrXVI 474463 T -> G G|missense_variant|YPL042C||SSN3|Cyclin-dependent protein kinase	chrXVI	474463	.	T	G	764.97	G|missense_variant|YPL042C||SSN3|Cyclin-dependent protein kinase	.	AC=5;AF=4.638e-03;AN=1078;BaseQRankSum=-1.570e-01;DP=8709;ExcessHet=0.0000;FS=0.000;InbreedingCoeff=0.3421;MLEAC=4;MLEAF=3.711e-03;MQ=60.00;MQRankSum=0.00;QD=33.26;ReadPosRankSum=-8.870e-01;SOR=0.223;ANN=G|missense_variant|MODERATE|YPL042C|YPL042C|transcript|TRANSCRIPT_YPL042C|protein_coding|1/1|c.228A>C|p.Glu76Asp|228/1668|228/1668|76/555||,G|upstream_gene_variant|MODIFIER|YPL044C|YPL044C|transcript|TRANSCRIPT_YPL044C|protein_coding||c.-4006A>C|||||4006|,G|upstream_gene_variant|MODIFIER|YPL039W|YPL039W|transcript|TRANSCRIPT_YPL039W|protein_coding||c.-4745T>G|||||4745|,G|downstream_gene_variant|MODIFIER|YPL045W|YPL045W|transcript|TRANSCRIPT_YPL045W|protein_coding||c.*4824T>G|||||4824|,G|downstream_gene_variant|MODIFIER|YPL043W|YPL043W|transcript|TRANSCRIPT_YPL043W|protein_coding||c.*2484T>G|||||2484|,G|downstream_gene_variant|MODIFIER|YPL041C|YPL041C|transcript|TRANSCRIPT_YPL041C|protein_coding||c.*638A>C|||||638|,G|downstream_gene_variant|MODIFIER|YPL040C|YPL040C|transcript|TRANSCRIPT_YPL040C|protein_coding||c.*1513A>C|||||1513|	GT:AD:DP:GQ:PL	70_0.0;1410_0.0;2640_0.0;5150_0.875;10150_1.0	1.0	9,0	22,0	14,0	1,7	0,4	0,11
chrXVI 483021 C -> G G|stop_gained|YPL036W||PMA2|Plasma membrane H+-ATPase	chrXVI	483021	.	C	G	362.54	G|stop_gained|YPL036W||PMA2|Plasma membrane H+-ATPase	.	AC=4;AF=3.724e-03;AN=1074;DP=10442;ExcessHet=0.0000;FS=0.000;InbreedingCoeff=0.4912;MLEAC=2;MLEAF=1.862e-03;MQ=60.00;QD=30.21;SOR=1.981;ANN=G|stop_gained|HIGH|YPL036W|YPL036W|transcript|TRANSCRIPT_YPL036W|protein_coding|1/1|c.197C>G|p.Ser66*|197/2844|197/2844|66/947||,G|upstream_gene_variant|MODIFIER|YPL040C|YPL040C|transcript|TRANSCRIPT_YPL040C|protein_coding||c.-4037G>C|||||4037|,G|upstream_gene_variant|MODIFIER|YPL037C|YPL037C|transcript|TRANSCRIPT_YPL037C|protein_coding||c.-1138G>C|||||1138|,G|upstream_gene_variant|MODIFIER|YPL034W|YPL034W|transcript|TRANSCRIPT_YPL034W|protein_coding||c.-3673C>G|||||3673|,G|downstream_gene_variant|MODIFIER|YPL039W|YPL039W|transcript|TRANSCRIPT_YPL039W|protein_coding||c.*2863C>G|||||2863|,G|downstream_gene_variant|MODIFIER|YPL038W-A|YPL038W-A|transcript|TRANSCRIPT_YPL038W-A|protein_coding||c.*2665C>G|||||2665|,G|downstream_gene_variant|MODIFIER|YPL038W|YPL038W|transcript|TRANSCRIPT_YPL038W|protein_coding||c.*1970C>G|||||1970|,G|downstream_gene_variant|MODIFIER|YPL035C|YPL035C|transcript|TRANSCRIPT_YPL035C|protein_coding||c.*3525G>C|||||3525|,G|downstream_gene_variant|MODIFIER|YPL033C|YPL033C|transcript|TRANSCRIPT_YPL033C|protein_coding||c.*4323G>C|||||4323|	GT:AD:DP:GQ:PL	70_0.0;1410_0.0;2640_0.0;5150_0.0;7530_1.0;10150_1.0	1.0	22,0	14,0	19,0	19,0	0,7	0,5
chrXVI 575417 A -> T nan	chrXVI	575417	.	A	T	856.37		.	AC=5;AF=4.638e-03;AN=1078;BaseQRankSum=0.381;DP=11673;ExcessHet=0.0000;FS=0.000;InbreedingCoeff=0.4893;MLEAC=4;MLEAF=3.711e-03;MQ=60.00;MQRankSum=0.00;QD=26.76;ReadPosRankSum=-1.304e+00;SOR=1.179;ANN=T|upstream_gene_variant|MODIFIER|YPR007C|YPR007C|transcript|TRANSCRIPT_YPR007C|protein_coding||c.-4057T>A|||||4057|,T|upstream_gene_variant|MODIFIER|YPR009W|YPR009W|transcript|TRANSCRIPT_YPR009W|protein_coding||c.-1117A>T|||||1117|,T|downstream_gene_variant|MODIFIER|YPR008W|YPR008W|transcript|TRANSCRIPT_YPR008W|protein_coding||c.*333A>T|||||333|,T|downstream_gene_variant|MODIFIER|YPR010C|YPR010C|transcript|TRANSCRIPT_YPR010C|protein_coding||c.*2150T>A|||||2150|,T|intergenic_region|MODIFIER|YPR008W-YPR009W|YPR008W-YPR009W|intergenic_region|YPR008W-YPR009W|||n.575417A>T||||||	GT:AD:DP:GQ:PL	70_0.0;1410_0.0;2640_0.0;5150_0.7647058823529411;10150_1.0	1.0	17,0	15,0	20,0	4,13	0,2	0,13
chrXVI 640097 G -> A A|synonymous_variant|YPR034W||ARP7|Component of both the SWI/SNF and RSC chromatin remodeling complexes	chrXVI	640097	.	G	A	259.73	A|synonymous_variant|YPR034W||ARP7|Component of both the SWI/SNF and RSC chromatin remodeling complexes	.	AC=4;AF=3.717e-03;AN=1076;DP=9008;ExcessHet=0.0000;FS=0.000;InbreedingCoeff=0.3906;MLEAC=2;MLEAF=1.859e-03;MQ=60.00;QD=28.86;SOR=0.892;ANN=A|synonymous_variant|LOW|YPR034W|YPR034W|transcript|TRANSCRIPT_YPR034W|protein_coding|1/1|c.591G>A|p.Leu197Leu|591/1434|591/1434|197/477||,A|upstream_gene_variant|MODIFIER|YPR033C|YPR033C|transcript|TRANSCRIPT_YPR033C|protein_coding||c.-1096C>T|||||1096|,A|upstream_gene_variant|MODIFIER|YPR035W|YPR035W|transcript|TRANSCRIPT_YPR035W|protein_coding||c.-2093G>A|||||2093|,A|upstream_gene_variant|MODIFIER|YPR036W|YPR036W|transcript|TRANSCRIPT_YPR036W|protein_coding||c.-3721G>A|||||3721|,A|downstream_gene_variant|MODIFIER|YPR032W|YPR032W|transcript|TRANSCRIPT_YPR032W|protein_coding||c.*2891G>A|||||2891|	GT:AD:DP:GQ:PL	70_0.0;1410_0.0;2640_0.0;5150_0.0;10150_1.0	1.0	13,0	19,0	13,0	15,0	0,4	0,5
chrXVI 721144 C -> T T|missense_variant|YPR095C||SYT1|Guanine nucleotide exchange factor (GEF) for Arf proteins	chrXVI	721144	.	C	T	2285.42	T|missense_variant|YPR095C||SYT1|Guanine nucleotide exchange factor (GEF) for Arf proteins	.	AC=7;AF=6.506e-03;AN=1076;BaseQRankSum=2.43;DP=12203;ExcessHet=0.0000;FS=1.667;InbreedingCoeff=0.5827;MLEAC=6;MLEAF=5.576e-03;MQ=60.00;MQRankSum=0.00;QD=30.88;ReadPosRankSum=1.56;SOR=1.179;ANN=T|missense_variant|MODERATE|YPR095C|YPR095C|transcript|TRANSCRIPT_YPR095C|protein_coding|1/1|c.3556G>A|p.Glu1186Lys|3556/3681|3556/3681|1186/1226||,T|upstream_gene_variant|MODIFIER|YPR091C|YPR091C|transcript|TRANSCRIPT_YPR091C|protein_coding||c.-2694G>A|||||2694|,T|upstream_gene_variant|MODIFIER|YPR093C|YPR093C|transcript|TRANSCRIPT_YPR093C|protein_coding||c.-738G>A|||||738|,T|upstream_gene_variant|MODIFIER|YPR097W|YPR097W|transcript|TRANSCRIPT_YPR097W|protein_coding||c.-4232C>T|||||4232|,T|downstream_gene_variant|MODIFIER|YPR092W|YPR092W|transcript|TRANSCRIPT_YPR092W|protein_coding||c.*2478C>T|||||2478|,T|downstream_gene_variant|MODIFIER|YPR094W|YPR094W|transcript|TRANSCRIPT_YPR094W|protein_coding||c.*202C>T|||||202|,T|downstream_gene_variant|MODIFIER|YPR096C|YPR096C|transcript|TRANSCRIPT_YPR096C|protein_coding||c.*3680G>A|||||3680|	GT:AD:DP:GQ:PL	70_0.0;1410_0.0;2640_0.7142857142857143;5150_1.0;7530_1.0;10150_1.0	1.0	20,0	17,0	6,15	0,26	0,8	0,19
chrXVI 766425 T -> G G|missense_variant|YPR117W||nan|Putative protein of unknown function	chrXVI	766425	.	T	G	824.29	G|missense_variant|YPR117W||nan|Putative protein of unknown function	.	AC=6;AF=5.566e-03;AN=1078;DP=10870;ExcessHet=0.0000;FS=0.000;InbreedingCoeff=0.5399;MLEAC=4;MLEAF=3.711e-03;MQ=60.00;QD=34.35;SOR=2.925;ANN=G|missense_variant|MODERATE|YPR117W|YPR117W|transcript|TRANSCRIPT_YPR117W|protein_coding|1/1|c.6419T>G|p.Val2140Gly|6419/7470|6419/7470|2140/2489||,G|upstream_gene_variant|MODIFIER|YPR118W|YPR118W|transcript|TRANSCRIPT_YPR118W|protein_coding||c.-1309T>G|||||1309|	GT:AD:DP:GQ:PL	70_0.0;1410_0.0;2640_0.0;5150_1.0;10150_1.0	1.0	13,0	17,0	16,0	0,15	0,2	0,7
chrXVI 769816 C -> T nan	chrXVI	769816	.	C	T	2544.87		.	AC=9;AF=8.349e-03;AN=1078;BaseQRankSum=-1.830e-01;DP=12740;ExcessHet=0.0000;FS=0.000;InbreedingCoeff=0.7057;MLEAC=8;MLEAF=7.421e-03;MQ=60.00;MQRankSum=0.00;QD=33.05;ReadPosRankSum=0.672;SOR=0.356;ANN=T|upstream_gene_variant|MODIFIER|YPR119W|YPR119W|transcript|TRANSCRIPT_YPR119W|protein_coding||c.-1819C>T|||||1819|,T|downstream_gene_variant|MODIFIER|YPR117W|YPR117W|transcript|TRANSCRIPT_YPR117W|protein_coding||c.*2340C>T|||||2340|,T|downstream_gene_variant|MODIFIER|YPR118W|YPR118W|transcript|TRANSCRIPT_YPR118W|protein_coding||c.*847C>T|||||847|,T|downstream_gene_variant|MODIFIER|YPR120C|YPR120C|transcript|TRANSCRIPT_YPR120C|protein_coding||c.*4041G>A|||||4041|,T|intergenic_region|MODIFIER|YPR118W-YPR119W|YPR118W-YPR119W|intergenic_region|YPR118W-YPR119W|||n.769816C>T||||||	GT:AD:DP:GQ:PL	70_0.0;1410_0.8823529411764706;2640_1.0;5150_1.0;7530_1.0;10150_1.0	1.0	18,0	2,15	0,24	0,19	0,7	0,10
chrXVI 842270 G -> C C|missense_variant|YPR157W||TDA6|Putative protein of unknown function	chrXVI	842270	.	G	C	2634.0	C|missense_variant|YPR157W||TDA6|Putative protein of unknown function	.	AC=10;AF=9.294e-03;AN=1076;DP=10250;ExcessHet=0.0000;FS=0.000;InbreedingCoeff=0.6869;MLEAC=9;MLEAF=8.364e-03;MQ=60.00;QD=24.84;SOR=0.836;ANN=C|missense_variant|MODERATE|YPR157W|YPR157W|transcript|TRANSCRIPT_YPR157W|protein_coding|1/1|c.1023G>C|p.Glu341Asp|1023/1404|1023/1404|341/467||,C|upstream_gene_variant|MODIFIER|YPR155C|YPR155C|transcript|TRANSCRIPT_YPR155C|protein_coding||c.-4875C>G|||||4875|,C|upstream_gene_variant|MODIFIER|YPR156C|YPR156C|transcript|TRANSCRIPT_YPR156C|protein_coding||c.-2511C>G|||||2511|,C|upstream_gene_variant|MODIFIER|YPR158W|YPR158W|transcript|TRANSCRIPT_YPR158W|protein_coding||c.-974G>C|||||974|,C|upstream_gene_variant|MODIFIER|CDS_XVI_844691_846013|GENE_CDS_XVI_844691_846013|transcript|YPR158W-A|protein_coding||c.-2421G>C|||||2421|,C|upstream_gene_variant|MODIFIER|CDS_XVI_844691_845995|GENE_CDS_XVI_844691_845995|transcript|YPR158W-B|protein_coding||c.-2421G>C|||||2421|	GT:AD:DP:GQ:PL	70_0.0;1410_1.0;2640_1.0;5150_1.0;10150_1.0	1.0	17,0	0,15	0,19	0,27	0,3	0,9
chrXVI 890547 G -> T T|missense_variant|YPR175W||DPB2|Second largest subunit of DNA polymerase II (DNA polymerase epsilon)	chrXVI	890547	.	G	T	529.73	T|missense_variant|YPR175W||DPB2|Second largest subunit of DNA polymerase II (DNA polymerase epsilon)	.	AC=4;AF=3.717e-03;AN=1076;BaseQRankSum=-2.052e+00;DP=10813;ExcessHet=0.0000;FS=3.325;InbreedingCoeff=0.4382;MLEAC=3;MLEAF=2.788e-03;MQ=60.00;MQRankSum=0.00;QD=33.11;ReadPosRankSum=1.19;SOR=0.269;ANN=T|missense_variant|MODERATE|YPR175W|YPR175W|transcript|TRANSCRIPT_YPR175W|protein_coding|1/1|c.1592G>T|p.Arg531Ile|1592/2070|1592/2070|531/689||,T|upstream_gene_variant|MODIFIER|YPR173C|YPR173C|transcript|TRANSCRIPT_YPR173C|protein_coding||c.-2728C>A|||||2728|,T|upstream_gene_variant|MODIFIER|YPR174C|YPR174C|transcript|TRANSCRIPT_YPR174C|protein_coding||c.-1857C>A|||||1857|,T|upstream_gene_variant|MODIFIER|YPR178W|YPR178W|transcript|TRANSCRIPT_YPR178W|protein_coding||c.-1767G>T|||||1767|,T|downstream_gene_variant|MODIFIER|YPR172W|YPR172W|transcript|TRANSCRIPT_YPR172W|protein_coding||c.*4167G>T|||||4167|,T|downstream_gene_variant|MODIFIER|YPR176C|YPR176C|transcript|TRANSCRIPT_YPR176C|protein_coding||c.*536C>A|||||536|,T|downstream_gene_variant|MODIFIER|YPR177C|YPR177C|transcript|TRANSCRIPT_YPR177C|protein_coding||c.*1748C>A|||||1748|,T|downstream_gene_variant|MODIFIER|YPR179C|YPR179C|transcript|TRANSCRIPT_YPR179C|protein_coding||c.*3232C>A|||||3232|	GT:AD:DP:GQ:PGT:PID:PL:PS	70_0.0;1410_0.0;2640_0.0;5150_0.0;7530_1.0;10150_1.0	1.0	21,0	22,0	11,0	17,0	0,5	0,11
chrXVI 892852 C -> G G|missense_variant|YPR178W||PRP4|Splicing factor	chrXVI	892852	.	C	G	1806.86	G|missense_variant|YPR178W||PRP4|Splicing factor	.	AC=7;AF=6.506e-03;AN=1076;BaseQRankSum=-5.260e-01;DP=10225;ExcessHet=0.0000;FS=5.153;InbreedingCoeff=0.5389;MLEAC=6;MLEAF=5.576e-03;MQ=60.00;MQRankSum=0.00;QD=32.85;ReadPosRankSum=0.514;SOR=0.804;ANN=G|missense_variant|MODERATE|YPR178W|YPR178W|transcript|TRANSCRIPT_YPR178W|protein_coding|1/1|c.539C>G|p.Ala180Gly|539/1398|539/1398|180/465||,G|upstream_gene_variant|MODIFIER|YPR174C|YPR174C|transcript|TRANSCRIPT_YPR174C|protein_coding||c.-4162G>C|||||4162|,G|upstream_gene_variant|MODIFIER|YPR176C|YPR176C|transcript|TRANSCRIPT_YPR176C|protein_coding||c.-792G>C|||||792|,G|upstream_gene_variant|MODIFIER|YPR177C|YPR177C|transcript|TRANSCRIPT_YPR177C|protein_coding||c.-186G>C|||||186|,G|upstream_gene_variant|MODIFIER|YPR180W|YPR180W|transcript|TRANSCRIPT_YPR180W|protein_coding||c.-3091C>G|||||3091|,G|downstream_gene_variant|MODIFIER|YPR175W|YPR175W|transcript|TRANSCRIPT_YPR175W|protein_coding||c.*1827C>G|||||1827|,G|downstream_gene_variant|MODIFIER|YPR179C|YPR179C|transcript|TRANSCRIPT_YPR179C|protein_coding||c.*927G>C|||||927|,G|downstream_gene_variant|MODIFIER|YPR181C|YPR181C|transcript|TRANSCRIPT_YPR181C|protein_coding||c.*4491G>C|||||4491|	GT:AD:DP:GQ:PL	70_0.0;1410_0.0;2640_0.8518518518518519;5150_1.0;10150_1.0	1.0	18,0	16,0	4,23	0,17	0,2	0,9
